TotalEnvInteracts	AverageEpRet	MinEpRet	MaxEpRet	time	Averagemean_Q	Stdmean_Q	Maxmean_Q	Minmean_Q	Averageloss	Stdloss	Maxloss	Minloss
32000	488.48	108	1762	72.87	2.1434393	0.9363515	4.824871	0.7474939	0.35976222	0.24389309	1.8399428	0.058496155
64000	458.28	105	1037	148.97	5.8034654	1.3330315	10.330111	2.3944128	1.4734281	0.91750824	7.69109	0.26990026
96000	414.49	105	1177	225.5	9.359643	1.5113003	13.714127	4.772465	3.1807475	1.7262852	12.530772	0.6458339
128000	464.57	111	991	302.58	12.816317	1.6945999	18.193024	8.085021	4.8018746	2.4747324	16.018717	0.88143396
160000	374.06	111	1098	380.15	16.12029	1.6809555	20.796846	9.640572	6.5720625	3.405209	31.513317	1.2809427
192000	436.57	111	1222	457.74	19.04118	1.6232866	24.980991	13.614281	6.8977256	3.8751333	29.570835	1.3378954
224000	346.35	113	1084	535.28	21.23262	1.579134	26.66072	15.921715	7.8970065	4.4688883	29.287674	1.4258008
256000	395.02	111	1220	612.68	23.66482	1.609706	28.902966	18.59187	8.3610525	4.968122	37.605274	1.5732532
288000	536.59	120	1231	690.26	25.958357	1.5548414	31.412474	20.988052	8.032915	4.803671	35.892803	1.8916168
320000	421.11	120	1051	768.5	28.326159	1.4087416	32.65634	23.71819	7.748371	4.662931	32.228477	1.5296996
352000	370.41	120	1027	847.42	30.041836	1.2491189	33.44502	26.163284	6.8559055	3.7892175	26.637835	1.4987196
384000	568.87	111	1213	925.35	31.184687	1.2692274	34.939957	27.266254	5.9722958	3.6017458	31.584766	1.1609623
416000	624.18	120	1198	1002.87	31.711702	1.2339256	35.429146	27.859844	5.5790243	3.6175902	30.094507	1.1059396
448000	602.54	120	852	1079.78	31.798737	1.3341261	35.57399	26.577457	5.353036	3.5843303	30.621935	0.85998654
480000	638.56	120	1206	1155.97	31.272326	1.5795877	35.76983	25.216461	4.402463	3.2846358	35.993084	0.77958
512000	679.25	120	1213	1234.34	30.807201	1.601671	35.721214	25.285566	3.8836834	2.7722738	28.496405	0.7127795
544000	763.51	120	1590	1311.5	31.225845	1.5407984	36.80912	26.099823	3.4139404	2.5763698	27.425676	0.48016453
576000	733.04	120	1793	1389.9	31.794651	1.6168762	36.48185	27.14664	3.2381468	2.3304722	17.842579	0.3971474
608000	671.85	120	885	1468.72	32.585236	1.4510473	37.267235	27.345327	3.2433567	2.709749	20.621992	0.44377744
640000	721.92	120	1221	1547.11	33.19921	1.4972597	37.595016	28.81578	3.8190374	3.2423618	19.515022	0.4197836
672000	724.77	120	1089	1624.96	33.216206	1.4780848	38.189987	28.569592	4.6819644	4.004086	29.019125	0.40474325
704000	746.17	120	1211	1701.09	32.678703	1.5682485	37.416702	27.676807	5.084423	4.3453164	26.129442	0.53617597
736000	749.74	391	1101	1776.71	31.334238	1.529915	35.840965	25.803574	5.01881	4.537833	22.497635	0.39341488
768000	778.46	120	1213	1852.27	30.54646	1.5473783	36.923965	25.267183	4.301403	4.328725	28.25959	0.40499175
800000	817.96	120	1207	1928.22	31.131737	1.8612604	36.944057	25.406876	4.399754	4.420768	30.03997	0.5093309
832000	769.56	120	851	2003.52	32.09213	1.924783	38.804718	25.820097	4.2109513	4.1106234	31.256443	0.45287544
864000	772.0	120	1208	2079.26	33.30138	1.8964664	39.39104	27.057173	3.769461	3.698271	27.729961	0.54253703
896000	831.2	120	1210	2154.95	34.32829	2.0740674	40.629944	27.836456	3.829671	3.7452917	22.412844	0.42115062
928000	863.22	120	1790	2230.19	35.48	1.9634547	41.66934	29.416521	3.8793354	4.381877	44.03205	0.54561794
960000	710.79	120	1212	2305.95	35.689747	2.0906587	42.62742	28.68269	4.2036366	4.371205	34.14261	0.5044011
992000	839.35	120	1220	2381.42	34.399525	2.3451424	41.325726	27.629984	4.078744	3.8760927	25.263218	0.47443184
1024000	781.33	120	1401	2456.79	32.248966	2.314235	39.526432	23.91745	4.716905	4.9642386	39.669262	0.5627435
1056000	752.69	-101	1183	2532.33	30.455242	2.3332052	37.689903	22.024363	4.740656	4.577895	30.679499	0.5616709
1088000	771.75	320	1212	2607.58	27.917387	2.4516346	35.7247	20.205658	4.792919	5.124906	36.48233	0.5018679
1120000	845.41	120	1621	2683.75	26.67987	2.3573558	34.042313	18.108814	5.0862403	6.377116	45.907482	0.39169914
1152000	768.44	120	1688	2759.76	25.756033	2.2838552	33.19494	18.10598	4.841786	6.08508	41.632904	0.4992758
1184000	776.83	120	1231	2835.28	26.910614	2.4972763	35.908974	19.823002	5.5179324	7.3669634	58.43549	0.53855646
1216000	850.89	120	1804	2911.06	29.033754	2.3502557	36.467625	22.165028	5.496962	6.664332	50.14708	0.49612737
1248000	865.56	407	1436	2986.34	30.826063	2.2953808	38.497635	22.562489	5.4653525	6.015217	54.462112	0.44338512
1280000	797.82	120	1436	3061.82	30.409801	2.4727378	37.940098	21.666985	4.8655076	5.3654327	46.757355	0.6790752
1312000	684.86	395	856	3137.83	28.157902	2.5208428	36.004486	20.844078	3.9197443	4.415623	38.273018	0.6175371
1344000	741.75	407	1207	3213.6	28.65684	2.6579947	36.544144	20.396606	4.0621676	4.764566	34.735306	0.3907596
1376000	753.74	120	1210	3288.58	29.140823	2.7402978	36.791008	20.280354	4.0968537	5.297612	44.777237	0.44511542
1408000	816.05	406	1601	3363.37	28.55972	2.7528644	37.023697	19.213432	4.4409447	5.447994	58.824036	0.4274836
1440000	801.25	120	1201	3438.38	26.989122	2.8045926	37.46344	17.252333	3.6343403	4.301936	27.355656	0.4119292
1472000	736.32	120	1034	3514.39	26.81177	2.9892244	36.579865	18.286804	2.956972	3.3935606	30.87672	0.34876317
1504000	737.2	120	1213	3588.88	29.015867	3.182861	39.054413	17.72777	2.930683	3.1633062	22.635262	0.34271896
1536000	764.23	120	1138	3663.83	31.924559	2.7948642	40.26076	23.91832	3.146478	3.4549673	23.341825	0.37554225
1568000	743.87	120	1210	3739.79	34.372322	2.6644745	42.6476	24.588428	3.0331562	3.9990158	27.345734	0.35197836
1600000	818.18	120	2146	3815.35	37.34381	2.3681586	44.49787	28.911623	2.7835507	3.5871189	24.67503	0.30241042
1632000	798.34	120	1038	3890.9	38.247818	2.2522848	44.938267	31.500076	2.2458944	3.226925	26.894335	0.27439895
1664000	775.66	120	1038	3966.04	38.884815	2.3022804	45.930927	32.073563	2.0037324	3.048003	28.6782	0.22115731
1696000	790.91	120	1031	4041.19	39.60664	2.2965906	47.27932	32.6446	1.8127116	3.0525649	37.074078	0.1768795
1728000	826.14	120	1219	4116.71	40.647358	2.38695	48.447144	32.120598	1.8527958	2.6428604	37.186375	0.2022847
1760000	745.11	120	1228	4192.19	41.871086	2.3076146	50.047523	33.76654	1.9422783	2.5020452	20.272367	0.17989004
1792000	817.33	120	1468	4267.72	40.397617	2.3948889	46.718525	33.110146	2.0518668	2.603258	30.7349	0.22130783
1824000	817.22	120	1437	4343.35	37.75474	2.5036387	45.55281	29.01112	2.0224314	2.2980914	26.48123	0.32629898
1856000	854.67	120	1436	4418.5	34.496655	2.7029884	43.74032	27.082596	2.3212547	2.7953625	22.633278	0.3136311
1888000	827.41	120	1810	4493.71	32.063572	2.760364	40.607307	23.212803	2.5323303	3.2723756	25.933218	0.27742714
1920000	782.2	309	1717	4569.04	30.162416	2.9492214	40.913315	20.910198	2.7460668	4.4224625	57.450977	0.32323682
1952000	912.36	120	1826	4645.04	29.108189	2.8562016	37.767784	20.53474	3.2288744	4.7719073	29.577053	0.29583082
1984000	774.01	120	1520	4720.32	28.852453	3.0719016	39.804146	19.620663	3.4446702	5.177648	52.904957	0.39364845
2016000	774.92	120	1809	4795.37	30.497335	3.2545376	40.113636	19.961498	3.829057	5.115911	37.735004	0.48181868
2048000	816.08	194	1522	4870.96	33.817333	3.120376	44.07056	23.153439	3.8334675	5.383627	38.624035	0.4446345
2080000	790.25	-101	1516	4946.65	35.073242	2.8731396	43.82128	26.552956	4.031862	5.4807096	52.818356	0.36459523
2112000	809.53	120	1725	5022.49	35.301632	2.8677995	43.822296	25.250952	3.5199187	4.0694447	40.64781	0.43421298
2144000	818.14	397	2000	5097.59	35.73872	2.832327	45.614944	27.362062	4.27579	4.8739204	40.361572	0.5082728
2176000	888.54	120	1973	5172.95	34.00019	3.1232598	44.51895	23.548275	4.5180917	5.604198	44.903923	0.5108949
2208000	903.41	588	1828	5248.31	31.257433	3.2347903	42.36635	21.485548	4.7776265	5.9322715	54.057392	0.42127708
2240000	792.47	120	1760	5323.04	28.124275	3.4189765	39.79042	17.37072	4.26429	4.9078717	33.23361	0.44774646
2272000	856.65	569	1804	5398.26	31.337809	3.7504232	43.416267	19.607533	4.607075	6.629126	52.538586	0.5297619
2304000	857.83	120	1834	5473.34	35.37375	3.246468	45.636272	24.231476	5.258998	9.43494	67.19182	0.58300406
2336000	933.83	120	1834	5548.24	37.552975	2.9007466	46.333946	28.215351	6.118161	10.583365	78.16588	0.56084126
2368000	845.06	120	1822	5623.61	38.762	2.8277824	47.505066	30.16814	5.4437933	7.904512	57.896065	0.69156194
2400000	912.95	399	1831	5698.38	39.573833	2.5335917	47.173714	32.331078	5.869721	7.76259	64.911385	0.77348435
2432000	924.16	120	1834	5773.25	40.8934	2.5775638	48.286034	30.733938	5.0715656	6.150735	53.129055	0.6437305
2464000	1038.88	589	1836	5848.63	40.73091	2.496069	48.651573	33.37731	4.437535	5.527139	58.80212	0.650074
2496000	902.04	738	1836	5923.73	41.24718	2.5156884	48.507534	32.748875	4.6811366	6.145058	49.805748	0.84136933
2528000	812.77	27	1834	5999.22	43.008537	2.3752801	51.13851	32.942337	4.358597	5.651899	49.933872	0.61072046
2560000	823.2	120	1717	6074.49	43.802296	2.496233	51.02524	36.090122	3.9939694	5.0297832	50.187378	0.6379421
2592000	892.83	120	1832	6149.65	42.993923	2.7172887	51.654343	32.442497	4.0321417	5.0032167	51.880444	0.59050155
2624000	978.06	631	1941	6225.35	41.921295	2.8539994	51.06134	32.567123	4.498577	5.241064	54.464485	0.7065326
2656000	796.11	-69	1821	6300.26	40.74078	2.7104108	49.035774	31.622059	4.1758547	4.4986954	40.92168	0.5216981
2688000	869.27	395	1836	6375.58	41.19947	2.6003728	49.718475	33.013218	4.7799287	5.1286416	52.173367	0.6220715
2720000	808.06	548	1827	6451.15	39.759907	2.572525	48.18406	32.082245	4.2354174	4.337556	43.739826	0.74137914
2752000	934.51	587	1881	6526.49	40.72916	2.4148645	49.10939	32.834175	4.1754227	4.653974	38.949097	0.56078666
2784000	866.94	120	1840	6601.31	40.486942	2.328384	48.98363	33.146713	4.539466	5.3925023	57.96962	0.5394163
2816000	923.26	589	1838	6677.3	42.11967	2.5592365	49.99826	32.27811	3.8480837	4.4196906	44.713367	0.5614191
2848000	840.97	727	1833	6752.91	42.642883	2.643315	50.973907	33.420235	3.5796258	4.7662582	45.847336	0.4767908
2880000	948.04	120	1836	6828.01	42.628857	2.7493873	51.1856	32.9252	2.9527187	4.211898	52.56067	0.426893
2912000	880.26	778	1826	6903.61	43.881596	2.6596017	51.321785	34.08187	3.0906157	4.2663364	52.24508	0.3786207
2944000	874.93	120	1976	6978.78	44.26539	2.713123	53.137497	35.095226	3.7097561	4.6637373	37.729927	0.4401666
2976000	935.76	120	1836	7054.34	45.285984	2.6960616	53.40265	36.41851	4.6221943	5.975002	61.13746	0.5542424
3008000	939.11	120	1834	7129.61	46.630424	2.4423606	52.807693	38.70717	5.231256	6.630203	68.009514	0.463889
3040000	809.77	120	1810	7205.01	47.661045	2.389005	55.021225	39.55481	5.115794	6.186859	54.8588	0.7755333
3072000	976.26	120	1825	7280.68	48.379616	2.3926563	56.258614	41.31078	5.0944395	7.2139735	54.35291	0.8137157
3104000	1086.44	120	2011	7356.28	48.79308	2.4233534	56.37926	41.265907	4.7385535	5.9768806	72.68834	0.6748589
3136000	1051.31	120	2105	7431.65	49.3009	2.2391133	57.358322	42.192474	4.8933024	5.9451876	72.35641	0.6625736
3168000	939.97	379	1836	7507.18	49.943718	2.232209	56.116333	43.01619	5.7556868	6.2520676	60.359444	0.6245237
3200000	1128.57	397	2011	7582.99	48.52306	2.4616015	56.953903	39.324806	6.0148363	6.5775695	64.3678	0.7108944
3232000	1002.66	120	2134	7658.06	46.359962	2.6500359	53.72435	36.644394	5.59505	5.7928205	56.23269	0.8392829
3264000	1030.42	120	2003	7733.47	45.45014	2.7389429	53.748497	37.069633	5.333538	5.768406	69.66257	0.92626137
3296000	1022.35	120	2012	7808.59	46.21962	2.9011579	54.1246	35.97631	5.1383963	5.1732883	66.02671	0.5725933
3328000	925.11	120	2166	7884.1	49.43229	2.763421	56.77246	40.16992	5.174246	5.3766904	71.76148	0.6358147
3360000	1040.78	389	2008	7959.35	50.925903	2.5508602	58.405403	42.90543	5.3759093	5.8142676	61.43976	0.838257
3392000	968.66	412	2024	8034.38	51.16071	2.7082767	58.99527	41.55201	4.9663906	4.322734	39.566895	0.95570564
3424000	932.53	397	2164	8110.26	51.400692	2.8016942	59.549805	38.518013	4.9590673	4.5803056	42.150665	0.7799823
3456000	827.74	194	1839	8185.37	51.705494	2.7924411	60.486443	43.565086	4.572151	4.5662956	53.93107	0.77748466
3488000	1284.39	194	2152	8261.32	52.794876	2.7295382	61.977047	44.80571	4.1979003	4.9241333	80.610466	0.460836
3520000	1083.09	120	2115	8337.03	52.421524	2.5954924	59.79949	44.267143	6.3249626	7.4813485	95.77368	0.7373699
3552000	1053.18	194	2189	8411.55	51.411694	2.6074066	60.19127	42.989685	7.4846663	7.3002014	72.12427	1.1318184
3584000	895.58	369	2003	8486.62	50.32919	2.7097402	58.49672	40.15782	7.7621975	7.542524	60.62725	1.2373447
3616000	825.17	120	1834	8561.33	48.799774	3.0530756	58.25653	36.920677	6.4062567	7.0317645	68.47194	0.8627667
3648000	1088.09	523	2126	8636.99	46.471107	3.3918195	56.21821	34.49527	4.260167	5.1807914	54.697372	0.38749126
3680000	1117.26	523	2342	8712.47	45.000874	3.717846	55.544567	34.363434	4.090303	4.481996	62.13519	0.59194833
3712000	1116.14	120	2335	8787.41	43.234158	3.6554122	53.65229	29.780197	4.7261295	6.4187727	88.81746	0.71536934
3744000	1350.42	392	2185	8862.83	43.33728	3.6200273	53.06945	31.232725	5.893752	6.4648695	49.919067	0.8406445
3776000	1376.0	120	2323	8938.65	45.08426	3.5545275	55.04568	34.153305	5.4656906	5.765095	47.615883	0.7968961
3808000	1379.98	397	2300	9014.63	48.880154	3.232821	57.05844	39.5756	5.102663	6.158341	54.06118	0.51178885
3840000	1536.55	397	2342	9089.79	52.06888	2.8307383	59.795155	42.708847	4.3830266	5.206198	68.01856	0.72348017
3872000	1407.76	120	2196	9165.87	52.47934	2.879927	61.48175	43.585045	4.340379	5.4558554	66.23187	0.48921752
3904000	1416.73	412	2187	9241.66	53.01429	3.1109314	62.394638	43.600784	4.635988	6.81718	89.324005	0.7114166
3936000	1147.16	120	2174	9316.67	55.45017	3.0376737	64.28771	46.093422	4.3913403	6.336509	83.78347	0.59192824
3968000	1350.37	120	2203	9392.45	58.65111	3.1254485	68.281235	49.209953	4.958119	7.029617	97.21834	0.6787181
4000000	1388.59	671	2219	9468.26	59.84488	3.063199	68.55902	48.54313	5.6014004	8.76404	136.2276	0.58365786
4032000	1283.01	412	2343	9543.82	60.592014	3.0366879	70.38443	47.842304	5.0012064	6.973658	84.943344	0.62486637
4064000	1512.19	120	2343	9619.38	62.138325	3.1289313	72.0748	50.77144	5.2063065	8.826582	100.72318	0.66884243
4096000	1524.17	412	2196	9695.08	62.484962	3.2578456	72.092545	52.236233	5.589455	9.164163	84.66995	0.6272633
4128000	1302.4	120	2184	9770.45	62.937202	3.2499998	73.03641	53.041683	5.7691436	9.566954	75.840576	0.6739487
4160000	1042.08	258	2198	9845.38	61.826317	3.5767221	72.24057	48.03756	6.5777273	9.806685	107.02723	0.72630584
4192000	1151.25	224	2185	9920.34	60.321884	3.7476745	71.68783	47.614826	8.439242	12.91083	125.91596	1.1297336
4224000	1540.73	120	2414	9995.18	59.601048	3.863847	70.5967	46.76746	7.70833	11.464503	106.23945	0.77415514
4256000	1035.51	523	2208	10070.78	59.567272	3.8573725	75.57575	46.716644	8.04418	11.442885	99.65688	1.2266979
4288000	1219.97	120	2197	10146.59	59.662716	3.7587447	70.757385	46.569588	5.4729767	6.9845757	84.87581	0.75248957
4320000	1176.57	120	2204	10222.1	58.404667	3.9538941	69.186966	42.439514	5.027628	5.9165945	62.716732	0.68295205
4352000	1258.56	412	2182	10297.57	57.626556	4.0887804	68.30819	43.21512	5.3141203	6.8440967	66.263245	0.6327033
4384000	1305.14	120	2186	10373.22	59.26593	3.8748822	70.48555	45.338074	6.659838	10.743068	93.80634	0.8566565
4416000	1157.5	120	2206	10448.65	62.47371	3.4481335	72.355515	50.751007	6.99153	11.475778	128.87984	0.88888943
4448000	1431.96	120	2189	10524.35	63.083305	3.110095	72.9361	51.988884	8.437636	11.337658	88.530205	0.77918935
4480000	1243.47	120	2347	10600.18	60.615353	3.5797436	71.44971	48.702515	8.343434	10.744926	83.83934	1.0353875
4512000	1031.07	412	2196	10675.51	57.502422	3.8159335	68.42901	43.057903	7.7646422	10.701931	79.4304	0.5922297
4544000	1278.88	397	2185	10750.82	56.86636	3.5079439	68.21873	42.506454	6.8941474	11.534745	114.09447	0.7603058
4576000	1490.62	397	2185	10825.87	58.895824	3.2739196	70.010925	47.366074	6.991413	12.173957	111.31733	0.6764482
4608000	1197.48	120	2208	10901.31	61.246063	2.760591	69.49417	49.66725	7.109087	11.760304	88.28597	0.53616434
4640000	1281.2	120	2335	10977.35	61.39392	2.8791213	70.05383	51.374393	7.544835	11.711253	101.900696	0.72904736
4672000	1256.66	120	2420	11052.8	60.833595	3.1360474	69.9622	49.8755	7.4928703	9.311121	103.744385	1.1388164
4704000	1058.31	120	2185	11127.77	59.94789	3.171277	67.954575	50.3488	6.655166	8.345083	94.67557	1.1109169
4736000	1406.44	401	2183	11203.68	60.75097	3.2462819	69.66123	49.071518	5.52219	6.665916	85.251816	0.9684869
4768000	1259.36	120	2420	11279.21	61.18185	3.2231145	71.07162	48.144573	4.4423013	5.414289	72.7496	0.61559904
4800000	1327.09	523	2420	11355.05	60.316883	3.649898	70.67345	47.95721	4.0974627	5.4092274	79.40695	0.775226
4832000	1229.11	120	2354	11429.77	53.86229	4.688192	67.72648	39.424683	3.7703629	3.7895586	46.87194	0.8432883
4864000	1373.56	120	2219	11505.15	48.126217	4.3655195	61.530884	31.589943	4.370881	5.286965	73.24668	0.8317763
4896000	1262.24	582	2219	11580.38	48.491764	4.738825	64.44737	34.116013	4.995983	5.7434897	83.37033	0.85866034
4928000	1424.0	120	2411	11655.8	54.35667	5.134747	74.078	39.294334	7.5420027	9.390791	95.908936	1.0244504
4960000	1246.21	400	2195	11732.02	60.411606	4.2481623	72.613106	46.19583	7.7739706	9.511907	127.916306	0.80866075
4992000	1330.27	133	2339	11809.12	61.055428	4.083804	71.50079	47.344425	8.52589	12.1992235	138.85454	1.1135688
5024000	1441.59	120	2417	11885.2	60.23654	3.6096287	70.53339	47.883846	7.907549	10.467535	69.32635	0.6889038
5056000	1307.31	412	2349	11960.4	59.604664	3.6559968	71.02547	46.141235	8.071783	13.252096	133.9592	0.6243667
5088000	1283.83	120	2195	12036.06	60.859848	3.5386612	71.35641	49.412907	8.554243	10.930068	86.119125	0.87026584
5120000	1324.31	120	2294	12111.67	61.655117	3.5646944	76.26323	46.864906	7.863365	10.701067	105.62785	0.7875909
5152000	1368.51	120	2414	12186.74	60.58983	3.6894064	72.01018	48.147587	7.356391	11.384345	126.438805	0.7960398
5184000	1367.06	523	2420	12262.28	58.695972	3.7974246	69.282265	46.18699	5.96813	9.532558	98.37543	0.6004758
5216000	1476.23	400	2420	12337.55	56.689823	4.196307	68.86221	40.486225	6.2156105	9.753402	81.84949	0.6194602
5248000	1692.18	400	2414	12412.82	50.9675	4.5455537	63.53494	35.97329	5.6327596	9.074351	58.513496	0.6507657
5280000	1457.52	27	2412	12487.87	46.44863	4.5755844	60.60228	33.912876	5.804782	8.249865	68.24309	0.8105731
5312000	1479.92	120	2340	12564.31	43.8636	4.7006907	58.80004	28.662464	6.3102856	8.390733	102.14082	0.8343907
5344000	1517.76	120	2756	12640.65	48.123016	4.8487024	62.84537	30.834042	7.5085506	11.164555	123.08641	0.96594757
5376000	1636.16	393	2338	12716.14	50.02768	4.4284205	63.126694	34.966606	8.026079	12.720154	138.82332	1.097944
5408000	1271.4	120	2219	12791.59	50.884632	4.368251	64.242966	37.677296	7.030577	10.301931	100.0981	0.7857162
5440000	1234.98	120	2348	12867.03	48.90056	4.7136416	63.668434	34.1025	5.8614717	8.523113	102.87203	0.7708863
5472000	1717.47	120	2348	12942.09	46.540318	4.8110766	61.24466	31.555325	4.520806	6.725474	95.32871	0.5756184
5504000	1742.93	522	2346	13018.13	42.9535	5.019312	61.038544	26.64927	3.9642968	6.055601	73.88024	0.489365
5536000	1813.79	523	2346	13093.17	44.46301	5.36249	59.16827	26.354048	3.9612226	7.9786363	108.81442	0.433281
5568000	1756.25	133	2342	13154.31	46.1292	5.615732	62.004047	27.05192	2.9359117	4.413153	57.488304	0.36414176
5600000	1504.69	133	2340	13204.25	49.133583	5.3463354	64.64677	28.897694	3.1693141	4.440015	87.58722	0.38152587
5632000	1613.74	412	2786	13254.08	46.380314	5.2175474	61.33794	30.474794	4.500061	6.6362743	109.20885	0.6453309
5664000	1571.1	586	2357	13303.96	49.001045	5.2914367	63.458786	29.79607	5.9781027	6.946386	67.31513	0.8434379
5696000	1693.54	746	2351	13353.68	54.38089	5.324389	73.948395	39.666496	7.290165	8.968062	118.24711	1.0167325
5728000	1808.98	113	2763	13403.64	60.25217	4.6542654	75.88687	45.79828	6.0966268	8.829269	122.693115	0.8920033
5760000	1931.58	120	2351	13453.48	62.962822	4.0819945	75.210144	49.90736	4.4827766	6.932788	118.754715	0.584963
5792000	1821.47	120	2351	13503.32	63.95781	4.185607	74.98234	48.710045	4.1072345	6.015772	65.36429	0.47473994
5824000	1787.55	120	2352	13552.76	58.389717	5.120687	73.21216	41.434273	3.0877662	4.358776	57.75813	0.41984507
5856000	1483.39	120	2219	13602.33	53.72864	5.4841423	70.7389	34.57113	3.350918	5.377957	72.62921	0.3142331
5888000	1403.87	120	2289	13651.99	51.396164	5.3030796	68.66304	33.142853	5.9954143	8.411771	90.183044	0.56279564
5920000	1585.09	412	2417	13701.94	54.979023	5.249373	70.687744	36.71075	7.5043764	9.517984	92.55117	0.9100078
5952000	1467.66	523	2418	13751.77	56.824947	4.770851	77.46327	42.422035	7.2512727	10.090198	113.202576	1.0386761
5984000	1466.17	379	2352	13801.24	51.81727	5.2446027	68.3802	32.05233	5.9446015	7.766982	86.4782	0.9562667
6016000	1684.96	120	2418	13851.35	47.980896	5.3041253	64.01752	30.648369	4.6304984	5.3281465	60.412247	0.78694534
6048000	1536.79	120	2740	13901.14	47.62873	5.5210376	63.600483	27.204453	4.4274483	5.079564	56.705578	0.62861526
6080000	1762.08	120	2352	13950.63	52.326233	5.6642876	72.59809	34.69919	4.2250676	3.6793113	36.497223	0.8429478
6112000	1726.81	120	2418	14000.55	59.95003	4.970088	73.995766	41.607437	4.7381516	6.3141513	89.73667	0.7676623
6144000	1467.39	120	2346	14050.48	66.09555	4.5239472	80.55073	52.789787	5.0441065	5.982867	76.50668	0.7401663
6176000	1516.72	120	2352	14100.16	71.72892	3.6477711	82.568275	57.100513	4.9571805	6.224877	84.2352	0.6838286
6208000	1582.51	523	2418	14149.83	69.404205	4.1954246	81.96153	51.154312	5.4187117	7.161344	109.769226	0.7917129
6240000	1809.65	120	2417	14199.69	66.90072	4.3087273	79.07789	53.158962	5.133909	6.2910485	72.14072	0.7263711
6272000	1764.89	586	2413	14249.53	63.8446	4.267085	76.83067	48.12734	5.7784133	7.863646	176.58836	0.88652337
6304000	1665.83	120	2411	14299.51	64.63367	4.0486703	77.50176	50.286385	5.5638103	5.4302144	41.638428	0.99892414
6336000	1531.24	120	2351	14349.13	63.12164	4.5091105	74.872314	49.979465	5.602715	6.193001	73.08918	0.7463635
6368000	1773.34	120	2350	14398.83	57.731125	5.1916246	72.021805	39.00709	5.2724133	6.2735353	60.615208	0.5500996
6400000	1826.85	523	2350	14449.03	56.017727	5.2184196	73.12688	36.792583	3.882635	4.337842	46.78891	0.41616803
6432000	1750.15	120	2727	14498.92	58.207428	4.986275	72.89523	43.421295	3.856422	4.8148503	43.904915	0.39081174
6464000	1690.31	120	2759	14548.72	62.84468	4.4394603	78.113785	48.900223	4.978298	5.690879	56.768246	0.62310517
6496000	1662.58	194	2352	14598.78	62.531	4.356078	75.57153	49.37957	5.560412	6.4466953	73.03403	0.77697384
6528000	1614.95	586	2798	14648.57	58.41959	4.788483	75.330284	42.892555	6.175631	7.4291015	87.471756	0.827518
6560000	1661.04	120	2800	14699.86	55.237705	4.926594	68.40875	39.949257	6.197283	6.5266566	75.92922	0.9961404
6592000	1814.32	-69	2798	14749.42	54.069	4.878645	69.98862	39.380695	5.5336504	6.662569	105.574455	0.79999846
6624000	1890.14	-69	2801	14800.38	50.11473	5.191251	65.20783	31.181055	4.773575	7.022777	147.13972	0.6221044
6656000	1964.01	523	2801	14850.71	44.663216	5.7467546	62.877586	26.359394	3.6690106	5.7338824	109.79281	0.52604634
6688000	1877.55	120	2784	14900.3	38.033314	5.569261	56.81329	19.514927	2.8952427	3.2643592	51.701813	0.45987785
6720000	1701.25	120	2418	14949.78	33.295994	5.7959247	55.106525	12.1867485	3.4637618	4.9886127	81.331116	0.45691097
6752000	1711.92	120	2777	14999.98	30.171621	5.8807807	49.57596	11.618135	3.4869258	4.2570243	54.800274	0.49507248
6784000	1667.63	120	2779	15049.72	31.035652	5.98025	49.91648	7.267965	4.0320764	7.777628	132.77054	0.42580596
6816000	1755.94	120	2783	15099.19	31.096281	6.3772054	55.284466	12.707666	3.3782618	5.79848	69.95488	0.3732802
6848000	1798.72	120	2783	15148.22	23.690468	6.048202	43.381523	4.536971	2.7567675	5.529183	78.501724	0.3450647
6880000	1835.1	120	2417	15197.93	21.86072	6.062093	40.47419	4.6010246	2.5838697	6.705948	126.335945	0.23162794
6912000	1964.92	120	2801	15247.88	29.404633	7.6264963	52.336967	6.160321	3.2469378	7.1770916	130.6752	0.31742167
6944000	1499.67	120	2785	15298.02	48.31733	7.3632445	69.93419	24.112335	3.5961442	5.886849	107.57192	0.37093794
6976000	1801.7	120	2785	15348.56	59.60487	4.96093	74.02848	44.145653	5.216826	7.2444954	93.95937	0.81468844
7008000	1868.57	120	2800	15399.61	63.13357	4.2484064	74.36424	49.978653	4.3541503	5.722032	111.178375	0.5421112
7040000	1924.15	120	2801	15450.69	64.295715	4.12558	75.850075	49.261574	4.559863	6.0381565	83.32536	0.69201064
7072000	1769.57	120	2802	15500.97	64.51782	4.4442186	76.440506	47.86353	3.9905624	4.759074	49.460472	0.5767679
7104000	1746.53	588	2776	15550.91	66.292725	4.176772	80.22446	51.395798	4.5318055	5.86481	70.852196	0.5550181
7136000	1690.71	120	2790	15600.68	67.36945	4.2729445	79.577644	53.774246	5.5514045	6.969659	111.67713	0.77925545
7168000	1745.58	120	2418	15650.28	70.03215	3.6825013	81.73863	56.869858	5.9802737	6.5582585	68.4227	0.76721835
7200000	1904.64	133	2351	15700.28	72.04728	3.3802612	83.460365	61.079784	6.095323	8.60635	125.38058	0.794151
7232000	1415.72	120	2419	15750.16	72.31437	3.3024793	82.06056	60.62036	4.786405	5.584503	84.79389	0.7223861
7264000	1562.77	133	2800	15800.44	71.61798	3.6250014	81.76956	61.180817	5.3012576	7.3000436	100.81906	0.7510569
7296000	1482.67	120	2802	15850.22	70.53305	3.7492657	81.58026	57.26093	6.8405247	8.681297	108.83052	0.7355986
7328000	1894.96	120	2418	15900.03	69.70845	4.15356	82.5239	56.23279	6.706619	8.45198	85.224785	0.75445104
7360000	1999.61	793	2351	15950.05	69.98936	4.054372	82.6804	57.47542	5.3533683	7.8205705	93.34123	0.7567935
7392000	1889.11	120	2803	16000.64	69.77734	4.096304	85.738464	55.86624	4.0541434	5.3731394	61.82749	0.5170694
7424000	1839.83	120	2722	16050.85	69.52636	3.9580095	80.45439	56.784515	4.2136173	7.2320743	97.68172	0.5974355
7456000	1674.34	412	2780	16100.95	70.81096	3.833355	82.64427	54.60161	4.938457	8.87173	135.93806	0.63695514
7488000	1727.47	385	2418	16150.84	71.83189	3.7774365	82.918724	58.18998	5.8806105	14.279237	158.45659	0.62513256
7520000	1843.05	120	2766	16200.93	71.57312	3.6296546	82.74086	59.56492	5.2952147	11.276416	109.863304	0.62205696
7552000	1789.3	120	2801	16251.97	69.0285	3.9138262	79.50452	55.477486	5.7016854	9.528977	87.95961	0.6758324
7584000	1630.9	120	2801	16301.91	67.19925	3.8817344	78.10392	54.83552	6.0839777	10.074274	141.37723	0.81302994
7616000	1788.95	523	2418	16351.8	67.09785	3.8387675	77.258316	53.426697	6.289793	10.677801	181.10895	0.81237113
7648000	1777.13	793	2740	16401.76	67.52099	3.8565912	77.71503	56.594025	6.235334	10.806948	169.79085	0.77940446
7680000	1931.24	397	2778	16452.0	67.50832	3.8162158	80.73848	54.901546	4.692532	9.299983	168.9943	0.560115
7712000	1704.19	120	2804	16502.37	67.29699	3.959848	78.25554	54.41896	3.7661073	5.5740886	75.69255	0.5392646
7744000	1640.15	120	2351	16551.89	65.91922	4.1566887	77.440025	52.737175	4.1549606	7.511097	118.21832	0.5480553
7776000	1866.26	120	2804	16602.95	60.088158	5.863322	74.467926	39.678307	3.4597955	5.496096	90.48032	0.43748632
7808000	1858.74	120	2804	16653.04	46.194084	6.780614	67.390915	21.97902	3.4832284	6.2096395	88.499275	0.3920105
7840000	1552.71	120	2798	16703.02	40.55726	5.8089843	58.295273	20.722645	3.9479935	6.1622887	98.90078	0.36339122
7872000	1883.3	120	2804	16755.57	48.27011	6.7107024	68.997894	26.454767	5.546262	7.444857	79.6973	0.67019063
7904000	1772.81	778	2804	16807.11	63.5109	6.16518	79.230354	42.714333	6.265796	8.405792	84.60613	0.94425094
7936000	1778.79	120	2800	16857.63	72.360466	3.466904	83.669815	60.11036	5.792992	7.89138	84.79628	0.75244904
7968000	1783.41	120	2802	16910.16	71.36926	3.6585639	82.374725	57.763588	4.6617265	7.1036215	109.518135	0.49232352
8000000	2057.04	408	2803	16962.74	69.8509	3.8509192	82.994354	58.949028	4.0913157	6.3443255	83.53547	0.55015707
8032000	1795.22	120	2802	17015.18	68.43017	3.8588657	77.990135	56.49164	4.0501723	5.9285245	73.6275	0.45742124
8064000	1925.02	120	2801	17069.46	68.57584	3.9979506	79.570755	56.611187	3.8441627	5.9913836	103.18895	0.54067045
8096000	1973.3	120	2805	17123.6	67.57754	3.8249528	79.55754	53.38465	3.34668	4.0243483	39.54416	0.40714267
8128000	2084.24	779	2803	17178.07	68.73867	3.741938	78.018974	57.889732	3.7400715	6.119367	120.65892	0.44036973
8160000	1755.14	120	2802	17229.81	68.4082	3.7634873	80.27095	56.289715	4.4893126	6.930262	131.24963	0.49274343
8192000	1698.36	120	2802	17282.79	70.37626	3.543645	82.48979	57.24722	5.5827494	7.3245616	108.687195	0.7788169
8224000	1798.21	397	2804	17337.34	70.5034	3.6330667	82.23601	59.978752	7.529417	10.83357	118.88116	0.7206358
8256000	1638.48	397	2804	17391.19	71.20732	3.487411	81.81234	60.045776	7.5767775	9.570305	97.850334	0.842072
8288000	1986.0	397	2804	17446.36	71.49424	3.3790097	82.221085	60.556892	7.5218873	9.620839	115.484764	0.98206115
8320000	1941.9	120	2804	17501.72	70.122406	3.6758418	81.31505	58.043037	6.373604	7.6004744	59.837666	1.094641
8352000	1881.87	120	2802	17553.25	67.46311	4.114486	79.59864	52.347206	6.0757823	7.4760523	68.43032	0.8297579
8384000	1975.99	120	2804	17607.98	67.081535	4.3007627	82.215	53.985542	5.593428	6.7163115	55.403393	0.6615257
8416000	1892.66	523	2804	17661.83	68.19937	4.3205357	80.55726	53.582954	5.4195533	7.805933	101.537796	0.5549894
8448000	2016.64	120	2804	17717.68	70.050865	3.978078	82.21738	58.054626	5.569555	7.3066897	86.72322	0.81373346
8480000	1735.87	120	2801	17771.6	70.85645	3.9001932	82.25769	58.76111	5.584663	7.0052853	77.336975	0.6765444
8512000	2011.84	120	2804	17825.77	71.61386	3.674244	83.07752	58.43324	5.9664416	8.672896	104.073166	0.76809424
8544000	2085.11	695	2804	17880.56	71.03216	3.609741	81.30679	60.273945	5.2036123	6.2780833	84.3235	0.8111616
8576000	1917.6	583	2804	17934.53	70.42138	3.837156	80.92285	59.6204	5.4187684	8.191325	112.77	0.68764055
8608000	1828.72	588	2802	17986.05	68.213776	4.213645	79.06471	54.33787	5.903999	7.8779364	97.08263	0.77349365
8640000	2010.47	586	2804	18043.33	67.75139	4.3174143	79.82992	54.066467	6.589457	10.311464	142.62666	0.9506687
8672000	2020.75	586	2802	18097.48	65.62858	4.3704786	81.22828	51.77847	5.8876247	8.709973	115.25649	0.6465998
8704000	1875.26	412	2804	18151.57	66.92408	4.1038036	79.48123	54.61035	6.3017077	8.927725	104.328735	0.9167597
8736000	1998.84	120	2804	18205.93	64.75809	4.4980626	80.484344	51.27041	5.8451014	7.32983	99.95812	0.7960465
8768000	2164.04	400	2804	18260.15	62.150883	4.7640414	78.156845	44.290726	5.54284	7.3846393	93.18389	0.79443747
8800000	2063.81	400	2804	18316.94	59.965588	4.8813114	76.709854	43.94183	4.5246305	7.9287543	101.880135	0.5523872
8832000	2102.52	587	2804	18370.92	59.38601	5.037935	75.8833	43.276638	4.293074	8.265404	109.2736	0.4418856
8864000	1922.54	120	2804	18425.22	60.413155	4.8324413	75.21284	45.727463	5.0135417	8.631579	113.96422	0.65388864
8896000	2043.51	396	2804	18478.25	59.806187	4.841439	74.87595	44.020363	5.1133103	7.2480583	64.72718	0.58372205
8928000	1792.16	412	2803	18531.22	61.35801	4.622695	73.036354	45.545433	6.4969893	9.541571	90.10353	0.60605186
8960000	1950.81	400	2804	18584.58	65.08021	4.7867584	83.169044	45.61724	5.742009	7.4631405	87.15643	0.91114545
8992000	2140.97	120	2805	18638.61	68.51248	4.362064	82.83783	56.007767	5.672645	7.731942	88.81682	0.8313503
9024000	2085.13	783	2804	18692.14	69.365295	4.0728173	81.16927	55.685287	5.517712	7.5499187	92.83024	0.7752857
9056000	1899.5	375	2805	18744.95	68.4888	4.3148427	81.01668	52.478134	5.257562	7.1143637	74.73855	0.7569134
9088000	1888.98	586	2803	18798.79	67.44045	4.3931766	79.68332	52.349804	5.235681	7.5182085	89.603195	0.7551427
9120000	2121.64	587	2803	18853.9	67.247116	4.2582808	78.904305	52.751266	5.8510766	8.268971	91.39799	0.7912082
9152000	2043.68	389	2802	18909.63	68.19278	4.22271	79.9149	53.157703	5.1609616	6.642717	74.86602	0.7477894
9184000	1516.63	389	2801	18961.76	68.35515	4.042844	79.66559	52.73666	7.1484385	10.791809	135.59128	0.95534205
9216000	1561.67	523	2804	19013.83	66.37159	4.272249	77.16977	52.8569	7.2177486	9.953575	126.06952	0.9533459
9248000	1674.43	-69	2803	19065.47	65.42677	4.3004103	77.28679	49.828026	8.242546	10.103097	90.05697	1.0489947
9280000	1449.07	120	2802	19117.77	66.221954	4.289017	79.03099	50.288315	8.415953	10.113972	91.20819	1.1254199
9312000	1627.63	586	2803	19169.47	69.071396	3.8452444	79.93921	57.808846	8.754607	10.676273	127.003716	1.2910244
9344000	1792.66	412	2802	19223.31	69.79338	3.490416	81.66596	56.772972	8.57818	9.487245	93.186134	1.3564483
9376000	1828.83	120	2804	19276.71	68.609566	3.5083432	79.18825	55.627247	7.9970846	10.125999	134.54897	0.94163585
9408000	1792.58	120	2804	19330.39	68.02892	3.6136851	78.50862	55.521873	6.5267825	7.031999	114.41356	0.7970724
9440000	2108.05	120	2804	19387.28	67.377686	3.811789	79.51391	54.4231	5.8644705	5.635669	61.526867	0.6907945
9472000	2132.75	120	2803	19441.27	65.826744	3.9002466	78.79761	53.57806	5.220837	5.9178605	104.39517	1.0259113
9504000	2172.65	587	2804	19496.34	62.505478	4.058558	72.57421	45.420166	5.6347904	8.440363	157.03757	0.845923
9536000	2032.15	523	2801	19549.99	59.190506	4.6422615	74.328445	44.88197	4.797828	6.3069654	76.593735	0.7173294
9568000	1972.82	777	2801	19605.21	58.776634	4.715198	72.457275	42.206573	5.1472383	6.583246	62.223843	0.65006125
9600000	2181.24	557	2802	19661.61	59.71618	4.848143	73.13758	43.25596	4.815533	5.93534	76.35519	0.44886082
9632000	2075.79	412	2802	19716.55	61.99625	4.8403625	75.01944	42.133385	5.302382	7.414219	83.79723	0.5980934
9664000	2156.04	412	2804	19772.98	60.699055	4.789926	74.09813	45.47378	4.357118	7.356029	107.52429	0.20525952
9696000	2124.18	120	2803	19828.85	59.848953	4.576324	74.98811	43.68728	3.1914322	3.6609306	42.140602	0.31307232
9728000	1986.7	412	2802	19885.33	60.364655	4.5629687	76.465416	45.22527	4.4692597	7.4132705	105.38032	0.42397416
9760000	2285.83	412	2802	19940.55	64.04572	4.8304424	80.187004	47.694374	4.2537675	5.7122407	52.67642	0.45664817
9792000	2118.75	120	2802	19993.97	69.36085	4.247311	81.069046	54.23973	5.331955	8.404584	98.50755	0.7037879
9824000	1953.2	120	2803	20049.56	72.231346	3.6858652	84.049515	58.15267	5.278792	9.184652	102.47068	0.5310397
9856000	1948.93	120	2803	20103.13	71.237686	3.5499055	84.73968	57.501812	6.814021	9.980964	126.08542	0.72414863
9888000	2172.79	120	2803	20160.17	69.95828	3.6190763	78.87953	57.935745	6.4914217	9.753327	112.3941	0.8413536
9920000	1696.19	120	2803	20212.15	69.90757	3.737582	80.48713	56.916916	8.406424	13.081768	213.90652	0.93746144
9952000	1715.18	120	2803	20263.5	71.944435	3.7708158	83.61935	59.64827	7.8979864	9.660847	78.246796	0.9059581
9984000	1674.58	120	2803	20316.18	70.41722	3.8639998	81.20451	55.071228	9.338492	10.704747	127.39194	1.252279
10016000	1795.11	406	2804	20371.1	67.80949	3.9667397	80.867065	55.579422	9.332804	9.569302	94.73979	1.3736827
10048000	2152.59	375	2804	20425.44	64.210495	4.230411	80.11855	49.383095	7.786254	9.163577	96.38764	1.018641
10080000	2011.28	120	2803	20480.17	64.357346	4.287223	78.252304	51.22807	6.081481	6.8512373	59.001305	0.76614225
10112000	1935.46	412	2803	20533.03	64.63447	4.27108	77.31659	50.949226	5.6620207	7.3392406	77.10791	0.68540287
10144000	2013.28	120	2803	20586.5	65.293015	4.183629	78.66089	50.218513	6.5288577	8.284763	123.78115	0.9706543
10176000	1940.14	120	2802	20640.77	66.28068	4.2284293	80.09773	52.029087	7.2109985	9.330607	122.297935	0.80408585
10208000	1985.26	400	2801	20695.12	67.44168	3.8903084	79.32952	54.293633	7.639379	11.234526	130.89127	0.97126156
10240000	1719.51	585	2801	20747.49	67.22406	3.887798	79.58415	56.80799	8.201172	8.201555	84.60295	1.114144
10272000	1974.36	120	2802	20801.75	66.23916	3.850619	78.679886	50.69889	8.461826	10.346112	127.28021	1.5071509
10304000	1763.4	382	2803	20855.94	64.17674	3.7932951	77.02733	50.39364	9.121713	13.189024	158.34903	1.3343318
10336000	1843.47	588	2803	20909.7	63.758343	4.2731156	78.50048	47.19389	7.367744	8.594279	157.52388	1.2481161
10368000	1973.18	400	2803	20964.89	63.302593	4.0717287	76.00931	47.757164	7.2868085	10.883932	158.15016	1.028566
10400000	2125.39	523	2802	21019.87	63.203663	4.1602545	74.549355	49.887367	6.72278	9.122191	96.70008	1.0635936
10432000	1912.62	394	2802	21073.6	61.743134	4.095721	73.36308	48.022095	6.800952	8.971622	80.240005	0.8273224
10464000	2245.89	394	2803	21130.41	59.80341	4.238175	74.686455	46.686874	5.6206203	8.3903	93.92956	0.6140747
10496000	1992.09	120	2803	21186.26	60.26461	4.275209	72.7219	43.902164	6.8545604	8.940479	97.15358	0.79812056
10528000	2283.79	120	2803	21242.58	60.72432	4.3222804	72.13463	45.885826	6.1067924	9.27126	98.058235	0.67212397
10560000	1948.81	120	2803	21298.27	62.58754	4.0332837	74.78759	50.009132	5.7276974	8.645409	121.144135	0.6898115
10592000	1997.65	412	2803	21352.95	64.77579	4.0526214	75.25629	52.101234	5.3294806	8.693557	154.83026	0.5625908
10624000	1719.67	120	2802	21406.95	66.56968	4.0891457	76.7763	52.228325	7.0639515	10.946189	139.72316	0.9388499
10656000	1889.6	570	2803	21463.27	69.34007	3.8923538	79.64574	55.421257	7.0184216	8.5068655	86.482	1.0792453
10688000	2002.16	120	2802	21518.52	68.53236	3.8233192	80.71625	55.714306	7.591812	9.107093	102.43792	1.0057094
10720000	2000.65	120	2802	21571.65	67.201126	4.154631	78.22149	53.445404	6.7212687	7.2250257	73.28093	0.7818631
10752000	1920.55	412	2803	21625.66	65.06775	4.195907	77.054405	49.91254	5.953944	7.7110705	64.7363	0.84538573
10784000	2100.71	455	2803	21680.65	66.27525	4.317899	77.86588	51.737045	5.936091	8.656212	112.56853	0.7523406
10816000	2118.55	397	2804	21736.28	69.04506	4.2474694	82.56086	51.657246	5.88304	10.375017	129.57906	0.7220689
10848000	2087.74	397	2803	21792.12	72.320244	3.6741884	83.776535	55.564835	5.3058076	7.6190333	72.10605	0.55598575
10880000	2358.61	785	2803	21848.72	69.87678	4.142575	81.134766	54.76911	5.1706557	9.443413	125.83705	0.4837216
10912000	2315.01	412	2803	21904.88	67.462906	4.382354	79.873924	53.441692	4.727378	8.356519	109.879944	0.62268806
10944000	2255.22	523	2803	21960.76	62.64717	4.8566365	76.72608	45.63742	4.0881424	7.996854	101.728966	0.5438322
10976000	2109.35	120	2802	22013.75	60.011005	5.0418134	76.07303	44.31157	3.9961216	6.756481	92.16304	0.427296
11008000	2243.9	523	2802	22070.4	58.175774	5.0623975	75.793076	44.648705	4.2027583	8.061057	107.38034	0.3519702
11040000	2034.53	382	2801	22125.2	59.80294	5.2370186	73.80082	42.038628	3.6289697	7.5982137	102.94025	0.34404963
11072000	1922.41	120	2802	22178.07	65.08197	4.6854615	77.74246	48.034737	5.2070327	9.92033	137.99545	0.4315368
11104000	2184.4	120	2803	22231.89	67.52054	4.8401012	83.45525	53.31063	5.4997644	7.6748	103.91505	0.56533897
11136000	2057.89	523	2803	22285.46	70.02425	4.289597	82.75809	55.136665	5.527779	7.653954	110.13743	0.6120086
11168000	2212.76	586	2801	22338.18	71.219215	4.2265105	82.35888	57.08796	4.544766	7.63473	87.733025	0.33858964
11200000	2258.62	586	2802	22393.25	70.84096	4.345582	83.18181	56.446747	4.269261	7.6011934	74.94922	0.2934337
11232000	2041.07	523	2802	22446.12	69.95997	4.479945	82.04208	55.756294	3.9703686	7.779038	90.69425	0.45801353
11264000	1938.24	120	2802	22500.59	70.150536	4.567445	82.479805	53.8684	4.1299806	8.486337	171.76056	0.34075797
11296000	2011.8	120	2802	22553.24	71.57339	4.2052617	86.15724	56.195023	5.3787274	8.989831	119.87099	0.5717149
11328000	2161.84	392	2802	22609.27	73.24924	3.9098613	85.27086	60.04403	4.866076	8.206906	108.92964	0.440504
11360000	2267.8	523	2802	22665.44	70.50374	4.496138	86.73121	51.78065	4.7890205	8.43014	108.39221	0.5188298
11392000	2284.48	120	2802	22721.48	68.72067	4.4060454	82.365944	55.240223	4.2795563	8.070799	98.37639	0.41871315
11424000	2114.46	120	2803	22776.26	68.19452	4.375692	79.711716	51.323944	3.8042104	7.208509	127.145805	0.35359734
11456000	2188.53	120	2803	22831.55	70.641396	4.4425893	84.67615	56.01546	4.765779	8.459615	91.06198	0.44992054
11488000	2413.4	133	2803	22888.78	70.846825	4.228313	83.99744	58.033466	4.320897	8.654036	125.110306	0.445332
11520000	2511.08	780	2803	22945.3	68.45401	4.491901	82.33092	51.78622	3.7717376	7.268022	96.31792	0.44957316
11552000	2146.32	780	2802	23000.14	67.1983	4.440425	81.74422	50.97668	3.111909	6.172128	77.429565	0.41453183
11584000	2125.73	588	2803	23058.38	68.646095	4.428427	81.040726	49.48311	3.0700495	6.8000994	88.07228	0.3059891
11616000	2144.9	588	2802	23114.53	69.51027	4.2222376	80.93385	54.23105	3.4796665	6.1919274	72.19596	0.41226584
11648000	2295.49	762	2802	23172.82	67.9077	4.4861155	79.55623	53.37662	3.835316	6.997395	71.814735	0.47148487
11680000	2121.6	120	2803	23227.21	66.91816	4.3175306	80.16087	53.354492	4.636622	8.087934	116.67254	0.52713555
11712000	2233.12	120	2803	23283.33	65.56685	4.510899	81.10278	52.78537	4.360047	6.829854	93.00942	0.49036795
11744000	2191.29	120	2803	23338.31	64.06501	4.8239193	79.67781	48.861607	4.077775	5.8034205	70.829765	0.56919
11776000	2287.92	588	2802	23396.39	63.94019	4.7664466	76.87125	40.716904	3.4833868	5.734614	72.24621	0.43555754
11808000	2357.5	588	2803	23452.53	65.97655	5.058067	78.810684	47.92791	2.9439723	5.4508	55.495033	0.35670012
11840000	2310.69	543	2803	23509.21	70.09538	4.3095818	81.512314	56.88762	3.2859786	5.955241	77.3803	0.3238146
11872000	2186.96	120	2802	23566.91	71.55576	4.020036	82.530106	58.65236	3.4939547	7.20789	80.78832	0.34763253
11904000	2437.44	586	2802	23625.52	72.584526	4.0473733	84.1128	59.214935	3.568058	7.799459	82.73229	0.37628442
11936000	2465.99	586	2802	23684.14	72.1217	4.0437937	83.3038	55.267303	3.2144954	6.5768404	88.8889	0.3807289
11968000	2351.03	586	2802	23739.85	71.52413	4.0140905	84.123146	59.200115	2.9089253	7.065891	123.554474	0.2618
12000000	2308.02	120	2803	23799.05	71.662636	4.0833163	85.6496	55.703842	2.5895483	5.8798347	107.91044	0.369934
12032000	2063.19	773	2803	23853.16	72.85233	4.1987753	85.05173	58.00124	3.579424	9.028094	102.17721	0.32736146
12064000	1996.82	400	2803	23907.89	74.6094	3.9536147	84.82651	61.70459	5.243184	11.91819	184.01917	0.4147021
12096000	2018.72	120	2802	23962.3	74.07824	3.9688623	85.71208	61.058865	5.459115	10.983102	130.65427	0.4130572
12128000	2087.31	120	2801	24017.54	75.490364	3.7605455	86.65318	63.23845	6.004734	11.212358	107.119934	0.44609365
12160000	2109.46	120	2803	24073.14	73.61242	3.8425183	84.84842	58.459583	4.6176033	8.366393	103.79268	0.26731512
12192000	2231.94	760	2803	24128.8	70.57812	4.051367	84.250175	55.259598	5.269931	10.039197	116.70906	0.5435332
12224000	2337.91	772	2802	24185.9	67.353546	4.3029094	80.19975	52.26468	5.1880198	10.626948	132.6397	0.607786
12256000	2489.01	799	2802	24242.56	66.06691	4.3488607	83.42767	50.097004	3.72093	6.4219084	88.64991	0.4481495
12288000	2440.13	120	2803	24300.14	66.66187	4.41885	80.68315	54.021793	2.4562178	5.773187	85.95088	0.30330935
12320000	2401.88	120	2803	24358.56	66.23555	4.3752227	81.84978	51.007442	1.9215508	5.0333624	71.24289	0.22943005
12352000	2430.9	120	2803	24416.18	66.51575	4.3392706	79.679756	51.875877	1.8530278	4.5992603	71.775276	0.20853105
12384000	2197.38	790	2803	24472.53	67.47725	4.4710207	81.89899	51.935097	2.4618347	4.972834	65.86938	0.32861155
12416000	2338.81	790	2803	24531.12	69.22878	4.295212	81.70059	54.989334	2.7135005	7.261878	148.69263	0.30304047
12448000	2371.06	808	2803	24588.28	69.58646	4.163159	79.895035	54.006702	3.623083	8.74806	154.76286	0.31178978
12480000	2301.05	699	2803	24644.95	68.61648	4.432809	79.622406	52.79077	3.5297306	6.576468	90.75482	0.44284433
12512000	2172.69	586	2804	24700.09	68.82806	4.4448133	81.69178	56.44503	3.8416948	8.859116	138.36552	0.48681942
12544000	2374.14	586	2804	24757.58	71.3691	4.113068	82.72742	58.414288	4.536796	9.288331	109.647766	0.4005166
12576000	2331.13	792	2804	24814.78	71.22118	3.9665563	83.04368	56.089138	3.4652925	5.660767	71.94664	0.53553414
12608000	2312.76	120	2804	24873.61	69.64786	4.5789657	82.445465	55.707474	2.867853	6.0743217	96.84509	0.39300573
12640000	2371.32	120	2803	24930.69	65.37618	4.7951283	81.23987	50.171112	2.7723873	6.1948237	77.13194	0.38372728
12672000	2363.75	120	2803	24987.89	63.091873	4.971709	78.39383	46.2959	3.05286	7.596171	116.64093	0.2773225
12704000	2386.16	691	2803	25047.58	64.322365	5.114605	80.23576	48.577194	2.8853009	7.020754	110.761955	0.34358245
12736000	2282.48	586	2803	25106.89	68.554985	4.7917194	82.25796	51.75215	3.3898046	8.448191	180.12756	0.30703425
12768000	2374.34	586	2803	25165.81	71.91139	4.264566	83.26353	58.97983	3.2535465	6.9364166	96.27995	0.2767321
12800000	2438.06	406	2802	25225.18	74.88323	3.932506	85.210236	55.721085	2.7609372	6.3451385	82.903114	0.27372923
12832000	2374.36	120	2803	25282.73	75.33566	3.6094606	85.55662	63.75911	2.3745098	5.4476657	73.42011	0.27671218
12864000	2358.11	120	2802	25338.84	76.596146	3.6806185	88.99858	64.7258	2.9416583	6.2217565	74.3078	0.25351048
12896000	2499.52	790	2802	25398.94	76.98461	3.5975444	87.17407	64.07274	2.7890182	6.2343054	73.60687	0.19292942
12928000	2666.47	120	2803	25456.42	75.51203	3.6167617	86.77466	64.08523	2.7450972	6.071882	71.63029	0.27789974
12960000	2269.34	412	2803	25511.7	74.79742	3.7379143	85.17627	61.353817	2.9535983	8.655124	178.86513	0.24397126
12992000	2177.62	412	2804	25568.88	73.31111	3.77132	83.93832	60.047913	3.844892	9.868603	131.68106	0.30539632
13024000	2264.75	391	2804	25626.44	74.048	3.6325054	84.570465	61.20947	3.6352708	6.664279	95.283455	0.5011151
13056000	2060.19	391	2803	25684.39	73.38892	4.0235076	85.18346	58.16944	3.931597	6.9083223	80.72699	0.5448127
13088000	2445.33	120	2804	25741.75	70.88192	4.3289895	84.05122	54.963894	3.655985	6.6927295	84.782875	0.3418088
13120000	2285.91	120	2804	25800.22	69.58188	4.397357	83.434235	54.018948	2.858413	5.823573	112.52169	0.3895403
13152000	2175.92	120	2804	25856.41	67.73928	4.634376	80.319595	51.371525	3.3640325	7.6315575	133.23038	0.2870739
13184000	2112.97	120	2804	25910.63	70.34946	4.572284	84.74235	54.893085	4.6780233	9.642884	150.22406	0.50381064
13216000	2152.12	120	2803	25966.1	70.63328	4.669592	85.23525	54.49111	4.4259853	7.908441	106.14161	0.5782459
13248000	2194.29	120	2803	26021.9	69.70825	4.6836104	85.472755	52.475693	4.327622	8.595156	141.40228	0.52227515
13280000	2133.89	523	2803	26075.87	66.16602	4.8585634	79.86001	50.43656	3.4365063	6.91422	128.41222	0.41696402
13312000	2089.78	120	2803	26131.25	66.62911	4.886836	79.91679	49.719784	3.5444565	6.5559044	86.50475	0.36381125
13344000	2365.26	120	2803	26190.9	68.74027	4.7196317	82.64847	51.2484	4.3210964	8.906552	100.16009	0.4739964
13376000	2402.39	120	2804	26248.67	70.27858	4.532282	83.71979	55.17449	3.5034149	7.493119	129.41124	0.37670562
13408000	2404.37	120	2804	26304.04	68.68817	4.6999264	82.90343	53.37857	3.4025254	7.7428985	116.134926	0.38896322
13440000	2352.94	412	2803	26361.56	65.40734	4.673069	80.188995	45.96379	2.802289	5.4853964	66.65966	0.37228024
13472000	2546.7	412	2803	26419.41	64.44577	4.851047	78.334076	47.348873	2.6912982	5.39496	86.977295	0.44971198
13504000	2648.79	787	2804	26476.72	65.41045	4.7477803	78.168015	50.929317	2.6482358	7.754094	137.25685	0.32182735
13536000	2588.81	780	2804	26535.64	68.30254	4.5862913	80.856705	49.986313	1.695641	3.3570616	51.13417	0.27905443
13568000	2569.16	777	2803	26594.07	70.286606	4.4108577	83.01953	52.034866	2.0210295	5.9764714	87.79066	0.2667991
13600000	2371.69	133	2802	26651.8	71.639175	4.254381	84.28964	55.923225	2.4683301	7.5558114	130.30597	0.19185807
13632000	2519.2	586	2803	26710.08	72.01225	4.2826543	83.086395	52.297134	2.7208524	9.011746	184.29807	0.24544385
13664000	2517.04	777	2803	26769.13	71.624626	4.4131265	85.81541	57.85634	2.6442564	5.612508	55.7878	0.28050405
13696000	2339.06	588	2804	26828.68	72.72692	4.202448	86.12953	58.312584	2.1696696	4.374562	51.01386	0.2924348
13728000	2459.6	588	2804	26887.8	73.23444	4.172949	86.00037	60.761127	2.6458812	7.37757	139.61551	0.25573236
13760000	2440.41	392	2803	26944.95	72.14587	4.5321608	84.260025	56.802498	2.9696898	7.1580133	123.78381	0.34701166
13792000	2420.91	392	2802	27003.06	69.97789	4.5510144	83.288315	53.298935	2.8721654	8.00169	122.80935	0.30414736
13824000	2389.17	789	2803	27061.76	69.453	4.6646786	83.810814	53.226345	3.3190043	7.3183165	82.09854	0.40437913
13856000	2333.34	793	2802	27118.51	71.54276	4.2710085	83.97687	58.026203	3.5020468	9.011687	138.07794	0.3788812
13888000	2390.46	133	2803	27175.57	72.92648	4.126017	84.28582	55.573994	2.900085	6.714265	129.02437	0.36779195
13920000	2239.51	120	2803	27232.05	72.86647	4.236896	85.19881	59.149494	2.8568547	6.890285	80.10811	0.3039125
13952000	2205.87	586	2804	27289.15	72.14897	4.398151	85.144775	57.27155	3.4937925	7.29834	108.13724	0.3953678
13984000	2470.21	586	2804	27348.39	71.7106	4.4472575	84.29288	54.528034	3.1855254	7.2743506	127.13819	0.28665575
14016000	2432.95	586	2803	27407.17	73.22973	4.412714	86.624115	53.47612	3.6054244	9.165961	178.48117	0.35464162
14048000	2597.55	847	2803	27465.74	73.78254	4.264474	86.20657	59.01881	2.1849244	5.765919	100.33674	0.2620797
14080000	2513.34	769	2803	27523.77	73.07394	4.288649	87.74121	55.26681	2.4457085	7.02043	113.8878	0.20269285
14112000	2499.89	786	2803	27582.52	71.09432	4.609726	83.72838	56.92103	1.998613	5.0512214	87.1763	0.19409016
14144000	2382.1	120	2804	27641.3	70.116844	4.505795	84.10755	49.745026	2.8311856	6.9874773	75.33365	0.25349027
14176000	2312.84	120	2804	27698.9	71.69805	4.2104115	83.10446	59.176476	3.3828418	7.2184877	98.18921	0.3135469
14208000	2568.88	747	2802	27756.87	72.0432	4.26164	84.202545	58.22697	2.7878268	6.3399405	135.62685	0.35087508
14240000	2559.35	779	2802	27814.91	71.90692	4.1704106	83.514145	58.16508	2.6601503	7.777445	127.29201	0.2934714
14272000	2298.69	757	2802	27870.33	69.59786	4.3596654	83.43261	56.264862	2.1588428	5.2205706	70.27892	0.23173806
14304000	1914.18	675	2803	27926.65	69.83536	4.351275	83.41458	55.96611	3.682037	7.2130857	98.36346	0.41486663
14336000	2065.17	586	2802	27984.64	71.43592	3.9951625	83.753914	58.687363	4.7181168	10.445702	172.36342	0.5560728
14368000	2274.01	587	2802	28042.58	73.967514	3.7449055	85.08609	61.965614	4.78353	8.461482	120.9422	0.595305
14400000	2446.91	587	2802	28100.34	74.12799	3.8385608	86.03825	60.819683	4.393546	10.3110485	157.2331	0.4258166
14432000	2301.08	586	2802	28156.96	72.03459	4.251207	84.21883	56.41321	3.031777	6.841173	124.41453	0.37585926
14464000	2356.8	120	2802	28214.32	71.91803	3.8806672	83.376236	60.519318	3.8860767	8.3446	139.95851	0.40945596
14496000	2226.24	120	2802	28270.16	72.14617	3.9105294	83.87935	56.42682	3.7281113	7.404696	86.46448	0.4852888
14528000	2345.18	397	2803	28326.89	70.994606	4.1966066	82.810684	57.052193	4.0245357	7.810946	96.4032	0.6141323
14560000	2235.22	397	2802	28380.69	69.341934	4.4132957	82.85042	54.06354	3.7096436	6.915403	116.76665	0.5469766
14592000	2393.68	568	2803	28439.62	68.85234	4.5478272	83.49766	52.16499	2.9034283	6.8827257	150.02791	0.32036448
14624000	2483.98	568	2803	28496.72	69.65064	4.529527	84.427704	53.20369	3.011562	8.055779	120.262146	0.27492872
14656000	2605.39	715	2804	28555.89	69.06442	4.4908137	82.97478	55.359318	2.7873456	8.780895	143.96127	0.34617263
14688000	2556.04	549	2803	28614.0	69.00695	4.7641096	83.68277	48.394115	2.0705354	5.9503236	102.80807	0.24714637
14720000	2513.4	400	2802	28672.23	67.32827	4.6957912	81.77896	51.028336	2.240992	6.2338705	90.05399	0.26627275
14752000	2475.78	586	2803	28731.15	69.89143	4.4118147	86.57901	55.189014	2.153114	5.054161	90.12768	0.24810942
14784000	2329.43	775	2803	28788.73	72.3595	4.03539	85.135254	60.19784	2.4386485	4.727183	64.41851	0.29846624
14816000	2439.96	792	2803	28847.64	75.42757	3.9214747	88.87594	61.07448	3.254643	8.071998	103.383965	0.29696286
14848000	2355.36	412	2803	28904.83	75.01061	4.230178	87.69933	60.19909	2.7979712	7.4087586	152.92549	0.256352
14880000	2500.3	412	2803	28963.36	71.05242	4.4644704	84.92427	57.4231	2.4837239	5.6516523	89.82809	0.25575703
14912000	2503.83	120	2803	29022.24	70.00178	4.4960012	82.43386	54.40773	2.3914027	7.9931273	145.04507	0.18577287
14944000	2510.97	586	2802	29079.61	69.24936	4.551613	85.92	51.324894	2.0177178	5.4545817	88.09099	0.16926408
14976000	2420.66	753	2803	29135.18	71.75746	4.110001	86.50862	58.516563	2.4664776	5.512428	97.23587	0.25457823
15008000	2338.69	579	2802	29193.23	71.68522	4.1954393	84.902245	58.934555	3.0579903	7.396081	98.82859	0.2856431
15040000	2479.08	586	2801	29250.55	71.277824	4.3600607	84.40057	55.95279	2.9263575	6.7761774	84.363884	0.2840105
15072000	2489.73	586	2802	29307.04	67.53331	4.8315268	82.774536	51.77794	3.28413	6.8313923	82.05413	0.21185474
15104000	2455.32	752	2802	29361.93	62.652554	5.340219	80.04499	46.064438	2.7977495	6.715591	86.61519	0.29540116
15136000	2325.67	785	2802	29418.16	58.537342	5.50945	73.7827	39.831066	3.255874	8.208006	92.89226	0.25698602
15168000	2302.05	393	2803	29476.17	58.84838	5.6457076	74.44391	38.816715	2.7701929	6.632496	106.33732	0.29969317
15200000	2194.31	585	2803	29534.14	63.85625	5.4138517	79.27464	46.32373	3.4967456	8.853201	139.41203	0.32161024
15232000	2531.6	742	2803	29594.29	68.15233	4.752713	83.21686	52.012688	2.9214756	7.4811873	164.23529	0.3457622
15264000	2511.85	766	2803	29651.74	69.095116	4.3616056	82.18793	52.261547	2.9502656	9.09947	166.133	0.32491225
15296000	2363.28	120	2803	29710.82	69.65628	4.419022	83.11177	54.870678	2.5742452	5.120329	80.45841	0.31151962
15328000	2341.14	705	2803	29769.69	71.60414	4.092374	82.40495	59.32331	3.4301217	9.086614	165.29927	0.39238244
15360000	2190.52	120	2803	29826.8	72.99921	3.9242218	84.572586	60.165894	4.1403947	12.210437	177.82143	0.36584532
15392000	2152.8	120	2803	29883.62	71.846596	4.416067	85.735146	56.426064	4.2961698	9.829848	158.4363	0.33691597
15424000	2386.52	588	2804	29941.22	68.623344	4.653197	83.11218	51.23831	4.174963	9.773499	107.4279	0.27094764
15456000	2276.91	412	2803	29998.83	69.14944	4.604221	82.24764	48.183132	4.2835674	9.015141	103.64848	0.33456892
15488000	2459.44	412	2803	30057.4	70.750435	4.3807073	87.72662	56.31497	3.5306056	8.291846	161.05867	0.34203672
15520000	2441.68	588	2802	30113.87	71.57548	4.375571	83.22858	57.72856	2.4904366	5.3551064	69.31446	0.27292806
15552000	2380.77	588	2804	30172.27	70.82961	4.3845806	81.73648	54.034145	2.622465	5.93967	95.98711	0.28267878
15584000	2399.13	120	2804	30231.12	69.76185	4.3229413	83.4516	53.653152	2.3576672	6.2878075	146.5965	0.22769701
15616000	2397.59	773	2804	30289.99	70.501526	4.283149	83.60535	54.89587	3.229206	9.508247	135.17848	0.23185992
15648000	2103.94	120	2803	30346.83	69.98828	4.607715	82.43872	56.810486	3.187657	11.033005	145.59848	0.26408404
15680000	2381.87	586	2803	30405.43	69.68879	4.727003	82.14295	53.1244	2.969642	8.512015	96.00739	0.26718563
15712000	2570.15	586	2802	30463.68	68.41123	4.5950212	81.47937	52.722153	1.8928789	6.2405887	123.34826	0.19874999
15744000	2533.36	771	2802	30522.28	69.65671	4.424076	82.34921	54.919468	1.6694708	4.693056	76.64499	0.19477662
15776000	2514.75	586	2802	30581.03	69.094475	4.6253304	83.63122	55.294014	1.9417217	4.6776013	50.06466	0.2056439
15808000	2311.03	586	2802	30637.21	69.00034	4.658257	84.51413	52.30515	2.3822994	5.21137	61.166958	0.31716692
15840000	2442.31	523	2803	30695.33	67.225815	5.1021724	82.00368	49.679855	2.4320717	6.450713	83.265724	0.2341021
15872000	2502.35	771	2803	30753.59	67.42383	4.7831244	83.53804	53.234917	2.2330034	5.754204	85.52201	0.28363493
15904000	2288.93	389	2803	30810.98	69.594124	4.8748984	82.994446	52.194366	2.3974016	7.9505773	179.29698	0.2658767
15936000	2359.15	393	2803	30867.67	71.51816	4.763058	85.29189	55.153572	2.711569	7.8628826	117.51292	0.25305164
15968000	2526.76	120	2802	30927.47	70.746735	4.7410464	85.18101	56.599663	2.6678429	6.1729	77.99818	0.31373778
16000000	2610.99	120	2804	30985.87	70.07761	4.653211	86.19342	51.946964	2.3081996	6.025118	94.49267	0.25553358
16032000	2707.12	1026	2804	31043.44	68.29341	4.791989	82.32929	54.21099	1.3422624	3.8935802	83.7007	0.17170772
16064000	2554.33	120	2804	31100.66	67.02176	4.880416	81.18518	50.15488	1.4865433	3.3550727	43.383587	0.21182694
16096000	2462.77	120	2804	31158.8	65.496376	4.9129033	81.732	47.839767	1.681262	5.483616	127.42662	0.20769447
16128000	2452.36	120	2804	31217.29	67.190895	4.8888683	82.74449	48.541782	2.1499846	6.2990136	119.52804	0.18123484
16160000	2381.78	586	2804	31274.07	70.396675	4.458733	82.987305	52.34521	2.4644876	7.5012736	110.996315	0.24241401
16192000	2436.02	790	2803	31333.65	71.77199	4.399328	83.27899	56.635532	3.2342312	10.234382	148.76256	0.20938042
16224000	2319.97	790	2802	31391.48	73.659424	4.2691135	87.462585	59.05218	3.178544	10.031137	157.18771	0.2802816
16256000	2502.01	799	2802	31449.94	74.241684	4.3028994	84.55366	60.42988	3.0358174	8.494798	152.88313	0.23160689
16288000	2479.29	792	2802	31508.06	73.89592	4.156104	86.16179	61.939217	2.7483768	7.5872693	169.35216	0.26153374
16320000	2552.56	792	2802	31567.52	72.42191	4.281347	85.486374	56.601276	2.0175412	4.8036566	64.93707	0.19429398
16352000	2469.59	586	2804	31624.83	70.44694	4.3839417	85.85333	56.159813	2.5385375	6.4931116	95.29268	0.28962272
16384000	2370.24	770	2804	31681.32	69.704285	4.545599	82.19672	54.66124	2.5372477	6.3410444	77.00317	0.23506792
16416000	2227.03	772	2803	31739.28	71.28116	4.417407	84.585144	57.915783	3.1407921	6.722351	87.173645	0.3926183
16448000	2427.11	784	2801	31798.9	73.51116	4.357645	85.82245	60.866127	3.2918198	7.4277706	124.20802	0.35471895
16480000	2321.38	120	2802	31854.95	74.38664	4.2589297	85.74457	57.064728	3.0454252	8.137828	113.764755	0.30663675
16512000	2104.69	362	2803	31911.57	70.578995	5.1179214	83.24587	52.657852	3.2475276	8.701748	159.42479	0.2423087
16544000	2047.84	133	2802	31967.75	66.74327	4.9530497	82.62685	50.300312	4.302646	10.292258	154.23824	0.37676024
16576000	1984.74	133	2803	32023.14	66.664986	5.0882416	81.5585	51.352882	4.292709	8.461671	141.72302	0.45201033
16608000	1982.57	393	2803	32079.03	71.37815	4.66839	86.06859	52.436264	6.954379	13.5142565	142.46092	0.6048193
16640000	2097.39	120	2803	32136.54	75.48227	3.8549623	87.182724	62.84353	7.117628	14.491089	178.28438	0.54947317
16672000	2207.07	586	2803	32195.35	76.859634	3.4724243	88.78749	64.81611	4.845802	9.531527	112.607025	0.55176985
16704000	2039.46	758	2802	32251.04	73.18338	3.7511292	83.89799	57.512245	4.8001146	9.039285	83.59894	0.46020377
16736000	2285.35	313	2803	32308.91	71.902664	4.0857735	83.4043	57.34465	4.0625453	9.063646	100.656815	0.36818573
16768000	2407.34	120	2803	32366.52	70.79636	4.053411	84.02783	56.80344	3.6611545	6.440038	65.583824	0.35620874
16800000	2379.47	411	2804	32423.55	69.69989	4.5401044	84.56881	56.045906	3.725334	6.7492375	93.99834	0.5039899
16832000	2159.45	120	2804	32478.34	65.50096	4.8046107	81.540955	48.7313	3.11473	5.724695	74.16425	0.39740014
16864000	2283.25	523	2801	32536.08	62.74807	4.9551587	76.28113	41.67898	4.1528263	9.361203	124.96988	0.5308095
16896000	2474.74	771	2802	32593.17	63.486977	5.0154023	80.35115	47.614754	3.7005024	8.12283	111.18782	0.5655095
16928000	2439.99	718	2802	32650.22	66.53092	4.773677	82.071655	48.24964	4.089603	10.948303	160.21623	0.54688776
16960000	2459.9	750	2802	32707.34	67.007706	4.862427	83.41795	49.328087	3.8380206	9.236701	137.96715	0.4634848
16992000	2410.55	120	2803	32765.68	66.90094	4.559979	81.13283	52.95861	2.8414843	4.7801814	51.543903	0.31722128
17024000	2497.67	120	2803	32822.07	64.79258	4.7118044	76.64485	49.702415	2.5735352	5.0445476	84.01984	0.31263137
17056000	2324.14	779	2804	32878.69	63.68798	4.8835154	80.76304	47.701256	2.8996205	6.807623	110.35652	0.3080292
17088000	1986.07	120	2804	32935.77	65.37728	4.666469	80.532364	51.81611	4.3366942	9.07144	166.00255	0.44329387
17120000	2048.48	302	2801	32988.54	66.33739	4.432407	80.50589	50.975	5.771974	8.800905	109.72074	0.7313898
17152000	1614.52	120	2799	33043.19	68.67614	3.8723598	79.9236	58.28018	8.004025	9.819055	95.697266	0.82427096
17184000	2097.4	523	2804	33099.83	66.216515	3.6830556	77.37352	54.849266	8.038816	9.907462	96.7894	1.0401478
17216000	2126.29	733	2804	33154.9	65.121796	3.9058862	76.87558	50.91275	7.6900454	11.231426	137.068	1.047771
17248000	2064.81	523	2802	33209.48	61.91	4.4956574	75.738396	41.0813	6.4188366	9.014555	134.22655	0.7337763
17280000	1724.56	96	2803	33262.46	57.28289	4.262187	72.55197	41.806213	5.767095	7.894704	112.86951	0.50377244
17312000	1770.03	397	2803	33317.46	56.870163	4.198086	70.675575	41.470554	7.169992	10.577434	161.54686	0.9693635
17344000	1958.57	120	2803	33372.25	58.9334	4.296505	73.71063	43.749138	8.489041	11.344504	133.55719	1.0486857
17376000	1789.45	120	2802	33427.21	63.467213	4.1447363	75.946075	50.557938	7.048001	8.762899	78.12652	0.7349941
17408000	1962.7	120	2803	33484.47	64.81884	4.1129317	76.14184	50.879402	6.9925714	11.0902195	147.03293	0.90783715
17440000	2522.97	120	2803	33541.34	66.11656	4.312002	80.47557	50.799202	4.966671	6.908901	86.59605	0.4311276
17472000	2378.43	786	2803	33597.95	66.6613	4.092935	79.98593	49.902927	4.4839582	7.6963577	87.12419	0.54590726
17504000	2340.94	586	2803	33655.49	66.59016	4.366104	78.44889	52.055176	2.6248295	4.053585	46.960346	0.41236925
17536000	2379.75	586	2802	33713.47	65.61839	4.5167007	78.10179	50.63555	2.3057168	3.4278572	71.69539	0.3496964
17568000	2465.65	773	2802	33770.48	63.53515	4.6517076	78.04126	47.81234	2.2532294	4.989101	130.23242	0.39384264
17600000	2343.75	586	2802	33826.9	63.860313	4.660189	77.473434	49.822502	2.8560836	7.2869534	117.67843	0.4073441
17632000	2471.27	586	2802	33883.8	61.716896	5.0430145	79.0219	46.76442	2.2958016	7.337168	150.6329	0.2911612
17664000	2126.62	120	2803	33938.53	63.177036	4.974707	78.18873	44.85429	2.653939	6.9931293	154.10257	0.31045765
17696000	2217.96	120	2803	33997.01	62.67902	5.167374	79.80419	42.587753	3.3170035	6.970771	109.422005	0.2869935
17728000	2592.22	787	2803	34055.08	63.652515	5.0223966	81.239265	46.36238	2.3329678	4.5882635	61.283863	0.25001276
17760000	2530.79	412	2803	34113.08	65.16802	4.990872	80.41556	47.274033	2.4046414	5.769391	83.7447	0.30613577
17792000	2544.76	393	2804	34171.81	66.69834	4.761076	79.79707	51.0904	1.4040847	2.6501691	57.165264	0.16907877
17824000	2501.16	120	2804	34228.78	68.85277	4.5418997	81.68968	53.683533	2.0914872	6.050709	97.55475	0.18375702
17856000	2396.17	120	2803	34286.33	69.96511	4.5099225	81.31061	52.413948	2.951405	8.397138	142.98201	0.2884274
17888000	2340.9	586	2802	34343.54	71.208534	4.356416	83.296295	58.442688	2.4584541	4.455671	59.327087	0.25862497
17920000	2211.6	586	2804	34400.62	71.44273	4.4237533	84.26404	55.449966	3.1903362	8.137939	130.12361	0.35303313
17952000	2393.95	587	2804	34459.98	70.990425	4.395702	84.03482	56.64379	2.8739088	5.4300704	65.917114	0.3101308
17984000	2461.59	587	2804	34516.33	68.710556	4.7717266	81.84928	52.220848	2.8964155	6.1909957	71.89501	0.29722548
18016000	2483.26	120	2802	34572.47	63.692554	4.8497496	77.74331	48.70263	2.8257666	6.508803	78.476425	0.3741634
18048000	2431.67	120	2802	34627.7	62.20093	4.9087806	76.27239	46.4476	2.8435013	7.3371434	119.80548	0.38353303
18080000	2479.89	397	2803	34684.69	64.34551	4.9706497	80.27495	48.26989	2.6076982	6.436755	93.974594	0.29767144
18112000	2341.04	777	2804	34740.64	66.5648	4.8602695	80.063896	47.490948	2.683203	6.5855026	85.96578	0.40070015
18144000	2171.29	120	2803	34796.93	64.30763	4.8635697	81.265816	48.693542	2.584729	6.8349423	99.32941	0.27620912
18176000	2077.85	120	2803	34851.23	61.362972	5.3504214	75.104126	44.392433	3.413596	9.385032	100.12326	0.30232987
18208000	2272.11	120	2803	34908.4	56.808403	5.427363	72.86026	38.34398	4.280648	11.569398	157.5756	0.325527
18240000	2474.53	120	2803	34965.26	58.445004	5.6441193	74.10293	41.129833	3.3351054	9.303132	124.18402	0.39492828
18272000	2681.69	586	2803	35022.78	60.279015	5.4424276	75.74484	44.877968	2.3371146	5.996176	86.5977	0.29721487
18304000	2192.46	120	2803	35077.66	66.38732	4.887769	83.52304	50.070232	2.1171436	6.57186	129.81866	0.2085129
18336000	2143.45	133	2803	35136.4	68.870125	4.49921	83.33625	55.080307	4.1342235	10.062487	99.17135	0.27825361
18368000	2354.64	120	2803	35194.65	68.59414	4.4139757	85.66615	55.410675	4.2621183	10.469845	159.57445	0.2452942
18400000	2360.21	120	2802	35252.51	65.36163	4.8131127	80.144745	49.735214	4.0545006	9.402436	137.80821	0.40445745
18432000	2310.38	120	2803	35307.38	62.603687	5.0514703	77.993835	45.55133	4.0176864	9.621723	116.41694	0.34739536
18464000	2237.8	120	2804	35363.38	64.291885	4.781353	79.99199	46.888695	4.0593705	8.8808365	89.672585	0.44626713
18496000	2153.89	396	2804	35420.26	67.49192	4.859423	81.62717	50.632877	4.728919	9.51789	127.54954	0.5184299
18528000	2185.13	120	2803	35476.74	70.47144	4.097455	83.15956	56.758038	5.108669	9.229402	122.338936	0.46112353
18560000	2234.83	133	2803	35534.44	69.0235	4.2730384	81.79336	53.721497	4.494279	9.704063	140.70465	0.46082306
18592000	2287.26	400	2804	35592.83	66.4288	4.436356	79.80024	50.968784	3.4716437	5.9687	67.74356	0.3721847
18624000	2324.69	400	2804	35651.58	66.03978	4.600091	81.677246	52.03277	3.6819217	7.447956	100.36405	0.524462
18656000	2363.53	120	2804	35708.88	66.544914	4.6628203	78.72754	51.177986	3.3520849	6.5257015	82.90278	0.49344075
18688000	2380.95	585	2804	35764.55	69.95583	4.3604727	82.04962	55.2361	3.18902	5.4036474	58.706127	0.44011295
18720000	2169.61	120	2803	35820.12	68.87839	4.2909875	80.99798	55.519836	3.2677095	4.970259	40.854294	0.43890923
18752000	2200.35	120	2803	35877.7	67.22256	4.7425976	80.178406	51.832047	3.1913059	5.509218	89.41155	0.40976202
18784000	2475.96	394	2803	35936.27	64.58282	4.7457833	78.12857	48.104797	4.0409226	9.117688	135.83409	0.38712355
18816000	2242.35	120	2803	35993.5	65.95195	4.9139676	79.0	48.066612	3.1200376	5.934397	80.956726	0.3346556
18848000	2385.66	120	2803	36049.98	68.60708	4.471645	82.3927	55.018753	3.6291547	8.337146	110.34579	0.43659848
18880000	2292.4	120	2803	36106.5	68.42076	4.558615	81.81669	50.964684	3.171089	6.111525	98.15305	0.39381623
18912000	2293.32	120	2803	36161.92	66.294075	4.786824	83.48494	53.167442	2.4192734	4.973347	85.761826	0.36285773
18944000	2275.96	397	2803	36219.12	66.31808	4.755382	82.165306	47.3519	3.8184075	9.778834	111.793365	0.33378616
18976000	2541.58	797	2803	36277.91	67.97233	4.9301996	83.62436	50.677315	2.71975	5.938034	110.71155	0.31521183
19008000	2610.83	120	2803	36339.25	70.36317	4.3803897	82.71416	56.637306	2.6939893	6.6910834	89.83929	0.29399103
19040000	2513.98	120	2803	36397.91	70.849686	4.2708926	83.59768	52.87358	2.0607336	4.4723444	77.25503	0.21821919
19072000	2336.45	780	2804	36455.58	71.68269	4.1821203	84.94196	57.525505	2.5895498	7.413672	136.7134	0.1731363
19104000	2294.98	120	2803	36512.5	70.458374	4.3907	81.93556	55.554214	2.9358385	6.968743	95.67289	0.280937
19136000	2324.57	588	2803	36570.21	70.00738	4.5173492	83.84407	56.65101	3.1586585	8.805852	109.162865	0.3839266
19168000	2318.21	779	2803	36628.03	68.94297	4.5278378	83.70308	51.635513	3.3170166	8.346615	91.93012	0.3548072
19200000	2374.88	586	2803	36685.64	68.37376	4.4555054	80.10777	53.041134	2.6535678	6.1408	77.68948	0.29187018
19232000	2353.74	586	2803	36743.68	67.14532	4.7002287	81.04211	49.22551	2.299628	4.629069	71.971504	0.27329051
19264000	2315.0	586	2803	36800.52	66.95581	4.6740875	79.94021	48.717285	3.0290601	5.994328	79.086555	0.38706103
19296000	2466.87	780	2803	36859.72	68.429924	4.4436736	81.58495	51.834816	3.0528467	6.8608	120.32455	0.35482228
19328000	2441.88	773	2803	36917.07	70.47405	4.077439	83.16217	54.997635	2.666566	4.0023794	51.011597	0.4719075
19360000	2287.02	586	2804	36973.66	71.82492	4.0617847	85.87894	57.481934	2.9126928	5.5531945	90.93247	0.3132193
19392000	2394.24	499	2804	37031.85	72.08554	3.901275	84.33174	59.932144	3.3606157	6.129358	79.049965	0.46725497
19424000	2363.95	499	2804	37090.41	72.296745	4.098531	83.95	57.752235	3.2937808	6.548391	72.97204	0.26743838
19456000	2454.45	723	2803	37148.72	70.369675	4.2534084	83.76243	56.02521	3.158192	7.2577386	93.0025	0.351649
19488000	1979.14	120	2803	37205.05	69.327126	4.338638	84.22795	53.595043	2.7106879	5.2111835	80.07655	0.23186941
19520000	2010.79	120	2803	37262.61	70.22064	4.315895	81.803055	55.459656	3.520533	6.903942	113.74917	0.304608
19552000	2201.84	523	2803	37319.61	71.35408	4.1742816	83.51825	55.584393	4.214265	9.361322	160.50322	0.34428692
19584000	2279.06	120	2803	37378.87	72.59709	4.0470138	84.75363	59.92029	4.1573887	8.071916	146.44884	0.41637737
19616000	2205.66	120	2803	37436.32	70.847176	4.0064335	84.131165	58.103104	4.7594953	10.415146	142.25302	0.37628525
19648000	2246.25	400	2802	37493.21	70.03772	4.3864183	82.36593	53.888374	4.179705	7.6641726	141.53793	0.52888
19680000	2299.73	120	2802	37549.96	68.01636	4.416209	82.82186	52.65062	3.9795473	7.2466655	98.184074	0.44700205
19712000	2438.27	120	2802	37606.7	68.176735	4.673905	83.40876	55.11837	3.6238203	5.689061	83.73037	0.3477853
19744000	2558.74	791	2803	37664.74	65.809425	4.6637325	80.213524	47.01325	3.140648	5.487657	92.03884	0.37620178
19776000	2390.28	120	2801	37723.2	63.76722	4.572677	79.70854	46.17887	3.2735126	7.574002	124.27301	0.25090495
19808000	2299.32	120	2802	37781.1	62.584965	4.8583007	76.538536	48.80784	2.7362866	7.0223203	97.23086	0.2811525
19840000	2338.65	523	2803	37838.34	64.15297	4.7320457	80.152435	44.096626	3.034503	6.990615	89.60883	0.34425476
19872000	2074.46	388	2803	37896.02	66.70772	4.529552	81.16171	52.429016	3.3916543	6.601716	77.33722	0.38926718
19904000	2051.38	359	2803	37952.48	68.52098	4.3313932	80.74855	51.202805	4.641326	10.721528	150.1078	0.4531236
19936000	2275.84	769	2804	38011.58	70.39337	4.1251197	81.60866	56.68972	4.3998766	8.119605	111.74472	0.49032912
19968000	2146.62	390	2804	38069.55	71.36401	3.938085	82.5343	59.575867	5.170761	9.891423	123.77702	0.4394956
20000000	2147.73	585	2803	38126.73	72.68974	3.9237103	84.12424	59.42688	3.8188288	6.437137	67.44089	0.3695078
