TotalEnvInteracts	AverageEpRet	MinEpRet	MaxEpRet	time	Averageloss	Stdloss	Maxloss	Minloss
16000	366.71	246	1375	53.52	0.35386232	0.26518476	2.2564566	0.044979587
32000	387.4	246	1402	109.37	1.0203813	0.9107797	6.8817143	0.119637966
48000	346.63	250	909	165.57	2.0964932	1.5467079	8.881096	0.1583648
64000	337.64	241	902	222.21	3.3001046	2.355078	16.578674	0.26638103
80000	369.17	250	961	279.64	4.645484	3.229182	19.532993	0.44884056
96000	337.44	246	950	336.31	5.9590797	3.9043255	30.053574	0.68506145
112000	331.52	240	1235	393.66	6.5202627	4.2050962	26.226467	0.65540373
128000	383.37	240	1344	450.86	6.6043086	4.2364283	26.592491	0.66978896
144000	358.57	240	947	507.58	6.3039465	4.4815493	29.077114	0.88910866
160000	322.47	240	961	564.71	6.113533	4.15703	27.741138	0.83027875
176000	339.23	240	948	621.49	5.6173935	4.1335216	26.11625	0.654508
192000	369.81	240	936	678.86	4.7954316	3.723231	24.490873	0.693292
208000	352.58	240	1209	735.47	4.1632714	3.2145405	21.064709	0.62276185
224000	414.3	240	979	792.23	3.9501765	2.9792926	19.589748	0.4705243
240000	408.2	240	914	850.31	3.681576	2.6373072	16.5523	0.40047053
256000	410.75	240	913	907.09	3.701809	2.4368505	14.2525015	0.56816536
272000	358.76	240	912	965.66	4.0387664	2.6778755	18.575104	0.5466271
288000	361.06	240	915	1022.78	4.3097773	2.9093409	25.23721	0.64348435
304000	409.67	240	915	1079.59	4.091026	2.7308943	20.665562	0.7395458
320000	413.93	75	915	1137.07	4.4027553	3.0319643	19.838047	0.6454003
336000	403.96	240	910	1193.66	5.3864	4.083042	30.97438	0.78207684
352000	503.63	240	1400	1251.38	5.5844855	4.0221024	28.450401	0.8509793
368000	398.82	240	913	1308.16	5.753788	4.267383	37.1612	0.8044286
384000	444.19	240	1415	1365.18	6.0859513	4.5553	35.54708	0.84536004
400000	466.96	240	1255	1423.05	5.9640164	4.2434716	30.326092	0.71202254
416000	468.83	240	1253	1479.83	6.6978545	4.831042	34.387154	0.9854529
432000	510.49	240	1603	1537.42	7.03514	5.320026	41.607777	0.98364925
448000	501.17	240	1594	1594.78	7.665077	5.465928	33.747173	1.0731226
464000	519.52	240	1602	1651.66	8.171399	6.215976	41.0031	1.156405
480000	410.76	240	1549	1709.44	8.727826	6.4327188	41.637215	1.0279276
496000	473.81	240	1371	1766.3	9.251217	6.7659755	57.5002	1.3409791
512000	516.29	240	1400	1824.01	9.420988	6.7722707	52.251686	1.3019596
528000	488.45	240	1050	1881.03	9.871758	7.31978	61.661514	1.3559573
544000	447.93	240	1386	1937.98	9.018758	7.1037292	54.067814	1.3421273
560000	512.96	240	1400	1996.08	9.087225	7.2536016	50.272575	1.2656921
576000	491.69	240	1391	2053.58	9.675541	8.331478	64.09944	1.2109418
592000	446.56	240	1397	2110.91	9.825865	7.8624916	70.216324	1.2813817
608000	496.44	240	1402	2168.36	9.588964	7.65001	49.705704	1.1639222
624000	460.57	240	1390	2225.57	10.37097	8.2304535	52.844414	1.1664017
640000	386.91	240	1616	2283.57	9.400445	7.273072	59.18281	0.9933699
656000	481.24	240	956	2340.61	7.808825	6.3014755	45.53678	0.98404986
672000	476.9	240	1538	2398.1	7.824816	5.6005154	30.865326	1.0932629
688000	501.51	240	960	2455.64	7.5654907	5.407795	35.029163	1.1931658
704000	500.06	240	1417	2512.32	7.268378	5.361461	33.52876	0.97323984
720000	512.92	240	1412	2569.96	7.2245207	5.300609	36.52037	0.7243254
736000	501.63	240	1425	2627.1	7.462423	5.6953983	38.312077	0.9146848
752000	595.63	240	1421	2684.65	7.2225094	5.5363555	43.156696	0.6895187
768000	597.92	240	1423	2742.41	7.4169745	6.1046543	45.11629	0.8877344
784000	574.63	240	1424	2799.61	7.535128	5.7198753	47.791744	1.1226696
800000	473.46	240	1408	2857.73	8.086253	5.8362265	46.4869	1.1281197
816000	457.4	240	1611	2915.3	8.648561	6.430921	50.355072	1.2083648
832000	299.56	240	1270	2972.72	9.044299	6.9072294	42.534435	1.0712458
848000	356.14	240	955	3030.47	9.089723	7.4481297	55.574223	1.2449974
864000	440.4	240	1506	3087.65	9.844569	8.354802	70.86131	1.2255224
880000	392.46	240	955	3145.46	10.176092	9.409333	63.660156	1.2159009
896000	445.29	240	1392	3202.94	9.600086	9.0243845	59.105778	1.2444513
912000	498.26	240	1415	3260.57	9.34339	8.362375	49.77584	1.01852
928000	507.89	240	963	3317.93	9.210322	8.454436	65.18241	1.220835
944000	330.89	240	913	3374.83	9.569027	8.362221	55.150986	0.80992204
960000	570.81	240	1264	3432.5	10.402766	9.899464	78.694275	1.2560064
976000	519.09	240	1253	3489.52	10.67418	9.473933	69.82656	1.0450976
992000	506.55	240	1411	3547.01	11.345828	9.395385	77.53454	1.3891909
1008000	507.14	240	1234	3604.38	10.208545	7.8889575	49.892773	1.1072743
1024000	420.81	240	958	3661.8	10.333956	8.171985	50.40972	1.3272334
1040000	612.02	240	1399	3720.04	10.333334	8.024464	62.93285	1.4345716
1056000	561.23	240	1687	3776.95	10.3791895	7.637774	57.46335	1.3730698
1072000	547.78	240	1611	3834.59	9.412562	7.096759	53.293205	1.0283053
1088000	650.43	240	1666	3892.08	9.025557	7.2096167	61.69525	1.3787932
1104000	514.34	240	1621	3949.15	9.674713	7.1658115	47.735115	1.243227
1120000	466.89	240	1469	4006.74	9.420609	7.36062	51.230217	1.4352679
1136000	535.5	240	1397	4064.25	9.100216	7.0555296	54.90813	1.2796211
1152000	586.22	240	1612	4122.07	9.37044	7.451699	49.20288	1.2188239
1168000	682.07	240	1619	4179.74	10.390299	8.696519	58.78028	1.2069827
1184000	701.56	240	1615	4236.78	10.862828	8.826628	54.474243	1.5526974
1200000	659.1	240	1405	4294.7	10.64816	9.152222	71.11467	0.8617382
1216000	728.24	240	1485	4351.75	10.157127	8.334223	44.982353	1.0432134
1232000	682.47	240	1613	4408.95	9.389703	8.171144	65.68246	1.2886684
1248000	658.84	240	1566	4466.52	9.475004	8.200609	56.14696	0.9274249
1264000	654.32	240	1768	4523.88	9.055344	7.918893	54.102077	1.0272796
1280000	566.56	240	1614	4581.48	9.172616	8.363679	56.17692	1.0867083
1296000	460.47	240	1411	4638.59	10.473998	8.780284	52.81385	1.1127357
1312000	591.42	240	1615	4695.59	10.263426	9.147272	60.66239	1.1704707
1328000	645.76	240	1611	4753.09	10.691302	9.415587	74.45508	1.2417843
1344000	586.3	240	1613	4810.12	11.119824	10.030913	82.51992	1.4058573
1360000	624.92	240	1613	4867.96	10.9213295	9.776603	68.119576	1.6676815
1376000	704.35	240	1611	4925.24	11.536667	10.146981	69.42072	1.3879819
1392000	685.78	240	1486	4982.69	9.859921	9.307346	85.966675	0.9746647
1408000	552.05	240	1253	5040.16	10.748672	10.506263	78.8325	0.90255034
1424000	625.24	240	1615	5097.5	10.727282	9.826305	69.706345	1.5703473
1440000	672.85	240	1774	5155.84	9.849355	9.4302	71.89519	0.8508558
1456000	685.16	240	1487	5213.12	9.789113	9.152869	68.75201	1.5727572
1472000	677.44	240	1611	5270.42	9.023948	8.22356	54.72547	1.131628
1488000	706.56	240	1615	5328.83	9.573705	8.974399	62.63108	1.2602496
1504000	656.77	240	1389	5385.69	9.301007	9.429758	86.454346	1.0258427
1520000	711.45	240	1752	5443.9	10.919525	10.791724	81.426575	1.3002021
1536000	643.36	240	1362	5501.0	9.559343	8.317711	56.52001	1.0966142
1552000	653.69	240	1690	5558.38	9.158414	8.529829	70.599464	0.9789329
1568000	625.82	240	1682	5616.2	9.148234	8.261574	53.992332	1.0628605
1584000	555.75	240	1611	5673.18	10.05121	9.538067	69.87713	1.1326563
1600000	651.99	240	1679	5731.13	10.069258	9.600668	96.63077	1.2996793
1616000	723.39	240	1774	5788.17	10.073532	10.040619	88.64546	1.311988
1632000	648.02	240	1590	5845.26	9.01956	8.742343	69.22066	1.168896
1648000	662.98	240	1760	5902.93	9.36029	8.86045	69.2869	1.0667052
1664000	768.0	240	1724	5960.23	8.830291	8.271934	70.27328	1.2185752
1680000	691.85	240	1755	6018.08	8.331496	8.388227	59.670982	1.1476591
1696000	647.95	240	1616	6075.27	7.907244	7.3484435	60.47918	0.99971366
1712000	667.89	240	1616	6132.47	7.79043	6.9743943	59.067764	1.0831356
1728000	581.8	240	1616	6190.62	7.9245915	6.3804564	43.15408	1.040167
1744000	656.84	240	1390	6247.78	8.204266	6.755473	48.680164	1.2395782
1760000	621.66	240	1609	6305.53	8.280894	6.783976	50.466984	1.384373
1776000	691.6	240	1382	6363.06	8.4884815	7.416417	65.54296	1.3134851
1792000	711.78	240	1591	6420.78	9.520586	8.472135	57.32622	1.5163536
1808000	695.85	240	1412	6478.91	8.741163	8.015077	51.679268	1.1688089
1824000	809.49	240	1611	6535.76	9.316147	8.988209	76.281746	1.3612692
1840000	746.05	240	1422	6593.76	8.62767	8.280941	59.262276	1.1674542
1856000	724.35	240	1430	6651.19	8.72513	7.9845695	70.82363	0.99026024
1872000	713.47	240	1426	6708.15	7.7353053	6.573764	50.082542	1.1454408
1888000	829.89	240	1618	6766.35	6.636132	5.6199374	42.303593	0.97071755
1904000	763.8	240	1592	6823.21	5.9983172	4.930333	38.946884	0.90175235
1920000	783.85	240	1430	6880.86	6.5686884	5.8762045	48.215862	0.9272298
1936000	785.4	240	1431	6938.28	6.1976886	5.9904747	62.60189	0.9998167
1952000	876.92	240	1622	6995.29	6.889342	6.911101	64.11106	1.1467105
1968000	830.54	240	1603	7053.21	7.3415565	7.1079	60.721157	0.959301
1984000	925.85	263	1426	7110.36	7.6791377	7.0979576	62.472702	1.1660755
2000000	848.9	240	1490	7167.94	8.176009	7.510567	57.630543	0.8171778
2016000	797.23	240	1431	7225.11	7.8976717	6.617849	41.47863	1.1764348
2032000	651.76	240	1419	7282.15	8.289568	7.7508016	60.668953	0.75762075
2048000	833.46	240	1432	7340.2	9.082527	8.868921	85.87324	1.069396
2064000	772.37	240	1431	7397.67	10.403136	10.526565	79.44187	0.94871086
2080000	844.22	240	1624	7455.47	10.251816	9.816797	66.93525	1.4305639
2096000	900.5	240	1598	7513.04	10.176987	10.142976	77.923325	1.284713
2112000	866.09	240	1622	7570.11	10.565104	12.549105	102.25688	1.0625215
2128000	899.8	240	1691	7628.01	9.984297	10.447805	82.78786	0.7278161
2144000	969.39	240	1484	7685.18	9.0456085	9.550491	92.36733	1.2084371
2160000	978.03	253	1620	7742.92	8.0069	8.083002	88.20592	0.9353576
2176000	1099.59	363	1623	7800.23	7.181375	6.3364778	64.51273	1.1193286
2192000	1025.83	240	1623	7857.88	7.4627423	7.809833	62.601627	1.0121548
2208000	1014.72	240	1623	7915.96	7.2157283	6.7082334	61.245415	0.93574774
2224000	912.0	240	1611	7973.28	7.8970647	7.7899356	71.994354	1.0516944
2240000	991.48	240	1486	8030.79	7.3937893	7.217765	69.19231	1.1063586
2256000	968.29	240	1693	8088.06	7.9478273	7.9686503	65.72954	1.0349071
2272000	1002.01	240	1947	8145.71	8.379542	8.503144	68.77319	1.4541626
2288000	932.39	263	1688	8203.79	9.459129	8.963408	61.678932	1.234802
2304000	607.31	240	1611	8261.08	10.075296	9.208466	77.27538	1.3996935
2320000	681.99	258	1984	8318.26	10.124653	9.155335	83.77902	1.5459795
2336000	577.9	258	1619	8375.64	10.657882	9.307183	80.006676	1.4990857
2352000	573.1	257	1625	8432.62	11.051451	9.27035	82.1576	1.8693706
2368000	501.66	252	1623	8490.36	11.048722	8.944201	82.23103	1.6156447
2384000	503.5	257	1432	8547.89	10.611703	6.946433	64.37043	1.9457682
2400000	903.04	257	1685	8605.62	10.976924	9.055172	117.672516	2.0016878
2416000	783.34	257	1663	8663.08	11.730265	8.890779	91.56825	1.5387477
2432000	786.5	262	1620	8719.98	11.540555	9.024174	71.30992	2.0563061
2448000	791.78	240	1626	8777.85	10.493709	7.2009535	59.940933	2.2291002
2464000	864.14	257	1626	8834.85	10.768221	8.489225	62.202835	1.921829
2480000	937.7	386	2128	8892.2	9.682305	7.851474	69.53268	2.0290794
2496000	900.44	257	2128	8949.65	9.427006	7.9901137	119.35486	1.7440027
2512000	813.21	263	1611	9007.02	8.862281	7.7582545	68.73721	1.8275516
2528000	921.25	362	1948	9065.33	8.623595	7.6847024	87.21927	1.238556
2544000	909.96	371	1691	9122.6	8.914865	8.280035	91.9283	1.3963096
2560000	898.72	371	1427	9179.83	8.881894	7.36678	69.26894	1.5117207
2576000	893.98	264	1691	9237.37	8.842609	7.3284063	63.045784	1.6217706
2592000	988.26	264	1928	9294.83	8.9750185	7.5906453	73.102264	1.5608792
2608000	943.17	257	1430	9352.51	8.701055	7.0760417	60.091618	1.7935221
2624000	1028.89	264	1423	9410.02	9.174627	7.176751	71.09281	1.5916256
2640000	975.89	257	1423	9467.53	8.421361	7.289953	62.935116	1.0636743
2656000	966.34	379	1423	9525.6	8.804497	7.998003	66.44774	1.3092741
2672000	941.61	379	1414	9582.92	7.648413	6.651598	52.247078	0.92784816
2688000	1016.98	264	1429	9641.26	8.004748	7.6005096	77.23143	1.3611188
2704000	961.94	257	1617	9698.67	7.897841	7.3500314	79.73862	1.2001851
2720000	878.1	263	1427	9755.81	8.099222	7.001551	56.957195	1.4709547
2736000	988.22	264	1434	9813.54	8.921072	8.195051	112.17552	1.2980782
2752000	847.99	264	1622	9870.68	8.414275	7.5192	68.78886	1.1831577
2768000	915.87	257	1622	9928.88	9.475873	8.020417	73.38844	1.6179084
2784000	1003.37	257	1619	9986.18	9.642757	8.003955	58.73568	1.7048271
2800000	973.42	263	1622	10043.61	9.759098	7.8711834	63.557243	1.7463375
2816000	1059.09	263	1621	10101.19	9.433166	7.5242395	67.22598	1.9087934
2832000	1047.84	252	1693	10158.3	8.832607	6.9860387	59.413418	1.7389572
2848000	1025.34	257	2130	10216.25	7.941509	6.871499	55.322807	1.6572483
2864000	1102.01	258	2130	10273.58	8.189947	6.941867	64.73448	1.560092
2880000	1084.19	363	1620	10330.74	6.8567266	5.756418	54.189533	0.9181612
2896000	1011.62	366	1608	10388.58	7.70941	7.5805774	94.88826	1.1503906
2912000	1005.45	257	1626	10445.68	8.364403	8.130977	65.145775	0.8559866
2928000	949.28	257	1692	10503.45	8.064262	8.24499	66.62161	1.2355051
2944000	1019.37	257	1692	10560.76	7.985186	8.095474	101.38094	0.94614124
2960000	935.05	257	1622	10617.67	8.265136	8.016424	65.391045	1.3923547
2976000	991.25	367	1726	10675.37	8.485508	9.511753	108.77801	1.3435106
2992000	1029.4	257	1829	10732.54	8.037595	8.963926	83.79002	1.1403387
3008000	1044.78	257	1434	10790.52	8.93843	9.23623	67.4829	1.1524658
3024000	1123.64	371	1815	10847.86	8.222971	8.394301	79.36348	1.3503871
3040000	1043.0	362	1915	10904.72	8.196636	8.286938	76.25235	1.3709084
3056000	972.44	362	1430	10962.69	8.720148	8.992837	67.70301	1.3745116
3072000	1016.65	362	2019	11019.81	7.73906	8.235113	69.658295	1.133431
3088000	977.24	379	1992	11078.45	8.259208	8.2518835	70.35846	1.2220631
3104000	1026.45	362	1968	11135.87	9.113643	9.231138	79.93708	1.4346051
3120000	898.73	253	2004	11193.07	8.401788	8.4706335	66.66525	1.2868998
3136000	958.55	240	2004	11250.94	8.904649	9.739224	104.79926	1.2463276
3152000	942.45	263	1990	11308.33	8.72542	9.110941	77.403336	1.1139237
3168000	978.86	258	1923	11366.34	8.854092	9.484927	100.918434	1.1687005
3184000	895.9	258	1821	11423.69	8.692547	8.769609	74.31755	1.2333535
3200000	869.3	240	2103	11480.88	9.189202	8.611181	91.74588	1.4355139
3216000	935.09	258	1622	11538.64	9.166243	10.235061	177.98975	1.1965718
3232000	939.27	375	1712	11595.7	9.353689	10.62938	127.71733	1.4702125
3248000	914.58	370	1712	11653.41	8.870619	7.87666	58.709843	1.0221299
3264000	959.28	362	1820	11710.89	8.85602	7.573352	73.14757	1.271785
3280000	1062.88	362	1820	11768.12	8.316875	7.559838	70.12026	1.4284647
3296000	1025.27	263	1626	11826.3	7.57486	7.1911473	85.57332	1.1962805
3312000	965.53	263	1976	11883.5	7.351065	7.3224907	86.470856	1.0894353
3328000	996.37	257	1816	11941.51	6.324841	5.832797	59.92958	1.175744
3344000	954.04	257	1990	11998.88	6.4249463	6.3593464	58.72088	0.84245384
3360000	1043.07	440	2014	12056.45	5.8627257	6.648689	80.62543	0.87078863
3376000	947.88	367	2014	12114.69	6.657918	6.5985713	48.685734	1.0483917
3392000	973.53	257	1705	12172.09	7.1851573	6.8451757	81.468346	1.0631485
3408000	1030.13	367	1769	12229.78	7.7256827	7.273968	78.555466	0.9377899
3424000	1085.74	367	1769	12287.12	7.623728	7.293244	66.593346	1.3936849
3440000	1107.31	263	2116	12345.0	6.8328066	6.815443	111.72513	1.1922659
3456000	1054.54	263	2116	12403.73	6.980461	6.6424675	76.720276	1.1717373
3472000	989.24	366	1771	12463.12	6.7014604	5.7501793	53.30155	0.976797
3488000	973.2	333	1679	12521.4	7.069038	6.6390905	57.088806	1.0800974
3504000	1037.55	258	1809	12584.24	7.5784717	7.41108	61.056465	1.0671365
3520000	1047.89	258	1809	12646.29	7.1618037	7.5237765	62.609524	0.87747455
3536000	1073.81	257	2124	12708.37	8.127888	8.3401575	81.09189	1.2950896
3552000	1187.62	257	2124	12768.69	8.270407	8.416474	74.83953	1.1655965
3568000	1145.42	250	1966	12830.67	8.421578	9.516753	99.50842	1.052426
3584000	1136.02	257	1966	12891.79	7.984072	9.184485	82.80316	1.1003122
3600000	1158.08	257	1705	12952.85	8.0051775	9.136698	82.461845	1.1626713
3616000	1234.84	377	2124	13013.05	7.070446	7.450717	74.26558	0.8823315
3632000	1250.19	368	2124	13071.46	6.2127633	7.3484178	97.87508	0.999104
3648000	1113.67	263	2123	13129.97	6.504912	7.53045	104.03168	0.94670784
3664000	1001.73	263	2123	13189.34	6.6597576	7.1564064	71.27659	0.86291265
3680000	1033.68	257	1940	13248.65	6.408851	7.121115	96.06462	0.97267044
3696000	1060.26	257	1940	13307.21	6.6489687	8.215792	84.99577	0.9087937
3712000	1042.97	362	1692	13365.62	7.412785	7.7452216	61.513847	0.8305663
3728000	1132.05	257	1692	13449.29	7.443737	7.752552	94.006645	1.0677962
3744000	1035.33	257	1672	13529.55	8.295936	8.887325	115.24344	1.3442593
3760000	1086.52	257	1672	13589.02	8.000942	7.925076	74.97326	1.0730317
3776000	1106.48	257	1799	13650.88	8.180611	8.036109	70.29793	0.9292901
3792000	1101.96	257	2010	13710.01	7.4535894	8.193824	67.16981	1.0110029
3808000	1199.56	439	2010	13770.99	7.0118957	7.349274	71.90105	1.0859782
3824000	1145.41	257	2016	13831.08	6.7720857	7.894595	88.93551	0.9903957
3840000	1117.63	257	2016	13890.63	6.132478	6.18769	58.00272	0.84851754
3856000	1230.97	257	2110	13950.06	6.185245	7.7520437	78.92115	0.87503815
3872000	1211.82	257	2110	14009.23	6.275059	7.824395	84.17438	0.91005886
3888000	1276.75	257	2011	14069.36	5.819511	7.3259773	83.6066	0.8945313
3904000	1254.03	257	2012	14128.82	4.742424	5.412605	53.80808	0.663642
3920000	1309.65	257	2121	14187.36	4.711365	6.6705604	100.48534	0.50360143
3936000	1291.23	257	2121	14245.65	5.3491073	6.959131	94.92243	0.8819947
3952000	1346.1	257	2121	14303.8	5.337615	6.7135863	85.1183	0.9244576
3968000	1270.26	440	2064	14361.49	5.21563	6.1276026	87.292336	0.7834216
3984000	1116.89	258	1687	14420.12	5.296174	6.487283	74.86494	0.6058562
4000000	1141.73	258	2248	14478.32	6.1625648	7.4346056	64.214836	0.8750295
4016000	1264.67	258	2248	14536.62	6.0594316	8.047314	92.390045	0.8099258
4032000	1246.1	257	2122	14594.77	5.4969344	7.3761106	79.065155	0.8568771
4048000	1316.06	257	2122	14652.16	5.1963987	8.363751	86.33749	0.68882006
4064000	1413.1	370	2214	14710.71	5.6432295	8.279191	89.097374	0.9002125
4080000	1360.96	240	2233	14768.88	5.4086437	6.714756	68.35312	0.7340607
4096000	1374.06	240	2233	14828.83	5.1707234	6.5235763	58.46322	0.9578938
4112000	1405.39	240	2016	14887.38	4.329749	6.0540004	71.43541	0.6884622
4128000	1437.94	257	2119	14946.44	4.101613	6.441355	105.83833	0.6381647
4144000	1404.26	257	2517	15007.68	5.0450487	8.878268	135.44656	0.79495347
4160000	1332.78	257	2517	15066.51	4.7552896	6.7697415	134.21617	0.75990766
4176000	1206.62	257	2125	15124.56	5.370994	8.615743	118.463905	0.8319043
4192000	1276.13	257	2309	15189.24	5.42555	8.0794325	151.4714	0.68722296
4208000	1266.02	257	2309	15252.38	5.020869	6.949884	117.00443	0.66712034
4224000	1298.99	257	2309	15313.01	5.608826	9.031445	114.84646	0.6181651
4240000	1251.35	263	1817	15373.65	5.870369	8.855356	128.85783	0.895128
4256000	1201.33	263	2000	15434.64	6.573746	10.270312	136.27097	0.68219036
4272000	1220.48	263	2123	15494.39	6.459481	10.4075365	146.12186	0.8718951
4288000	1296.49	257	2123	15554.74	5.7786827	8.755094	140.4035	0.6955769
4304000	1184.2	257	2003	15613.77	7.5212636	11.249134	142.26025	0.94869995
4320000	1158.37	257	2002	15672.78	7.265209	8.513042	106.68472	0.8841799
4336000	1272.28	258	2009	15732.8	7.2079363	9.975756	182.20027	1.0819513
4352000	1195.91	258	2009	15791.87	7.462979	9.6344	99.17854	1.2417178
4368000	1135.25	258	1809	15850.18	7.098776	8.980405	137.10254	1.0948309
4384000	1042.54	257	1809	15908.69	7.919613	11.759593	141.03905	0.84041643
4400000	981.39	257	2007	15967.16	7.5972166	9.682425	110.065056	1.1486593
4416000	1130.12	257	2007	16026.52	6.6294675	7.492659	105.807274	1.0791082
4432000	1239.99	440	2007	16085.39	6.9457984	9.116865	116.74285	1.177856
4448000	1235.41	263	2007	16146.71	6.222425	8.1174755	121.519196	0.68805814
4464000	1190.58	263	2007	16207.81	5.960864	7.9202685	88.99143	0.8603158
4480000	1201.23	257	2040	16268.01	5.664392	7.428045	141.77663	0.7954149
4496000	1135.52	257	2040	16327.43	5.251761	7.662576	174.34816	0.8514982
4512000	1085.76	257	2013	16386.68	5.3267264	6.6677575	78.59005	0.5632599
4528000	1112.67	257	2013	16445.96	5.5020823	9.724655	150.98285	0.60988766
4544000	1214.92	263	2013	16504.3	5.3977947	7.675698	81.5607	0.7411331
4560000	1229.34	362	1949	16563.48	5.5433507	7.49827	78.999115	0.6672102
4576000	790.97	257	1688	16622.29	6.6692443	12.648058	162.3533	0.62900114
4592000	907.5	257	1788	16681.74	7.9537873	16.45952	163.04276	0.6135826
4608000	1063.26	257	1760	16740.61	7.706173	15.708556	145.33084	0.65460324
4624000	942.86	257	2008	16799.38	9.928267	19.174221	164.74008	0.95933807
4640000	585.67	253	1776	16858.79	12.693048	22.50701	160.28998	1.0735288
4656000	549.69	246	1713	16917.82	14.582002	20.539337	142.46219	1.2819858
4672000	753.31	246	1713	16976.41	14.490427	19.45856	183.52008	1.3312837
4688000	1055.23	246	1620	17034.91	12.849359	16.230244	107.13745	1.0249779
4704000	1201.64	257	1811	17093.1	11.149909	15.063084	118.59861	0.8711914
4720000	1312.45	357	2321	17152.16	9.724846	13.7213955	130.1386	0.63999784
4736000	1211.42	257	2321	17211.27	8.375627	11.434384	92.31489	1.1085501
4752000	1175.44	240	2010	17270.66	6.7905216	8.235174	66.3265	0.9288429
4768000	1190.7	240	1710	17329.38	6.4797974	8.357368	72.36618	0.9748299
4784000	1189.48	259	2015	17387.53	5.291699	7.3881927	119.051704	0.8363944
4800000	1105.08	257	2015	17446.98	6.897139	9.201819	112.83489	0.9218062
4816000	1128.15	257	1798	17505.2	6.952267	9.122366	111.81259	1.0023239
4832000	1254.05	361	2015	17563.7	6.7756066	8.245413	107.70827	0.9710679
4848000	1266.47	361	2322	17622.67	6.158169	7.8580317	108.87488	0.783005
4864000	1280.46	362	2322	17681.5	6.5720997	7.686886	86.58775	0.8994515
4880000	1277.02	362	1686	17741.26	6.8303924	8.453474	91.233055	0.9432144
4896000	1175.7	263	1686	17799.66	7.901837	9.496237	109.28494	0.98836136
4912000	1151.34	263	1739	17858.09	8.079645	9.627571	98.200195	1.0568962
4928000	1165.66	263	1739	17917.83	7.469373	10.479784	133.31131	1.1134344
4944000	1183.34	263	1686	17976.3	8.579874	12.840395	169.35063	1.036864
4960000	1245.07	263	1810	18035.1	8.130151	11.7871275	178.26195	0.8583876
4976000	1209.62	257	1811	18093.83	8.500991	13.948863	157.52548	1.0659789
4992000	1175.71	257	1811	18151.92	8.8318205	14.719659	126.8075	0.846094
5008000	1287.18	257	2127	18211.3	7.0341973	12.065992	123.86953	0.96794915
5024000	1367.55	257	2229	18269.84	6.779527	12.663263	123.978584	0.8405755
5040000	1393.64	257	2233	18328.69	6.7557225	11.595734	152.81604	1.0407119
5056000	1310.13	257	2233	18387.25	6.417657	12.398955	123.14786	0.87895405
5072000	797.31	257	2324	18446.65	6.31899	13.92177	117.282135	0.7751723
5088000	456.42	257	1688	18505.91	11.686013	18.462013	119.856094	0.8510347
5104000	880.53	257	1688	18564.34	13.984242	19.79415	122.59163	0.78912985
5120000	1255.0	257	1686	18623.03	13.028136	17.945108	130.43303	0.6577311
5136000	798.95	258	1621	18682.67	12.854903	17.532099	131.58644	0.8036586
5152000	778.43	258	1688	18741.03	13.746379	18.986353	158.9358	1.1002884
5168000	970.12	258	1690	18800.04	10.848901	16.739899	161.54547	1.2115996
5184000	1084.62	257	2312	18858.35	10.584515	17.243008	283.96594	1.1230469
5200000	1144.11	257	2541	18916.91	9.567931	11.936838	118.981804	1.246715
5216000	1257.54	257	2541	18976.1	9.196176	12.619698	186.64252	1.37276
5232000	1206.92	264	1809	19034.61	8.623908	10.874778	95.428856	1.2801511
5248000	1173.31	369	1685	19093.76	7.3809357	8.341424	88.41376	0.9293523
5264000	973.1	264	1827	19152.43	7.723247	11.830954	127.40886	1.0104547
5280000	984.26	264	1827	19210.82	7.414286	10.390528	113.541176	1.0504235
5296000	948.24	263	2013	19270.03	6.4553514	8.7404785	104.78902	0.8860884
5312000	865.97	257	2013	19328.48	8.0623455	11.671802	99.08824	0.76683724
5328000	847.63	264	1882	19387.04	9.80668	16.543573	175.79387	1.1133808
5344000	906.64	257	1882	19445.72	11.561669	17.916399	160.9339	0.7048747
5360000	967.28	256	1688	19503.88	9.588903	16.843798	174.97083	0.8613012
5376000	419.34	257	1421	19562.71	12.923046	18.752777	110.91094	0.9572326
5392000	676.2	264	1825	19620.78	14.873201	20.053837	143.7042	0.60759187
5408000	505.69	258	1824	19679.86	15.571793	20.380047	156.1354	0.7303495
5424000	689.03	256	1939	19738.7	14.717647	22.156492	167.88893	0.6239733
5440000	888.58	258	2227	19796.85	17.425718	21.861008	149.10593	0.9147969
5456000	1107.99	258	2227	19856.25	14.964426	20.46849	150.36676	0.7924204
5472000	1227.2	257	2011	19915.1	14.7261	20.31029	129.67853	0.9517609
5488000	1126.55	257	1715	19974.02	15.312263	19.316534	128.26193	0.9664743
5504000	1084.97	257	1831	20032.63	15.5153475	18.827564	137.08267	1.6837118
5520000	1030.36	371	1831	20090.74	12.342428	16.307663	130.47166	1.4964123
5536000	1164.22	257	1815	20149.83	9.971492	13.31453	133.12149	1.558353
5552000	1230.97	257	2129	20208.75	9.272619	12.3843975	124.79864	1.4828877
5568000	1048.02	258	2326	20267.08	8.699081	11.484955	116.8777	1.5988128
5584000	1033.48	371	1827	20326.05	9.184295	11.134618	118.530914	1.6931062
5600000	1292.39	263	2015	20384.84	8.652457	11.277857	130.13924	1.214729
5616000	1244.73	263	2016	20443.96	7.387266	10.400788	135.90462	1.3416377
5632000	1255.08	256	2745	20502.29	6.834864	8.825862	139.50801	0.9577495
5648000	1278.4	256	2745	20561.0	7.132833	9.873367	118.865875	0.85882604
5664000	1242.11	256	2545	20620.24	7.0639563	8.656238	89.36344	1.0943131
5680000	1301.34	365	2545	20678.48	6.1201415	8.055903	100.01912	0.97917247
5696000	1356.09	263	2545	20737.64	6.228099	8.58047	107.96703	0.74961233
5712000	656.35	259	1814	20796.66	7.0598283	9.446391	88.451706	0.8166784
5728000	907.48	263	1985	20854.89	8.503455	10.161424	85.13467	1.0824448
5744000	798.87	263	1716	20914.13	12.438174	14.526648	147.75316	1.3860347
5760000	478.18	263	1622	20972.54	14.022966	14.846106	117.333305	1.6662425
5776000	738.25	258	1814	21031.5	17.470118	19.327215	204.80852	1.092827
5792000	914.59	258	1929	21090.2	19.088646	18.701641	124.0322	1.2323704
5808000	837.97	258	1929	21148.76	19.154387	17.243565	120.1287	1.5731621
5824000	895.96	253	2011	21207.81	16.924774	15.554512	120.21182	1.8608142
5840000	1038.55	257	2119	21266.71	15.934289	14.216848	109.12233	2.3871908
5856000	1142.88	257	2119	21325.52	14.085459	13.832783	111.219894	1.9385723
5872000	1218.93	263	1823	21384.45	10.339967	9.690243	93.65272	1.4723153
5888000	1087.37	381	1813	21443.61	9.80153	10.109461	120.582794	1.7000233
5904000	1100.73	357	2018	21502.75	9.639228	9.634726	104.15912	1.4297307
5920000	1103.7	357	2018	21561.38	8.23994	8.837788	100.38007	0.9287698
5936000	1192.07	241	2417	21620.2	7.830259	8.226057	117.35165	1.3446593
5952000	1118.51	241	2417	21679.42	8.558801	9.929165	102.31559	1.1044894
5968000	702.71	240	1621	21737.82	9.115623	11.831629	120.8909	1.6023896
5984000	898.23	257	1808	21796.71	9.7929125	10.231048	88.697075	1.4310457
6000000	762.1	256	2543	21855.05	9.644557	10.526754	83.98624	1.518821
6016000	702.58	257	1813	21913.47	11.451239	11.183299	99.85478	1.9260451
6032000	902.17	257	1813	21972.46	11.036164	10.264217	84.379875	1.8751955
6048000	1025.59	240	2571	22030.68	11.303908	10.245458	97.16856	1.9417024
6064000	1043.89	257	1688	22089.69	11.518291	13.256547	146.78104	1.3814907
6080000	1071.94	362	1706	22148.28	10.811402	9.940787	88.16871	1.9831281
6096000	1030.3	362	1758	22206.65	11.005875	11.244506	106.48514	1.1477721
6112000	1032.72	365	2009	22265.75	11.20921	11.371742	125.712654	2.0042553
6128000	1004.71	257	2009	22323.97	10.160091	9.691127	113.23291	1.5719436
6144000	1068.8	257	1825	22382.8	11.281239	12.079539	154.64542	1.8734634
6160000	918.64	257	1825	22441.81	10.100173	9.2637415	94.89141	1.1177839
6176000	770.83	263	2227	22500.31	10.037109	10.1995125	120.18575	1.76258
6192000	726.99	241	2127	22559.69	10.346381	9.4660845	84.0566	1.6822152
6208000	931.71	241	2127	22618.18	10.018082	9.631061	80.92662	1.3007137
6224000	1127.07	257	2126	22676.71	9.193703	10.045362	76.545	1.1277488
6240000	1196.08	257	2319	22735.79	9.495644	10.7105465	106.36592	1.0930927
6256000	1179.19	257	2319	22794.46	8.57519	9.457056	78.35768	0.8738053
6272000	1217.43	257	2013	22853.48	7.9849215	9.266093	67.75618	0.80021244
6288000	978.87	258	1812	22912.19	7.541792	10.125978	104.28519	0.91195047
6304000	1011.04	263	2318	22970.19	7.964719	9.727683	85.73614	0.83479244
6320000	1267.74	263	2318	23029.3	7.959305	9.698565	91.08108	0.8234685
6336000	1302.32	258	2325	23087.75	6.2723737	7.175538	88.02631	0.7621179
6352000	1349.07	258	2395	23146.34	6.144013	8.436998	81.55621	0.75014174
6368000	1352.38	257	2395	23205.04	5.3676243	6.391056	86.902435	0.84522986
6384000	1301.86	257	2234	23263.4	5.6420093	8.980106	90.48194	0.8883467
6400000	1314.36	257	2234	23322.96	5.2126617	7.2283463	80.248474	0.7582707
6416000	1267.5	257	2008	23381.48	5.518729	7.4602284	91.62657	0.8327144
6432000	1183.92	363	2311	23440.88	6.1334248	9.122719	124.53608	0.9131099
6448000	1257.27	363	2311	23499.83	6.6119294	9.626128	127.227646	1.0656959
6464000	1255.85	257	2231	23557.81	6.253465	7.8949175	74.448364	0.88681567
6480000	1180.69	257	2118	23617.37	6.4113626	8.875788	129.50159	0.9271769
6496000	1198.66	257	2118	23676.02	6.7113824	7.8745937	85.19039	0.83416045
6512000	1252.6	257	2160	23734.25	7.2829657	10.26824	137.75797	0.9515251
6528000	1372.27	257	2160	23793.63	6.896747	8.058277	102.20317	0.6340507
6544000	1396.81	257	2284	23851.96	5.791623	8.35966	121.30366	0.7045522
6560000	1392.41	258	2284	23911.38	5.7159905	7.372119	82.71207	0.5809286
6576000	1284.72	258	2216	23969.49	5.5200124	7.71958	106.1314	0.58351916
6592000	1266.65	258	2216	24028.26	4.775224	6.6516147	101.74886	0.61826694
6608000	1302.21	257	2216	24087.17	4.6664414	8.100857	119.8091	0.46096042
6624000	1279.82	257	2422	24145.42	4.9900684	7.0585585	66.24192	0.60862327
6640000	1261.3	257	2422	24204.69	4.608874	6.169999	57.890057	0.6504636
6656000	1353.33	258	2244	24263.45	4.464299	5.5082083	52.3836	0.53490657
6672000	1374.29	457	2532	24322.0	4.496565	5.523428	51.95198	0.45190865
6688000	1401.15	556	2532	24381.53	4.3219967	5.0089116	61.600132	0.6121845
6704000	1406.43	371	2123	24440.06	5.031867	7.2211576	119.331505	0.56712013
6720000	1328.78	371	2123	24499.03	5.219761	8.11895	108.28421	0.78355795
6736000	1194.05	317	2011	24557.71	6.5373445	8.759372	83.535164	0.62284636
6752000	1197.43	317	2011	24616.21	5.6057215	7.326514	91.26316	0.5522723
6768000	1302.71	317	2019	24675.56	5.555522	8.265399	108.1633	0.59814954
6784000	1368.3	364	2019	24734.08	5.183253	6.997288	64.5488	0.57918173
6800000	1382.97	364	2316	24793.07	5.24117	7.5344057	65.06637	0.6469424
6816000	1473.87	364	2320	24851.7	4.6889086	6.474464	57.078045	0.4145653
6832000	1349.13	364	2320	24910.23	4.775503	6.601953	55.31474	0.49381813
6848000	1379.2	368	2131	24969.42	4.581291	7.9446077	122.82749	0.39288792
6864000	1344.03	355	2132	25028.78	5.0966063	7.770384	72.67669	0.4471329
6880000	1257.97	257	2136	25087.36	6.5995493	11.438273	147.64178	0.44580716
6896000	1175.4	257	2136	25146.37	7.3730645	10.073087	94.2475	0.77233654
6912000	1160.44	257	2136	25204.96	6.9352	8.506532	80.79869	0.8550121
6928000	1291.39	257	2127	25263.95	7.8058653	9.680642	89.720146	0.79764545
6944000	1381.34	257	2317	25323.01	6.797483	8.016171	104.35301	0.7728882
6960000	1301.69	257	2317	25380.95	6.7160926	7.255642	89.31504	0.6250372
6976000	1272.37	258	2317	25440.15	7.165246	8.929936	120.56912	0.86810195
6992000	1185.64	257	2637	25498.48	7.301384	9.078433	131.31131	0.88502204
7008000	1000.27	257	2111	25557.16	8.592259	13.646744	167.0502	1.0683757
7024000	1064.66	257	2011	25615.9	9.375027	15.747991	141.18456	0.75923973
7040000	1241.43	257	1827	25674.56	8.048914	13.5191555	144.83258	0.54463434
7056000	1378.04	357	2075	25733.94	7.943774	12.896722	129.4364	1.0032083
7072000	1347.96	258	2123	25792.65	8.171231	15.22112	144.62997	0.883091
7088000	1391.05	258	2123	25851.53	7.8977365	16.023415	213.53987	0.782856
7104000	1404.21	257	2312	25910.31	7.531359	15.841907	136.42998	0.67613405
7120000	1423.66	257	2662	25969.05	5.4874268	10.010575	152.39226	0.7214439
7136000	1460.58	257	2662	26027.83	6.506604	10.400217	145.46942	0.66485804
7152000	1532.09	371	3034	26086.2	6.009844	6.2403564	68.01674	0.75822616
7168000	1572.01	381	3034	26145.08	7.3050246	8.064722	77.57062	0.74050933
7184000	1642.65	650	3034	26203.53	6.6672072	10.001032	197.90732	0.78897566
7200000	1529.59	394	2598	26261.75	6.4007893	7.087535	86.1696	0.7795835
7216000	1554.11	241	2598	26320.76	6.6741805	7.672494	110.49546	0.9841602
7232000	1528.15	241	2321	26379.15	6.269461	7.037667	72.13803	0.71109754
7248000	1571.43	241	2321	26437.7	5.562854	7.9375443	106.34718	0.717695
7264000	1478.11	263	2316	26496.82	5.4435763	7.606049	114.232	0.6201174
7280000	1356.87	240	2126	26555.22	5.8278723	8.552505	115.8902	0.71958095
7296000	1261.56	240	2261	26614.33	7.3043585	10.221937	108.89576	0.85828644
7312000	1342.06	240	2261	26673.37	7.2002797	9.1626625	101.03429	0.7545739
7328000	1341.91	257	2261	26731.75	6.704573	9.374097	98.458786	0.796676
7344000	1406.83	364	2316	26791.17	7.2614775	11.369199	131.5611	0.9805753
7360000	1396.36	364	2318	26849.6	6.861856	9.120471	121.99652	0.8635044
7376000	1410.72	364	2318	26908.48	7.0792465	9.814056	118.680084	0.6032039
7392000	1411.77	600	2318	26967.13	7.214035	12.735399	229.08557	0.70654106
7408000	1423.18	257	2319	27026.12	8.336943	12.293314	172.5315	0.97481537
7424000	1459.52	257	2319	27085.75	8.08019	11.350052	97.41396	0.7324493
7440000	1421.29	257	2319	27144.6	8.698713	12.31941	133.88518	0.96493745
7456000	1524.96	257	2323	27204.87	7.8395176	10.0964575	97.233574	0.7657589
7472000	1491.35	258	2323	27266.95	7.3333983	12.965061	178.2964	0.581908
7488000	1572.58	258	2323	27327.38	6.093217	8.881271	120.797066	0.7027854
7504000	1604.52	257	2323	27388.16	4.682843	6.646141	101.81409	0.511431
7520000	1609.06	257	2323	27448.85	4.555422	7.750743	106.18236	0.5637202
7536000	1610.38	257	2318	27509.81	4.2014832	9.612148	160.63367	0.48385733
7552000	1631.01	257	2318	27572.33	3.4523535	7.194219	165.55951	0.3979169
7568000	1630.53	257	2318	27632.16	3.3934731	7.1921697	127.72358	0.41163948
7584000	1548.91	240	2318	27692.03	3.2025278	7.393943	145.49501	0.3502161
7600000	1550.12	240	2318	27752.56	3.0826118	6.858463	172.49696	0.3337242
7616000	1544.41	240	2328	27812.65	3.5686705	6.807519	96.86806	0.34727538
7632000	1525.73	355	2328	27874.31	3.5295475	6.867916	106.314705	0.40933156
7648000	1594.22	379	2328	27935.59	3.1609483	5.885283	100.170235	0.3650264
7664000	1628.47	355	2328	27996.23	3.7626684	6.200075	92.194115	0.48908585
7680000	1641.2	355	2319	28055.13	4.3012023	6.278492	86.08421	0.619264
7696000	1644.22	355	2319	28113.57	3.9145334	5.7044106	57.83703	0.4262594
7712000	1594.14	355	2319	28173.33	3.7730706	7.400634	164.64735	0.5409186
7728000	1591.17	258	2330	28233.52	3.8847163	6.9108334	90.49072	0.49974066
7744000	1585.64	258	2330	28293.87	3.76344	6.3739166	96.876854	0.40691686
7760000	1557.46	258	2330	28353.38	3.7825549	8.641887	162.41891	0.4130692
7776000	1537.36	258	2330	28413.94	2.5326943	4.6625934	79.13693	0.30001542
7792000	1484.23	258	2330	28474.81	2.4755216	4.260498	88.0748	0.29129574
7808000	1518.03	258	2330	28534.61	3.0545993	5.4712253	119.45958	0.3276637
7824000	1597.11	263	2327	28596.32	2.904729	6.6759286	130.79175	0.33081192
7840000	1603.08	263	2327	28657.1	2.911234	5.424298	115.423515	0.3781615
7856000	1591.27	263	2327	28716.91	2.9412665	6.383148	118.66512	0.32919136
7872000	1616.52	263	2327	28777.06	2.7356842	4.442992	67.130844	0.3207743
7888000	1605.62	257	2327	28836.69	2.6030855	3.6106043	40.190166	0.38648695
7904000	1556.31	257	2327	28896.47	2.512631	4.392939	90.28789	0.2517023
7920000	1379.13	257	2326	28957.45	3.552787	7.0567865	115.36561	0.38927335
7936000	1217.81	257	2122	29018.3	4.4221187	8.605777	106.4115	0.32847023
7952000	1241.45	364	2259	29077.73	4.60056	7.952698	79.801926	0.36369145
7968000	1266.03	364	2326	29138.62	5.00701	7.737689	84.39868	0.5260831
7984000	1277.81	364	2326	29199.24	4.1975126	5.874441	76.98513	0.38378668
8000000	1386.7	361	2326	29260.67	4.909805	8.608789	194.43842	0.51900685
8016000	1442.31	361	2326	29321.26	4.9765105	7.778353	150.97418	0.5532461
8032000	1456.99	361	2326	29382.83	5.139485	7.816323	147.9015	0.46793526
8048000	1430.99	257	2324	29444.2	4.5351477	7.037934	83.01566	0.4701912
8064000	1409.24	257	2324	29504.34	4.3235636	8.128163	163.45488	0.34175158
8080000	1425.62	257	2325	29566.26	4.584586	8.860918	147.77264	0.40174267
8096000	1477.24	257	2325	29626.28	4.9451847	9.215925	146.56873	0.5015206
8112000	1504.44	370	2325	29688.87	4.9073544	8.101182	125.78002	0.58012134
8128000	1487.1	263	2324	29750.56	5.6719112	10.948403	151.3243	0.644383
8144000	1505.52	257	2324	29811.79	5.3644004	12.47256	241.31364	0.4962722
8160000	1437.87	257	2324	29873.21	5.6121025	8.186332	84.33716	0.5674881
8176000	1376.37	257	2324	29933.55	6.0822177	9.855905	150.51071	0.5915136
8192000	1350.52	257	2304	29994.24	6.5244713	12.057337	126.99556	0.5729258
8208000	1358.49	257	2304	30054.94	5.9762225	10.2021475	119.46697	0.49233449
8224000	1345.77	257	2316	30115.08	5.0370975	8.508466	88.00524	0.50279117
8240000	1392.02	257	2316	30176.45	6.195365	14.250595	175.16335	0.5528996
8256000	1411.02	189	2321	30237.29	5.466132	10.901538	135.39023	0.48167467
8272000	1369.38	189	2321	30298.75	5.5558524	11.738459	182.13965	0.54128575
8288000	1245.64	189	2321	30360.89	5.7907977	11.425649	167.06664	0.5739974
8304000	1167.02	189	2182	30422.12	5.636358	8.535211	72.00148	0.55565727
8320000	1382.11	258	2237	30483.08	6.4948916	10.803016	142.07152	0.8551476
8336000	1353.4	257	2325	30545.08	7.908805	9.9826	103.00739	1.0465392
8352000	1333.02	257	2325	30605.81	8.045337	10.668738	119.39497	0.8156732
8368000	1273.7	257	2325	30666.74	8.633863	12.163192	132.30179	1.2015387
8384000	1341.96	257	2325	30728.96	8.325756	11.973455	150.16422	1.1311042
8400000	1307.6	257	2292	30790.88	8.604205	10.943889	110.015335	1.0998412
8416000	1223.81	257	2322	30852.36	9.251372	14.825657	186.47449	1.0283129
8432000	1342.26	257	2322	30914.36	8.588028	14.199685	180.45822	0.8872794
8448000	1351.8	376	2322	30976.29	8.303382	12.42396	189.61818	1.0242745
8464000	1337.91	258	2319	31036.89	9.408761	14.07519	191.0471	1.1863625
8480000	1258.58	258	2248	31097.81	9.564711	15.735091	197.35483	0.9334588
8496000	1271.75	258	2248	31160.52	6.836455	8.44266	77.770676	0.6734024
8512000	1253.95	258	2248	31221.64	7.303127	11.606991	176.80667	0.796873
8528000	1400.75	263	2248	31282.55	6.0216074	8.529264	106.018	0.6267507
8544000	1518.41	263	2316	31344.67	4.9452443	7.5434213	102.68231	0.54731333
8560000	1519.78	258	2319	31405.46	4.5365844	8.612599	87.657936	0.49359658
8576000	1573.65	258	2319	31467.04	3.5902846	6.203384	67.64852	0.39239863
8592000	1388.35	258	2319	31527.58	4.6939735	8.501477	114.1812	0.47709543
8608000	1402.71	263	2319	31588.16	4.557806	6.27405	76.386894	0.6706095
8624000	1432.7	263	2247	31648.85	5.2485723	7.7404385	119.7678	0.8155596
8640000	1498.0	258	2295	31709.22	6.7575192	10.327793	160.22224	0.7965512
8656000	1545.68	258	2315	31770.02	7.1904235	9.829666	114.10964	0.80574095
8672000	1431.46	258	2315	31831.27	8.389401	11.818232	143.98631	1.192174
8688000	1399.92	258	2315	31892.15	8.215032	11.950095	147.92697	1.0781287
8704000	1373.9	258	2330	31951.86	6.508128	9.599603	109.519455	0.7826611
8720000	1405.73	258	2330	32011.97	7.274812	11.925279	164.83803	0.8840841
8736000	1511.85	258	2330	32072.11	6.445898	9.3003235	78.91497	0.81547105
8752000	1561.19	258	2330	32131.61	5.7660613	7.871127	112.53751	0.67386734
8768000	1499.86	257	2328	32191.38	5.4833064	9.118193	142.91992	0.706817
8784000	1329.31	257	2328	32251.86	6.3781013	10.841925	136.46396	0.6220395
8800000	1318.83	257	2328	32312.45	6.651853	9.887013	131.77724	0.7773683
8816000	1293.84	378	2326	32371.62	6.0615115	8.878399	90.59727	0.53277516
8832000	1210.87	376	2751	32431.22	6.934373	9.372364	102.54106	0.7684969
8848000	1243.09	357	2751	32490.0	6.9256907	8.987706	104.4119	0.5707413
8864000	1461.24	357	2751	32549.66	7.51521	10.190834	122.39388	0.9967684
8880000	1511.71	263	2420	32609.96	8.173172	9.7182255	98.35975	0.9782061
8896000	1436.01	263	2420	32670.0	7.4016066	8.000148	124.21808	1.0340519
8912000	1352.72	263	2420	32732.22	8.440284	9.948254	103.96534	1.1117411
8928000	1321.29	263	2514	32791.71	10.127121	13.807013	131.83855	1.1855121
8944000	1233.38	258	2514	32850.73	11.429973	14.719931	165.32626	1.1444225
8960000	1109.28	258	2326	32910.29	12.069938	15.529086	175.5317	1.0125132
8976000	1275.04	258	2825	32969.33	12.261311	14.8480835	181.21849	1.4709682
8992000	1417.02	263	2825	33028.33	12.273836	15.766594	188.31712	1.3186865
9008000	1403.67	257	3043	33087.53	11.483381	15.203854	235.6142	1.396717
9024000	1422.03	257	3043	33147.69	12.497914	15.294769	163.04672	1.3162827
9040000	1459.23	257	3043	33208.93	9.534034	12.374377	135.29828	0.73434216
9056000	1531.28	257	2571	33269.67	8.512509	11.342358	115.97171	1.2465694
9072000	1499.79	258	2546	33331.12	7.467879	10.4056	112.819595	0.9435911
9088000	1599.71	258	2546	33393.04	7.5361886	10.075479	90.38072	1.0577067
9104000	1546.63	258	2420	33455.87	6.9025497	9.5981245	113.937805	0.68112254
9120000	1539.15	360	2328	33518.87	6.652654	8.669921	97.71112	0.9369074
9136000	1519.74	263	2328	33579.61	6.8797193	8.405507	116.01177	0.8579112
9152000	1513.36	257	2326	33640.16	7.8285975	10.401883	101.02209	1.0842845
9168000	1522.61	257	2326	33700.69	7.167634	8.612695	112.22253	0.9765313
9184000	1505.73	257	2326	33761.89	7.6029973	10.007197	124.09389	0.9985599
9200000	1509.76	257	2866	33822.15	8.112574	11.778702	144.69704	1.1387011
9216000	1544.95	257	2866	33882.77	9.006748	11.618917	130.98964	1.3339502
9232000	1499.22	257	2866	33942.98	8.158575	11.577256	144.18991	0.7543275
9248000	1485.52	355	3034	34005.34	8.521937	11.439386	153.4747	0.92088604
9264000	1373.12	355	3034	34065.84	9.627127	11.951625	129.69365	1.2041814
9280000	1410.03	257	2502	34125.62	9.148291	10.8649025	117.6913	1.3984659
9296000	1353.74	257	2502	34185.85	8.606973	9.7529545	146.83115	1.2697937
9312000	1476.64	257	2571	34245.33	10.165873	13.951776	153.45903	1.0894637
9328000	1587.74	257	2756	34306.79	8.92467	11.68648	209.38266	1.2452979
9344000	1522.98	257	2823	34368.73	8.4791155	9.419315	87.60671	1.515843
9360000	1582.11	257	2823	34430.26	9.603431	12.535185	129.73409	1.6277814
9376000	1737.33	257	2823	34491.41	8.119108	8.898996	156.64325	1.6301455
9392000	1810.39	257	2841	34550.7	8.152049	9.5620165	97.35356	1.5042957
9408000	1806.29	258	2841	34610.87	7.396043	7.518705	76.01967	1.4220243
9424000	1838.66	258	3044	34671.16	6.7837563	8.717329	136.12108	0.8843914
9440000	1756.82	258	3044	34731.14	6.9577227	9.358574	142.98193	1.2056692
9456000	1741.34	364	3044	34791.35	7.4386473	11.512887	144.1021	0.82782817
9472000	1776.16	364	2814	34851.21	6.8105955	8.913628	123.026054	1.1166595
9488000	1786.24	364	2647	34911.34	6.501592	9.967491	144.19247	0.922569
9504000	1708.57	263	2644	34971.43	6.8970804	9.753671	132.81747	0.88884807
9520000	1563.62	263	2644	35031.21	7.8122196	9.846761	138.29019	1.0727255
9536000	1495.35	257	2663	35091.02	7.4450564	10.515723	207.25394	0.8882635
9552000	1509.69	257	2663	35151.16	8.691415	12.840273	191.35703	0.9208864
9568000	1542.66	257	3043	35211.36	7.9040575	8.836032	101.819336	0.8869196
9584000	1598.12	257	3043	35271.54	9.875984	15.242792	194.38861	1.1179965
9600000	1765.39	360	3043	35331.18	8.702287	11.381992	160.36052	1.3115702
9616000	1778.86	263	3043	35391.17	8.477996	9.744415	82.48677	1.2420979
9632000	1746.32	263	2571	35450.64	8.808685	11.619294	151.84753	1.0947311
9648000	1708.71	263	3045	35510.0	8.305629	9.641974	127.40688	1.2990032
9664000	1729.16	257	3045	35569.76	8.272803	10.33013	139.30063	1.4696493
9680000	1787.73	257	3045	35629.3	8.740009	12.654589	146.83513	1.3267854
9696000	1663.57	257	2571	35688.93	9.042607	13.255783	173.40738	1.4240546
9712000	1838.12	257	3045	35749.25	7.735991	10.169572	160.27733	1.0523024
9728000	1911.5	257	3045	35808.86	8.7389965	12.687836	169.82419	1.5218151
9744000	1882.8	263	3045	35868.71	7.6181417	9.710083	179.423	1.2286615
9760000	1662.12	257	2670	35929.32	8.1844015	11.511378	162.84259	1.0396757
9776000	1563.69	257	2330	35988.66	8.517026	11.62953	146.69943	1.1557635
9792000	1635.72	257	2638	36048.67	8.803771	12.932818	159.20192	1.1856587
9808000	1657.92	257	2648	36108.33	9.011991	11.434657	128.80598	1.4573317
9824000	1688.61	258	2648	36168.47	9.180486	12.98147	222.72156	1.3319169
9840000	1648.02	258	2648	36228.27	8.8046	10.647887	138.67165	1.2244775
9856000	1560.26	258	2571	36287.98	9.082324	10.742258	115.74748	1.1195625
9872000	1585.26	258	2571	36348.26	8.788854	9.813943	142.649	1.125029
9888000	1565.68	259	2763	36408.13	8.6044655	11.279991	124.2545	1.2954029
9904000	1467.72	263	2763	36467.5	10.325269	14.752991	151.10768	1.4926362
9920000	1461.68	263	2503	36527.51	9.731984	11.867577	144.00237	1.5213401
9936000	1493.89	263	2503	36586.94	9.105368	12.593371	162.36264	1.4873595
9952000	1424.72	263	2827	36646.56	11.09255	15.116696	162.79468	1.2707726
9968000	1301.84	263	2827	36706.25	11.889544	16.122978	163.00899	1.4647561
9984000	1551.66	263	2827	36766.0	11.821522	14.19492	158.85623	1.618204
10000000	1721.08	258	2664	36826.06	11.186059	14.257301	213.17787	1.7031603
10016000	1580.98	258	2634	36885.41	11.110275	13.294721	149.694	1.6712452
10032000	1564.08	258	2634	36944.94	11.355607	14.111009	167.06363	1.8758905
10048000	1623.63	258	2669	37005.06	10.572158	10.215043	103.29588	1.8731868
10064000	1724.46	259	2669	37064.36	10.380454	12.998061	150.29083	1.4453497
10080000	1807.89	259	2669	37124.61	9.481254	11.3763075	113.54414	1.6106496
10096000	1927.77	362	2571	37184.48	8.590643	10.709303	142.36295	1.4675691
10112000	1907.98	362	3026	37243.65	7.470609	7.848502	62.678673	1.3093313
10128000	1929.71	257	3026	37303.47	7.6672935	10.320983	163.19345	1.4225821
10144000	1940.0	257	3041	37362.6	6.749876	8.057072	122.841675	1.3507673
10160000	1971.29	257	3041	37422.13	6.3151646	7.7208347	132.76445	1.1282854
10176000	1862.54	258	3041	37481.8	7.290966	9.975677	160.6511	1.2650183
10192000	1767.52	258	3034	37540.88	7.0919795	7.5781727	76.426155	1.4393225
10208000	1837.65	258	2816	37600.9	8.379132	12.078566	179.77028	1.0570883
10224000	1825.81	258	3044	37660.35	7.1296034	7.9948335	132.85228	1.0842193
10240000	1850.15	259	3044	37719.75	8.493013	12.636628	169.4142	1.3084908
10256000	1775.08	258	3040	37779.98	8.107476	11.16197	198.05905	1.3303555
10272000	1840.47	258	3040	37839.4	8.562888	12.004461	188.48148	1.095719
10288000	1870.41	258	2680	37899.95	7.8888235	11.105935	178.90285	1.4871722
10304000	1775.17	258	2680	37959.58	7.8815136	11.4163065	184.33876	1.1918645
10320000	1644.41	363	2674	38019.0	9.064094	12.76839	167.35507	1.2344344
10336000	1740.2	363	2674	38079.55	8.5891	12.18182	166.11598	1.353004
10352000	1829.73	363	2679	38139.09	8.5264845	10.920507	97.79742	1.250509
10368000	1872.77	363	2679	38199.15	8.25273	9.607139	105.93105	1.2670865
10384000	1706.46	258	2679	38258.75	9.19311	12.744358	210.41656	1.4528917
10400000	1793.06	258	2662	38318.22	9.425373	11.90651	199.35141	1.3181198
10416000	1834.25	258	2763	38378.7	8.827842	11.136112	172.00443	1.3627785
10432000	1672.11	257	2763	38437.93	9.361069	11.070327	117.84263	1.2385553
10448000	1594.8	257	3037	38497.71	9.500617	13.951682	213.8714	1.4438555
10464000	1726.67	257	3037	38557.4	9.872728	13.17792	202.53856	1.3945241
10480000	1935.63	263	3046	38617.35	8.802375	10.772492	125.326004	1.2067354
10496000	1972.36	263	3046	38676.77	7.755646	9.154902	124.03062	1.395453
10512000	1999.59	263	3046	38736.4	6.0879407	5.9018764	60.937653	1.1365936
10528000	1970.13	257	3046	38795.78	7.5218816	10.903332	158.52515	1.1001498
10544000	1945.2	257	3044	38855.32	5.891078	6.6274548	97.07561	0.9487273
10560000	1997.67	257	3046	38914.67	5.2420955	7.4291015	125.73659	0.6007899
10576000	2080.41	257	3046	38974.35	5.6326976	9.012566	124.824165	0.9935245
10592000	2009.47	259	3046	39033.92	6.0849123	8.976106	116.55162	0.9324024
10608000	1987.41	259	3046	39094.67	5.2813134	6.924703	70.4487	0.9320358
10624000	1952.85	259	3044	39154.74	5.027057	6.3365746	86.957634	0.7032407
10640000	1942.36	257	3044	39214.6	5.685416	9.156517	149.35745	0.9040042
10656000	1857.46	257	3044	39274.18	6.050237	8.225951	92.873726	1.029792
10672000	1728.26	257	2759	39334.58	6.7567782	8.947139	123.53985	0.85083675
10688000	1747.51	364	3040	39394.32	7.396731	8.372315	91.457115	1.1308489
10704000	1779.82	257	3044	39454.88	6.5543866	8.629917	119.36788	0.9245898
10720000	1810.87	257	3044	39515.34	7.6453094	12.68205	219.53221	1.107227
10736000	1821.41	257	3044	39575.21	7.90662	13.842174	249.09503	0.9027271
10752000	1780.42	368	3044	39635.72	8.508579	10.590688	123.25189	1.3956344
10768000	1725.72	355	2760	39694.94	8.895955	12.9705715	166.06947	1.1177359
10784000	1716.95	355	2760	39754.89	8.251968	12.450555	163.10498	1.5787456
10800000	1786.71	263	2760	39814.4	7.6248636	10.275156	144.02121	1.2836277
10816000	1774.52	259	2760	39874.03	8.560107	12.454527	151.55699	1.4023573
10832000	1776.6	259	3046	39934.14	8.518465	11.666498	115.87394	0.918912
10848000	1747.0	259	3046	39993.88	8.243287	10.901208	138.57178	1.4346278
10864000	1743.4	259	3046	40053.78	8.991755	16.425098	250.62494	1.0556941
10880000	1817.06	259	3046	40113.45	8.015085	15.736816	215.14626	1.1732836
10896000	1778.87	259	3045	40172.49	7.724729	13.957978	222.81558	1.0595069
10912000	1725.46	400	3045	40232.92	8.161839	13.707577	181.4064	1.3957963
10928000	1650.09	396	3045	40292.8	8.924051	14.892055	203.94244	1.0619085
10944000	1700.76	361	3045	40352.89	8.56619	14.083808	198.48184	1.0903987
10960000	1777.22	361	3045	40412.79	9.734887	17.64692	212.19725	1.304697
10976000	1879.47	361	3045	40472.89	8.461443	15.959713	221.55353	0.85722923
10992000	1920.55	361	3045	40533.11	7.9700265	12.09343	155.95134	1.3744165
11008000	1882.32	257	3045	40592.71	8.112222	12.3798065	184.74779	1.1131325
11024000	1899.02	257	3046	40651.89	7.7832704	12.626416	137.40558	0.90739673
11040000	1941.51	257	3046	40712.26	7.81018	12.221739	156.57486	1.2449462
11056000	1904.5	257	3046	40771.69	6.7725153	11.345545	170.13936	0.7361008
11072000	1954.02	257	3046	40831.67	7.771038	12.330269	172.66968	1.1786757
11088000	2010.88	257	3046	40891.43	7.3525605	9.177342	133.39442	1.2612008
11104000	1868.95	257	3046	40951.1	6.9885364	11.208876	160.80472	1.2667936
11120000	1941.1	364	3044	41011.21	7.535473	12.257896	249.9141	0.81636196
11136000	1987.14	364	3044	41071.09	7.3345566	11.128473	142.37932	1.207113
11152000	2069.57	385	3044	41130.66	7.6701713	12.484565	187.55965	1.1197121
11168000	2103.79	385	3044	41190.27	6.507462	10.193787	163.80666	1.1760225
11184000	2004.63	263	3043	41250.55	6.3464966	10.121899	154.00516	0.9532161
11200000	1863.82	263	3043	41310.22	7.001997	9.769884	137.0749	1.0050923
11216000	1769.39	263	3043	41370.32	8.390437	14.324615	158.54185	1.1727338
11232000	1796.34	263	3043	41430.35	6.8080597	10.005941	157.2897	1.1289651
11248000	1795.96	263	3043	41490.72	7.0611897	13.4093275	188.38678	0.95949996
11264000	1843.52	263	3043	41550.4	6.835879	11.682559	131.30148	0.9547405
11280000	1877.9	263	2760	41610.07	6.7368603	11.178814	164.88004	0.9099192
11296000	1979.59	263	3042	41669.6	5.1948156	6.757205	73.758804	0.82595754
11312000	1965.03	355	3042	41729.3	4.5396094	6.0544624	105.090485	0.713907
11328000	1847.8	355	3045	41789.32	5.843116	10.483398	161.19658	0.61492264
11344000	1783.47	263	3045	41848.6	6.2687	9.489741	143.92128	0.86930805
11360000	1780.42	263	3045	41907.5	6.106206	9.678021	132.52527	0.8712226
11376000	1761.05	196	3045	41968.24	7.5987706	13.22786	234.24237	0.8273936
11392000	1815.79	196	3045	42027.67	7.220826	11.277927	164.34888	0.8007744
11408000	1811.05	196	3033	42087.59	7.0693107	13.04946	226.11717	0.9495375
11424000	1945.39	196	3042	42147.2	6.7236896	11.084806	232.3826	0.78977525
11440000	1911.29	263	3042	42207.14	5.4584513	6.5696282	115.32181	0.76694846
11456000	1867.48	259	3042	42267.37	5.992656	9.76616	136.85437	0.6246532
11472000	1922.93	258	3042	42326.39	6.068664	10.465374	140.85028	0.7758569
11488000	1880.39	258	3042	42385.76	8.584426	15.401051	269.7204	0.9151921
11504000	1848.3	258	3042	42445.7	8.009869	13.3823	230.04312	1.1433113
11520000	1854.83	258	3042	42505.64	8.03722	11.658898	127.084625	0.86951876
11536000	1733.52	364	2766	42565.87	7.307096	8.933603	136.41388	1.008242
11552000	1778.5	364	2766	42625.41	7.597453	11.467594	205.15791	1.0099592
11568000	1817.64	371	2766	42684.83	8.674725	14.066011	254.90591	1.2299972
11584000	1811.62	383	2767	42744.87	8.220066	13.4906845	176.05887	1.3356194
11600000	1889.66	383	2767	42804.3	7.46135	9.898183	125.26885	1.2082063
11616000	1990.24	394	3047	42864.13	6.617467	9.759906	154.99	0.8969897
11632000	1975.46	263	3047	42923.71	7.5794797	13.938325	290.319	1.2346973
11648000	1840.29	263	3047	42982.88	8.046662	12.722422	157.01997	0.84069556
11664000	1771.87	263	3047	43043.09	8.94086	14.664753	167.30318	1.063156
11680000	1770.03	263	3045	43103.29	7.4663606	13.678909	300.66776	0.7580085
11696000	1669.19	263	3045	43162.99	8.361465	12.3131485	137.06866	0.99378496
11712000	1648.44	259	3042	43223.11	9.765146	14.237416	155.79347	1.0652069
11728000	1712.01	259	3047	43282.14	9.788516	15.678491	234.24203	1.2175908
11744000	1646.8	257	3047	43341.86	8.978019	12.86744	177.47308	1.5577359
11760000	1687.95	257	3047	43401.27	8.882272	12.700376	132.07669	0.9697791
11776000	1605.05	257	3043	43461.2	11.2876	17.574747	200.44936	1.7837796
11792000	1661.5	257	3043	43520.92	9.681518	16.08615	260.20636	1.2487481
11808000	1761.88	259	3043	43580.28	9.553184	14.134398	185.63344	1.2750695
11824000	1842.76	354	3040	43640.65	9.319071	15.296003	205.291	1.3312174
11840000	1991.02	403	3046	43700.5	9.5600195	14.9607	203.67354	1.1165818
11856000	1959.18	371	3046	43759.91	8.160499	10.094257	112.15379	1.0861825
11872000	1922.88	371	3046	43820.43	7.78912	11.441859	179.81268	1.0159183
11888000	1931.09	371	3047	43879.98	7.091016	9.454664	95.68966	0.98149306
11904000	1930.05	364	3047	43939.74	7.7168293	13.634527	216.75978	1.2006277
11920000	1925.47	364	3047	43999.86	8.01821	12.824929	141.04012	1.1193212
11936000	1917.8	364	3047	44059.08	7.881286	14.882387	286.4436	0.93730617
11952000	1849.0	364	3045	44120.08	8.540525	17.511072	286.0605	1.399172
11968000	1838.51	351	3045	44179.67	8.14329	11.376284	163.39444	0.8886872
11984000	1864.46	351	3046	44239.43	7.035578	8.91368	167.71977	0.83900684
12000000	1890.4	351	3046	44298.71	6.648019	9.819013	151.76427	0.95232284
12016000	1855.73	259	3046	44357.92	6.7797003	11.006203	148.64825	0.7948766
12032000	1876.26	259	3046	44418.01	7.7595634	10.96797	152.05807	1.0957651
12048000	1888.78	259	3046	44478.14	6.487897	8.473026	84.05742	1.060763
12064000	1837.68	259	3046	44537.65	6.457693	8.466385	122.1013	0.6678113
12080000	1821.31	256	3046	44597.71	6.268198	10.689837	190.39409	0.7493724
12096000	1828.73	256	3046	44657.32	6.7444053	9.650791	132.46098	0.81627315
12112000	1880.0	256	3046	44717.0	6.2982326	7.640856	89.833176	0.8139295
12128000	1877.66	256	3046	44776.84	7.172323	11.643186	130.20714	0.97051704
12144000	1879.71	256	3046	44836.05	7.100285	12.699793	145.31726	0.9419958
12160000	1841.38	380	3046	44896.8	6.544844	11.693412	171.13013	0.7615537
12176000	1775.83	380	2860	44956.0	6.326833	10.46733	178.59624	0.6899513
12192000	1699.18	259	2860	45015.48	7.152574	10.681047	99.909454	0.73254466
12208000	1545.8	257	3044	45075.43	8.6783285	14.984521	168.24896	0.7629256
12224000	1622.24	257	3044	45136.06	9.412775	14.0599	155.59949	1.0647701
12240000	1673.94	257	3047	45195.77	9.609816	16.84947	294.34106	0.85000885
12256000	1763.15	257	3047	45255.53	9.572211	13.467188	135.36221	1.0358129
12272000	2021.39	362	3047	45314.81	8.907106	14.288044	246.7828	0.92409927
12288000	2084.83	379	3047	45374.67	10.648869	15.258171	144.14604	1.3030394
12304000	2173.13	379	3048	45434.14	8.366762	11.484151	165.92416	1.2472266
12320000	2160.62	364	3048	45493.65	7.0366554	8.340007	80.5273	1.0921823
12336000	2160.34	364	3048	45553.4	5.6077523	6.416063	69.44832	0.80222493
12352000	2038.82	364	3048	45612.68	5.745719	8.402309	112.77708	0.8078439
12368000	1933.39	360	3048	45672.93	6.248228	9.295746	124.88656	0.94989324
12384000	1769.42	360	3045	45732.45	6.5301065	11.910482	214.35796	0.6913824
12400000	1628.64	263	3044	45791.92	7.9022455	15.053914	221.48328	0.8190801
12416000	1653.04	263	3043	45851.95	8.261156	16.515413	249.03479	0.93944424
12432000	1725.67	263	3044	45911.38	7.885101	13.215659	210.44017	1.0848293
12448000	1805.84	263	3044	45971.09	8.212649	13.677816	164.83456	1.111545
12464000	1984.43	555	3045	46030.59	7.1064205	9.8785925	124.21302	1.0182314
12480000	1981.3	454	3045	46090.47	6.442999	7.8100615	118.367134	0.8287221
12496000	1992.37	365	3045	46150.88	6.7272463	10.6847	123.88216	0.86339426
12512000	1955.74	360	3045	46209.87	6.659467	11.237541	191.18028	0.9646835
12528000	1997.22	360	3045	46269.8	7.066806	12.572345	181.19171	0.65211546
12544000	2061.67	263	3045	46329.6	6.388903	10.088476	151.71677	0.7718512
12560000	2049.27	263	3045	46389.41	6.7191043	10.992224	170.57787	0.7850412
12576000	2154.28	263	3049	46449.23	6.138661	7.451442	127.690636	0.830802
12592000	1934.87	263	3049	46508.2	6.165053	8.942206	115.25613	1.0013132
12608000	1916.18	364	3049	46567.7	6.373924	7.756118	110.23176	0.9055128
12624000	1887.98	263	3049	46628.01	7.91207	14.076752	191.77403	0.8159443
12640000	1807.45	257	3042	46687.4	7.8569946	12.198757	122.16011	1.19263
12656000	1902.32	257	3046	46747.21	7.9851837	11.021873	106.97822	1.1823549
12672000	1870.59	257	3046	46807.03	7.8053174	13.174361	241.14024	1.139906
12688000	1765.29	253	3046	46866.66	7.143128	10.114452	149.17168	0.9797594
12704000	1760.43	253	3046	46927.03	8.490483	11.936151	129.7045	0.98314756
12720000	1736.75	253	3046	46986.63	8.37683	11.742478	137.09947	0.9086949
12736000	1908.71	253	3046	47046.45	7.8635387	12.436069	222.98573	0.7848732
12752000	2067.93	253	3045	47106.65	7.362151	12.107332	162.54002	0.9260907
12768000	2102.46	253	3046	47166.11	7.295917	14.162869	247.1457	0.9371991
12784000	2058.58	258	3046	47225.54	8.327178	16.695415	183.70935	1.1411633
12800000	1982.94	258	3046	47285.38	9.191844	16.257025	187.55595	1.059181
12816000	1997.94	263	3046	47344.89	7.0486794	10.813792	171.18524	1.1780614
12832000	2108.8	377	3045	47405.16	7.192718	12.661096	169.63786	0.9629046
12848000	2112.52	257	3030	47464.87	6.6849246	10.556417	145.1952	1.0305648
12864000	2126.46	257	3030	47525.01	6.072968	9.353383	141.67596	0.93215007
12880000	2153.16	257	3045	47584.88	6.6807275	11.179834	117.08854	0.7781372
12896000	2066.95	257	3050	47644.64	6.0857506	11.462739	162.17082	0.7848204
12912000	2076.26	257	3050	47704.91	5.5564814	11.19553	225.93509	0.7028773
12928000	2151.84	257	3050	47764.79	5.4964786	9.008933	101.56404	0.8467125
12944000	2073.74	258	3050	47824.23	6.302237	10.821456	175.54489	0.7329237
12960000	2136.66	258	3050	47884.18	5.8594594	9.390239	151.52542	0.9105178
12976000	2023.38	257	3048	47943.37	5.888882	10.03435	215.96654	0.97611856
12992000	1893.75	257	3048	48003.08	6.897553	11.664281	193.0217	0.8857007
13008000	2032.61	257	3048	48062.31	6.5814066	8.756234	92.71696	0.8758514
13024000	1966.89	257	3048	48121.38	6.4665556	8.584696	106.6169	0.7777601
13040000	1899.06	257	3048	48181.53	7.89417	18.945452	401.4922	0.89616364
13056000	1894.61	257	3049	48241.5	8.397119	17.87083	353.85266	0.8116113
13072000	1932.55	263	3049	48301.07	7.4692793	11.3793335	138.89009	0.70001996
13088000	1876.67	263	3050	48360.87	8.905394	16.003183	222.51723	0.90793943
13104000	1942.18	365	3050	48420.41	7.858611	13.219231	246.31647	0.78323984
13120000	1981.13	365	3050	48480.0	9.012117	16.995111	275.2205	1.0044755
13136000	1886.01	365	3050	48539.15	9.864815	28.338593	735.96906	0.86352384
13152000	2036.99	365	3050	48598.89	8.371273	13.484045	157.38733	0.9801153
13168000	1956.23	365	3049	48658.87	9.939708	23.535315	459.13492	1.0573529
13184000	1997.41	365	3049	48718.27	8.192504	15.192129	219.98402	0.8667933
13200000	1933.59	355	3049	48778.59	9.003571	15.630487	192.1094	1.0969558
13216000	1920.62	355	3047	48838.47	10.061057	17.816402	241.93896	1.0996697
13232000	1750.68	355	3047	48898.12	9.852694	15.585183	166.86592	1.1262838
13248000	1723.4	355	3045	48958.49	9.223984	14.619941	186.58315	1.0043855
13264000	1764.17	258	3045	49017.92	9.526826	16.633587	286.22897	0.8798372
13280000	1753.39	257	3045	49077.55	9.281125	15.171329	212.53085	0.90770996
13296000	1877.46	257	2765	49137.24	9.96342	15.774454	198.94756	1.3358997
13312000	1840.65	257	3047	49196.36	9.819392	18.717146	321.85538	0.9770889
13328000	1900.16	257	3047	49256.22	9.660852	17.360216	234.23215	0.9953189
13344000	1898.77	257	3047	49315.37	8.106364	14.5203495	224.34456	0.84488785
13360000	1999.62	449	3047	49374.61	6.851588	10.696987	206.34882	1.0416511
13376000	1975.3	448	3047	49434.59	8.745268	15.050303	200.84317	1.4058988
13392000	2012.62	448	3047	49493.99	8.956498	14.205582	174.87126	1.4957385
13408000	2037.39	448	3047	49554.05	8.915713	14.521485	202.31516	0.8534273
13424000	2098.16	448	3050	49613.12	8.6065645	13.701828	146.66821	1.1667495
13440000	2116.93	627	3050	49672.5	8.143845	11.177395	153.18506	1.2096815
13456000	2106.09	559	3050	49732.51	8.953375	13.22491	128.8235	1.3186967
13472000	2133.41	257	3050	49792.17	7.6365695	11.135668	161.73407	1.1550319
13488000	2137.44	257	3050	49851.71	7.9742165	12.602343	183.14163	1.2482579
13504000	2155.93	257	3050	49911.65	9.312506	16.5873	199.38495	1.3658551
13520000	2140.61	257	3049	49971.69	9.188385	17.155338	264.99722	1.4573519
13536000	2048.89	263	3049	50031.56	9.255106	15.713921	190.65176	1.572717
13552000	2093.45	263	3048	50090.96	9.8713045	14.242058	163.33557	1.4026971
13568000	2049.72	263	3049	50150.37	9.54408	15.95819	187.78648	1.4479425
13584000	2084.9	263	3049	50210.52	8.989893	13.886882	152.74455	0.7536781
13600000	1867.92	259	3052	50269.69	8.118806	13.541113	193.79655	1.4196355
13616000	1107.12	259	3051	50329.45	10.437037	16.992188	171.23114	1.3454785
13632000	1403.89	263	3051	50388.79	10.921506	15.730171	178.4703	1.2451727
13648000	1663.13	259	3051	50448.45	11.510074	16.410297	185.47424	1.3105291
13664000	2104.77	259	3049	50508.75	10.205198	13.6206045	109.881355	1.2824365
13680000	2016.99	259	3049	50568.47	9.138062	12.407983	125.867935	1.1598866
13696000	2038.08	392	3049	50628.33	11.520669	19.903938	209.96628	1.2757412
13712000	1954.07	367	3051	50688.34	9.132097	13.465085	136.5321	1.3518748
13728000	1950.35	367	3054	50748.03	8.591137	12.613482	146.11397	1.4293414
13744000	1907.04	367	3054	50807.8	9.286492	13.998813	147.01003	1.3229988
13760000	1962.24	367	3054	50867.08	8.868412	12.883028	129.61708	1.4908903
13776000	2135.33	258	3054	50927.05	8.344291	11.811582	173.5272	1.5080928
13792000	2087.57	258	3049	50986.74	8.619594	12.253136	172.61523	1.3875897
13808000	2043.79	258	3050	51046.31	8.652605	16.392427	261.06415	1.2177455
13824000	1928.82	258	3050	51105.78	7.974958	12.724458	168.48433	1.0034578
13840000	1940.49	259	3050	51165.15	8.034768	11.6282015	132.49498	1.4479573
13856000	2054.14	259	3054	51224.2	8.512021	12.861027	204.41206	1.0734938
13872000	2110.59	258	3054	51284.37	8.611822	12.016122	152.78111	1.6953317
13888000	2130.25	258	3054	51344.09	7.89195	11.243076	195.52068	1.526191
13904000	2060.09	258	3053	51403.67	8.6474085	15.110094	314.9623	1.2538803
13920000	1943.66	258	3048	51463.34	8.4815445	14.458176	304.1824	1.3880405
13936000	1791.31	258	3048	51522.85	9.667203	14.045422	188.5102	1.6974498
13952000	1851.15	258	3045	51582.83	9.877007	14.007455	172.84485	1.3862088
13968000	1825.51	263	3045	51642.14	9.008398	14.090524	166.60696	1.3509834
13984000	1912.86	258	3045	51701.84	9.574619	17.680664	229.33427	1.0581019
14000000	2007.69	258	3049	51761.73	10.013834	14.649773	151.27313	1.2703676
14016000	2010.36	258	3049	51821.0	9.42378	14.772137	203.67352	1.2798257
14032000	2089.26	258	3049	51880.94	7.9719667	10.170305	114.714165	1.0985914
14048000	2053.99	258	3048	51941.3	7.472188	11.067559	128.47786	1.0605048
14064000	2119.46	258	3048	52001.02	7.71846	12.193493	135.41435	0.929339
14080000	2144.9	258	3048	52060.97	8.297101	12.148442	173.6266	1.2469347
14096000	2079.61	258	3048	52120.97	7.0755496	11.82871	193.91922	0.98181117
14112000	1979.78	258	3049	52180.57	6.9123135	13.496941	224.6557	0.7719659
14128000	1937.04	258	3049	52240.55	7.1926837	14.463892	211.73544	0.7992995
14144000	1888.16	258	3049	52299.52	7.9149556	18.081102	317.9563	0.829019
14160000	1728.94	362	3049	52359.72	8.290877	14.648374	165.70209	0.82619166
14176000	1851.48	394	3049	52419.22	9.377889	16.167597	199.86873	1.0158849
14192000	1968.61	404	3047	52479.17	8.440926	16.677946	348.73886	1.20097
14208000	1923.71	363	3047	52539.18	8.069097	10.67008	139.50517	1.0672932
14224000	2067.05	363	3047	52598.14	8.222883	10.616399	144.60878	1.0589502
14240000	2081.13	363	3047	52658.12	8.011154	12.449302	163.43442	1.0649433
14256000	2063.84	363	3047	52718.02	7.153291	10.514598	133.74525	0.8395754
14272000	2040.39	363	3047	52777.7	6.302622	9.385788	152.17241	0.80440843
14288000	2046.11	395	3047	52837.89	4.9096622	6.779955	91.14173	0.5951191
14304000	2157.87	645	3049	52897.23	5.033954	6.985337	96.13049	0.4616574
14320000	2194.19	736	3049	52957.11	4.9214544	10.215993	167.9217	0.4087295
14336000	1991.45	258	3049	53016.99	4.4348173	8.257311	149.95645	0.6689507
14352000	1965.43	258	3049	53076.65	5.5055327	7.7056193	95.6992	0.6401939
14368000	1896.64	258	3049	53136.23	6.467766	10.527666	170.17459	0.8547163
14384000	1871.58	258	3049	53197.18	6.421129	7.9099402	97.17459	0.99544656
14400000	1964.1	259	3049	53256.72	7.7915115	10.821538	146.0584	1.1435091
14416000	2105.77	259	3051	53317.18	8.320717	11.1172695	114.05982	0.875517
14432000	2040.95	258	3051	53376.83	8.272881	10.690653	129.79123	0.61359674
14448000	2099.48	258	3051	53436.84	8.016185	11.974478	181.20572	1.0005636
14464000	2067.84	258	3051	53495.97	8.871118	13.706182	211.35048	1.0975529
14480000	1941.98	258	3049	53555.46	7.712131	12.734547	176.02733	1.1956127
14496000	2027.83	354	3049	53615.76	7.526289	10.623958	135.78429	0.86575913
14512000	1942.2	354	3049	53675.19	8.263071	13.8537245	129.89337	1.1445571
14528000	1967.03	354	3053	53736.01	7.5968294	12.073841	130.43811	1.0122526
14544000	1969.93	371	3053	53796.32	7.4568996	14.382544	192.03082	0.8615769
14560000	1983.57	371	3053	53856.24	7.2663817	11.591135	157.00974	0.85246694
14576000	1963.16	371	3053	53916.41	6.322707	9.968241	153.69557	0.81376815
14592000	2065.34	371	3053	53975.64	6.124122	11.845132	174.20554	0.6412104
14608000	2120.95	263	3053	54035.19	4.7493258	8.788544	142.1126	0.577423
14624000	2021.43	263	3053	54095.5	4.5416713	9.677583	133.34999	0.44504607
14640000	2012.87	259	3053	54155.0	4.86519	9.508867	174.60686	0.62014747
14656000	1833.36	259	3047	54214.46	5.205052	10.160902	150.93478	0.49394822
14672000	1649.5	258	3047	54274.49	6.316814	12.62343	159.89394	0.74374974
14688000	1674.92	258	3049	54334.03	7.057199	14.536703	198.52315	0.8310776
14704000	1843.46	258	3049	54394.32	6.047501	10.051626	99.82407	0.6639043
14720000	1954.4	258	3049	54453.82	6.6476555	14.022724	307.977	0.7326139
14736000	2149.76	371	3049	54513.31	6.878929	14.366958	200.40283	0.8784368
14752000	2204.13	259	3049	54573.24	6.0640645	11.516526	202.94	0.7102196
14768000	2231.18	259	3049	54632.98	5.6563983	12.859381	179.94798	0.5918058
14784000	2163.66	259	3049	54693.29	5.177888	11.959779	257.37985	0.6419939
14800000	2200.77	259	3048	54753.18	4.808291	8.984609	147.55284	0.4858888
14816000	2116.76	259	3049	54812.33	5.0953584	10.682037	226.6006	0.6084327
14832000	2101.76	446	3049	54872.45	5.913341	11.458102	248.62674	0.85676515
14848000	2131.95	446	3049	54931.5	5.9416413	7.547422	88.216774	0.8388247
14864000	2098.71	630	3049	54990.81	7.5839005	15.550334	179.40883	0.7483846
14880000	2074.34	263	3048	55050.94	6.188533	9.590181	104.591034	0.8676925
14896000	2079.56	263	3049	55110.64	6.926796	12.237996	122.00395	0.87437415
14912000	2018.69	263	3049	55170.66	6.721221	12.095048	163.43906	0.90129715
14928000	2056.68	263	3049	55230.1	6.0186696	10.162628	156.35406	0.9432879
14944000	2068.71	263	3049	55289.73	6.18645	11.170736	142.30568	0.7703861
14960000	2022.02	263	3049	55349.55	5.5099006	8.296879	93.61695	0.6110823
14976000	2009.79	355	3049	55409.55	5.883085	11.431886	125.39662	0.60582286
14992000	1924.48	257	3049	55469.63	6.6700554	13.644303	217.85228	0.5176018
15008000	1832.85	257	3049	55529.25	6.152687	10.089808	197.35599	0.91836816
15024000	1909.77	257	3049	55588.66	5.7446337	10.30371	174.6792	0.73095137
15040000	2024.84	257	3049	55648.38	6.5082393	12.462014	211.56865	0.81490016
15056000	2183.73	442	3050	55707.81	7.2949014	13.752849	178.0073	0.91312295
15072000	2160.22	263	3050	55767.27	7.430297	13.827137	207.38739	1.2360325
15088000	2053.14	263	3050	55826.78	9.280727	15.627651	184.53105	1.4273823
15104000	2002.37	263	3050	55885.98	9.360135	15.616472	176.74083	1.224545
15120000	2108.45	385	3050	55945.93	9.421045	16.637093	178.46785	1.3694556
15136000	1886.1	257	3050	56005.66	8.096565	13.166532	174.64128	1.1974103
15152000	2033.3	257	3050	56065.24	8.268626	14.686472	247.05803	1.04124
15168000	2026.24	257	3050	56125.02	6.791731	11.526142	182.64445	0.97766155
15184000	2056.12	257	3049	56184.81	6.0317802	12.129797	186.49734	0.927156
15200000	2052.47	257	3049	56244.49	5.7107196	10.621169	144.73499	0.6772382
15216000	2129.77	257	3049	56303.84	5.6101513	11.037539	151.69682	0.48965424
15232000	2252.21	263	3049	56362.5	4.8251066	7.3959107	91.8159	0.44583744
15248000	2311.93	366	3049	56422.9	4.570361	6.702861	126.5392	0.6422337
15264000	2278.29	263	3048	56482.67	5.269958	8.266395	140.79967	0.7812253
15280000	2260.9	263	3049	56542.41	5.7213593	9.124826	130.21127	0.9101912
15296000	2236.52	257	3049	56602.01	6.665014	14.35691	243.49146	0.625275
15312000	2173.26	257	3049	56661.18	7.0314255	13.06856	222.19945	0.80075085
15328000	2134.35	257	3050	56721.39	6.6248293	10.519972	129.85823	0.936838
15344000	2038.52	259	3050	56780.45	6.8603234	11.351457	165.46309	0.95168656
15360000	2138.33	259	3050	56839.74	6.7129965	9.4420805	143.74643	1.148984
15376000	2272.28	386	3050	56899.54	7.147651	11.349499	148.97832	0.9835867
15392000	2155.69	259	3050	56959.09	7.3844	13.806826	209.14316	0.8584962
15408000	2145.77	259	3050	57019.34	7.113892	12.858553	182.37856	1.0065863
15424000	2054.7	259	3051	57079.25	7.811127	14.538131	215.25198	1.1232289
15440000	2069.25	259	3051	57138.36	7.4125137	14.506859	198.80608	0.9918747
15456000	2237.87	363	3051	57198.5	6.7324543	14.35362	215.3828	0.88561296
15472000	2199.89	369	3051	57257.62	6.5361776	12.939762	150.07512	1.0269606
15488000	2197.16	384	3050	57317.32	6.4025	11.616588	124.26664	0.8926087
15504000	2146.3	258	3050	57376.65	6.5144887	12.776162	141.39838	0.6062107
15520000	2091.34	258	3050	57436.22	6.7147665	12.649889	177.48796	0.6321806
15536000	1976.47	258	3050	57495.68	6.785829	11.86055	144.46039	0.9347644
15552000	2010.65	258	3050	57555.0	8.296424	15.39475	203.1539	1.138699
15568000	2015.36	258	3050	57614.47	7.42403	12.561136	181.88464	1.0198462
15584000	1998.7	263	3049	57674.15	7.563497	12.982679	139.01846	0.89324456
15600000	1961.88	258	3049	57734.07	7.610075	13.869279	217.16364	0.9910086
15616000	1871.79	258	3049	57793.88	7.917595	12.120951	183.99783	1.1501594
15632000	1913.01	258	3049	57853.16	8.260515	11.36208	124.648445	1.2809585
15648000	1882.92	556	3049	57912.48	8.93154	14.161375	180.9904	0.9933953
15664000	1954.61	394	3049	57972.0	8.769477	12.306188	136.37909	1.3425977
15680000	1963.32	260	3049	58031.01	10.174428	15.45843	173.59583	1.3055797
15696000	1873.8	260	3047	58091.21	9.99483	15.013646	157.92383	1.1082549
15712000	1803.22	257	3048	58150.42	10.136238	12.831713	126.94773	1.4350332
15728000	1819.32	257	3049	58210.18	9.8900175	14.206975	146.84311	1.3751025
15744000	1808.7	257	3049	58270.32	8.987881	13.75422	187.08286	1.0881659
15760000	1841.66	257	3049	58329.86	8.303037	11.339957	151.56409	1.0860386
15776000	1901.39	257	3049	58389.18	7.5955234	11.016209	146.83919	0.9440267
15792000	1956.31	263	3049	58449.0	8.222919	14.264203	237.10501	1.0132055
15808000	2062.78	263	3050	58509.03	7.501513	10.576684	122.068665	0.81905496
15824000	2192.28	263	3050	58569.92	6.4936934	9.035383	156.8544	0.70947176
15840000	2305.9	263	3051	58629.36	6.084125	7.6100497	120.17262	0.63278806
15856000	2270.35	263	3051	58688.4	6.4576144	9.68151	149.66838	0.6946556
15872000	2129.93	263	3051	58748.29	6.6942663	10.152161	142.70514	0.8920124
15888000	1890.1	259	3048	58807.62	6.735463	9.9076395	106.14815	0.66454065
15904000	1844.84	259	3048	58867.44	7.5284605	11.698003	177.803	1.0192775
15920000	1894.26	259	3048	58927.35	8.600573	12.817056	152.33202	0.89540625
15936000	1868.53	259	3048	58987.14	8.196524	12.074515	118.42707	0.9999326
15952000	1873.54	263	3049	59047.0	7.93299	10.426472	102.53611	0.91637146
15968000	1916.61	386	3050	59106.62	8.013231	13.756381	179.8343	0.86445475
15984000	1918.98	372	3050	59166.06	7.354818	10.423216	109.46147	1.0934757
16000000	1955.83	372	3050	59225.97	8.181686	13.707113	182.73027	1.151265
16016000	1985.91	372	3050	59285.46	6.8549614	10.3291025	98.100586	0.5939269
16032000	2123.67	372	3050	59345.68	6.8201847	10.2128935	134.96436	0.8869873
16048000	2026.05	259	3052	59404.99	7.4318714	12.481512	178.72716	0.9369229
16064000	1954.81	259	3052	59465.2	7.7420883	14.012286	267.8705	0.8265649
16080000	1949.19	259	3052	59525.55	9.311039	16.613766	171.61513	1.215586
16096000	1878.99	259	3050	59585.25	8.096914	12.62499	129.62335	0.7558846
16112000	1820.37	259	3050	59645.26	9.182401	15.292745	180.06322	0.91958964
16128000	1837.23	259	3050	59704.78	9.6472025	20.796217	347.07877	1.0980533
16144000	1845.79	259	3051	59763.98	11.014027	25.666538	377.38815	1.1038493
16160000	1957.55	359	3051	59823.89	8.809671	11.850414	140.37877	1.062387
16176000	2080.15	259	3051	59883.08	8.480163	12.869232	144.35992	1.0147905
16192000	2220.6	259	3051	59942.85	9.098804	13.040569	177.069	0.7020763
16208000	2010.22	259	3051	60002.84	9.366812	12.687133	128.30113	1.3464025
16224000	1951.18	263	3051	60062.27	10.17516	14.589764	154.46236	1.0257673
16240000	1659.6	263	3051	60121.83	9.775415	14.145048	153.32918	1.5360918
16256000	1780.66	259	3051	60181.11	9.205871	11.302186	110.76281	1.3642993
16272000	1818.8	259	3050	60241.05	10.884904	17.456451	240.48442	1.3304677
16288000	1880.34	259	3050	60301.32	10.120889	14.526486	200.79436	1.3723829
16304000	2034.21	259	3050	60360.98	9.316481	15.455342	302.06912	0.8926164
16320000	2079.36	259	3050	60420.83	8.205351	10.005349	102.56247	1.1440681
16336000	2117.76	259	3050	60480.42	8.81745	14.470396	264.544	0.8176114
16352000	2116.52	259	3051	60539.81	6.9753757	14.010105	278.01718	0.885052
16368000	2097.37	259	3051	60599.95	6.839568	9.783136	94.80455	0.8024144
16384000	2136.88	259	3051	60659.12	6.5614123	10.497622	164.12166	0.7703075
16400000	2127.72	259	3051	60718.8	6.19491	9.183062	91.01822	0.5792718
16416000	2177.25	259	3051	60778.78	6.4651036	12.863699	278.76364	0.7745037
16432000	2236.92	259	3049	60838.2	5.943047	12.610817	182.52193	0.5191382
16448000	2107.26	258	3049	60898.54	5.025795	7.458342	84.81901	0.65452117
16464000	2114.79	258	3050	60958.33	6.5512805	12.436092	215.09808	0.6959107
16480000	2092.63	258	3052	61017.67	6.8578672	11.033251	143.1692	0.6249894
16496000	2052.2	257	3052	61077.06	6.6762958	10.841947	120.62576	0.75104016
16512000	2104.98	257	3052	61136.53	8.149703	15.028379	244.68413	0.94044125
16528000	2128.62	257	3052	61196.66	8.609905	12.152826	142.07295	1.2228507
16544000	2086.21	257	3049	61255.79	7.7691083	10.034885	107.47148	0.87576544
16560000	2139.31	384	3050	61314.85	8.395791	13.490541	155.63942	1.1824346
16576000	2176.27	384	3050	61374.57	8.108557	12.381882	147.21866	0.66778046
16592000	2226.29	386	3050	61434.31	7.6916456	10.76181	123.309616	0.9937351
16608000	2205.63	386	3050	61493.71	6.713358	9.982816	186.3404	0.7549325
16624000	2101.4	258	3050	61553.1	6.0582714	10.098269	131.6603	0.6919919
16640000	2126.71	258	3050	61612.55	6.072345	9.931205	162.89987	0.8848913
16656000	2080.56	258	3050	61672.41	5.143018	8.6430025	155.77184	0.79205036
16672000	1957.31	258	3049	61732.05	6.2927237	11.193105	248.31192	0.806658
16688000	1956.56	366	3050	61791.58	7.3327775	11.768723	145.89563	0.95908785
16704000	1968.69	370	3050	61851.75	6.949997	12.470528	191.65456	0.616041
16720000	2065.2	370	3050	61911.96	6.7258615	10.520694	111.06232	1.078469
16736000	2089.23	370	3050	61971.64	6.342429	10.200395	208.44556	0.8642915
16752000	2259.09	383	3050	62031.18	6.5136123	10.555851	151.68314	0.9019972
16768000	2263.01	383	3050	62091.07	6.411087	8.867944	119.256195	0.92772055
16784000	2242.17	258	3050	62151.1	6.3003774	12.473283	218.58888	0.7363677
16800000	2264.98	258	3050	62210.39	6.4347034	13.964688	230.28905	0.7889581
16816000	2229.82	258	3049	62269.55	6.097925	13.376697	257.64294	0.96032256
16832000	2143.01	258	3049	62330.5	7.0512834	13.562668	228.13992	1.0969641
16848000	2114.44	377	3047	62390.09	7.2906466	13.822086	154.91376	1.0783973
16864000	2073.15	377	3047	62449.69	7.4344764	14.722581	258.0948	1.1402497
16880000	1913.5	368	3049	62509.34	7.0519543	10.488358	146.62926	0.99168825
16896000	1945.26	368	3049	62568.36	7.729878	12.0647955	151.18103	0.8460901
16912000	1970.16	258	3049	62627.98	7.221865	11.437076	191.40714	0.873875
16928000	1775.79	258	3049	62687.32	8.616155	14.766711	160.44933	0.89091957
16944000	1898.72	258	3049	62747.01	9.375932	17.301327	235.57848	0.9905096
16960000	1894.0	258	3048	62806.58	8.793998	16.373018	224.28816	0.8947344
16976000	2017.3	258	3051	62866.1	9.957976	15.340226	219.77026	1.3418561
16992000	2052.45	379	3053	62926.29	9.61906	15.147514	223.91661	1.572441
17008000	2083.58	379	3053	62986.29	9.603281	14.816674	188.73105	1.4794204
17024000	1980.22	258	3053	63045.79	8.827652	15.263591	233.61464	1.3809186
17040000	1984.84	258	3053	63105.2	8.609079	13.163407	177.97894	1.0134041
17056000	2041.71	258	3048	63164.95	8.574743	14.129763	274.80423	1.2731489
17072000	2059.9	258	3049	63224.89	8.351641	15.653174	320.2179	1.3654958
17088000	1857.94	258	3049	63284.05	10.625257	20.96518	280.90363	1.5071828
17104000	1140.95	258	3049	63343.12	10.515685	21.078527	210.40294	1.359682
17120000	1251.33	258	3049	63403.42	12.313495	26.450415	255.4478	1.0598643
17136000	1490.11	258	3049	63462.8	11.835529	24.177404	195.63629	0.8917477
17152000	1888.35	258	3049	63522.86	11.089697	24.820564	214.46239	0.7314098
17168000	2149.17	258	3049	63582.66	10.801211	23.469425	186.30966	0.826763
17184000	2286.25	258	3052	63642.54	10.396352	23.939438	209.86015	0.74041414
17200000	2320.65	392	3052	63702.37	9.275603	24.91928	376.01733	0.71404874
17216000	2378.56	443	3052	63761.72	5.4107513	10.410319	218.67316	0.8332259
17232000	2322.8	626	3052	63820.94	5.25309	8.514527	109.04284	0.71474403
17248000	2301.21	626	3051	63881.8	5.198807	8.751375	165.07434	0.6598399
17264000	2234.64	258	3050	63941.3	5.188079	6.893564	87.06354	0.7300191
17280000	2251.54	258	3050	64001.09	5.930205	10.072201	164.08884	0.83304894
17296000	2132.65	258	3051	64061.22	5.884803	9.839796	142.9633	0.9433723
17312000	2220.62	364	3051	64120.41	6.450981	11.087795	163.21199	0.86466783
17328000	2233.34	364	3051	64180.7	6.5312505	10.745744	148.04224	1.0958228
17344000	2183.11	364	3051	64240.4	7.1695766	11.929736	148.24329	0.8389655
17360000	2221.6	631	3051	64299.99	8.044242	16.32096	193.55536	0.8707848
17376000	2015.13	258	3051	64360.1	7.8273864	12.772462	163.91014	1.0795662
17392000	2022.87	258	3051	64419.65	6.935316	9.7409115	118.362686	0.9346781
17408000	1987.89	258	3050	64479.64	8.037751	14.630458	146.87358	0.8287857
17424000	1888.65	258	3050	64539.13	8.337006	13.544713	141.23494	1.0190651
17440000	1873.52	258	3050	64599.25	7.8640356	13.22974	139.14354	1.0178117
17456000	1968.85	258	3049	64658.81	7.6749425	11.166819	139.05452	0.9519292
17472000	2013.18	258	3049	64718.48	7.3537536	12.155343	207.80638	1.0310155
17488000	2065.96	364	3049	64778.67	7.062037	12.176343	181.69592	0.6938568
17504000	2092.41	385	3049	64838.17	7.015351	11.214746	168.05728	0.83372986
17520000	2037.16	258	3049	64897.93	6.329244	10.111932	168.95438	0.6059503
17536000	2052.88	258	3049	64957.63	6.2925634	11.601195	153.92743	0.6718544
17552000	2108.18	258	3049	65016.98	5.791177	9.383153	126.7518	0.87617314
17568000	2229.5	258	3050	65076.77	6.298251	11.594895	197.28888	0.71435225
17584000	2274.82	258	3050	65136.41	5.9270883	13.319416	206.92447	0.84702265
17600000	2408.4	258	3051	65196.19	5.733569	11.578311	208.75493	0.6392486
17616000	2427.39	258	3051	65256.33	5.247486	11.033599	162.93376	0.60339797
17632000	2290.11	258	3051	65316.6	5.5320797	8.89041	205.15334	0.7993101
17648000	2331.87	258	3052	65376.2	5.9040055	7.7614336	98.55936	0.9300202
17664000	2214.84	258	3052	65436.4	5.7999344	8.74337	131.57808	0.863709
17680000	2204.04	258	3052	65495.69	6.668157	16.103739	361.75955	0.9715797
17696000	2238.77	359	3052	65555.59	5.7114315	10.432015	184.76982	0.7664698
17712000	2274.32	258	3052	65615.19	5.589328	7.90403	83.71448	0.77498883
17728000	2283.1	258	3052	65674.93	5.8166184	11.84755	233.88547	0.7468404
17744000	2256.93	258	3052	65734.9	7.111742	17.61441	250.12375	0.7188252
17760000	2357.5	263	3052	65794.46	7.256278	17.07914	266.88937	0.9394574
17776000	2346.5	263	3052	65854.14	6.530306	15.343571	251.68716	0.50413287
17792000	2430.14	263	3052	65913.92	5.8958545	11.12031	118.34026	0.7590161
17808000	2495.69	263	3052	65973.84	5.192912	10.611382	167.29099	0.79566544
17824000	2393.29	631	3050	66034.64	6.036273	11.405326	145.58951	0.8095091
17840000	2348.12	631	3049	66094.16	6.6678095	13.266666	200.06865	0.7769293
17856000	2317.42	631	3049	66153.69	5.0275507	8.775326	138.94836	0.6720058
17872000	2242.53	393	3049	66213.08	5.4632893	9.637348	135.69456	0.6439754
17888000	2259.15	393	3049	66272.7	5.1062293	9.412277	139.4386	0.7887969
17904000	2278.13	258	3050	66332.35	5.2838283	9.040684	105.200165	0.74844146
17920000	2270.73	258	3050	66392.31	4.830115	9.705758	123.608765	0.7290679
17936000	2165.98	258	3050	66451.61	4.3580427	9.282503	159.59438	0.5704699
17952000	2158.29	258	3051	66512.28	4.663699	12.614826	216.48996	0.47667122
17968000	2095.35	258	3051	66571.87	6.3507857	18.269075	358.18896	0.7373111
17984000	2029.57	257	3051	66631.23	6.4864397	15.359067	194.53844	0.69609666
18000000	2183.75	257	3051	66691.33	6.739747	16.030949	196.28017	0.9566824
18016000	2222.09	257	3051	66750.91	6.9465256	16.313791	286.47955	0.59325624
18032000	2186.45	257	3051	66810.73	5.687467	12.514413	190.11862	0.61878455
18048000	2227.31	257	3050	66870.38	5.8351474	16.051907	219.52446	0.6142987
18064000	2331.95	257	3050	66929.84	5.577023	10.362601	127.84158	0.59406835
18080000	2283.51	258	3049	66989.64	5.539316	11.204646	153.37599	0.6324508
18096000	2193.39	258	3049	67048.72	5.217723	7.719244	107.43901	0.5847494
18112000	2155.04	258	3052	67108.34	5.1834054	10.02477	208.04095	0.73217773
18128000	2085.37	258	3052	67168.1	5.0278234	8.573839	156.53369	0.74747545
18144000	2071.95	258	3052	67227.83	5.6984806	8.758604	108.82636	1.0241877
18160000	2051.37	385	3052	67287.71	5.477157	9.49744	183.59143	0.84324825
18176000	2138.76	385	3052	67346.53	5.157748	8.439981	158.1366	0.86696637
18192000	2216.21	385	3051	67406.3	4.7600245	6.368741	83.60574	0.79216045
18208000	2155.11	258	3051	67465.98	5.6681337	10.495031	132.62305	0.72536945
18224000	2129.38	258	3051	67525.38	5.42054	10.017675	186.7418	0.8503001
18240000	2139.84	258	3051	67584.87	5.6003385	11.355627	163.04411	0.42330867
18256000	2134.75	258	3051	67645.33	5.5487146	9.848618	152.4517	0.97696143
18272000	2157.87	258	3051	67704.94	5.762259	10.913307	155.93379	1.0019966
18288000	2209.79	401	3051	67764.77	6.628145	14.844755	208.5686	0.67666745
18304000	2259.37	401	3050	67824.04	6.3690224	12.92206	148.81577	0.70610183
18320000	2295.74	401	3050	67883.65	5.4138117	8.971646	125.34431	0.79940706
18336000	2324.11	401	3050	67943.2	6.7864094	12.0926075	131.32466	0.9722415
18352000	2424.96	413	3050	68002.96	7.4091353	15.0918	245.56406	0.8642427
18368000	2568.79	413	3050	68063.41	5.993252	15.147383	289.0376	0.6365293
18384000	2580.33	556	3051	68122.55	4.9738054	9.808658	124.26969	0.71533597
18400000	2509.18	259	3051	68182.53	6.061374	13.057236	160.47864	0.74011827
18416000	2514.03	259	3051	68241.93	4.424014	6.4559565	82.38092	0.61869216
18432000	2520.56	259	3051	68301.55	4.677656	8.886753	149.33649	0.7697234
18448000	2611.61	375	3051	68361.62	5.2397895	10.815236	160.85811	0.84452707
18464000	2447.02	371	3050	68421.13	5.2431707	9.91931	148.5821	0.88512844
18480000	2254.62	257	3051	68480.86	6.1539645	12.840153	218.89857	0.8322693
18496000	2327.74	257	3051	68540.73	6.1226006	12.444371	249.86263	0.9367873
18512000	2328.03	257	3051	68600.13	6.355135	14.231243	338.70264	0.75276196
18528000	2381.23	257	3050	68659.85	6.3237004	12.562426	258.5062	0.7178497
18544000	2404.26	257	3050	68719.53	6.886089	18.269728	270.43616	0.74078584
18560000	2236.2	257	3049	68779.05	6.037829	12.704209	189.93967	0.68961155
18576000	1844.58	258	3049	68839.16	6.4631763	12.580165	189.45384	0.87064177
18592000	1772.1	258	3050	68898.98	7.677716	19.578377	298.78427	0.73227036
18608000	1796.23	259	3050	68958.95	7.2762733	17.230707	254.12852	0.92767584
18624000	1956.27	259	3051	69018.25	6.340034	15.354352	222.51987	0.78343666
18640000	2164.59	259	3051	69077.85	5.385296	11.9135065	220.24005	0.43614537
18656000	2231.38	259	3051	69138.08	5.2949758	16.847298	288.5223	0.57958174
18672000	2335.54	449	3051	69197.96	4.480786	8.18816	122.36607	0.50654525
18688000	2267.43	257	3051	69257.27	5.6620154	11.556117	141.60513	0.6370077
18704000	2150.2	257	3051	69317.13	4.485156	10.599738	196.5183	0.30518746
18720000	2055.95	257	3051	69376.42	5.5635705	12.809202	210.41537	0.41999945
18736000	1875.33	257	3048	69436.32	6.014052	11.037909	189.90144	0.5404823
18752000	1784.64	257	3048	69495.89	8.200416	16.828554	282.7611	0.9167832
18768000	1741.52	258	3048	69555.84	10.0346155	21.429096	281.22467	0.740075
18784000	1796.51	258	3048	69615.85	8.292284	18.2944	258.46927	0.7324166
18800000	1953.14	258	3048	69675.87	9.130376	21.067577	291.13596	0.9138714
18816000	2044.05	258	3051	69735.52	8.579462	17.015741	265.17108	0.78542644
18832000	2316.17	258	3051	69794.92	8.327261	17.16204	209.11928	0.8889152
18848000	2225.92	258	3051	69853.93	7.1021137	13.153445	191.90453	1.0435971
18864000	2228.81	258	3051	69913.91	7.0327587	11.250938	158.62593	0.9675137
18880000	2238.15	258	3050	69973.42	5.8803544	10.059686	158.6922	0.7224122
18896000	2228.49	258	3050	70033.22	5.8381996	10.280502	133.13542	0.8428028
18912000	2133.91	258	3050	70093.52	4.803418	8.804892	199.52356	0.69510144
18928000	2149.52	258	3050	70153.45	5.1926546	10.868125	204.59618	0.451307
18944000	2315.49	259	3050	70214.08	5.313501	10.10147	179.9729	0.5966875
18960000	2332.92	259	3050	70273.54	4.18525	5.264563	66.29258	0.4929644
18976000	2366.24	263	3050	70332.93	4.631203	10.598666	173.5186	0.42689967
18992000	2345.51	263	3049	70393.33	4.514888	7.5275273	95.5244	0.49665534
19008000	2394.7	263	3049	70452.9	5.354247	13.896376	224.25346	0.7548363
19024000	2434.52	379	3049	70513.43	4.7216735	9.143458	138.52893	0.50823116
19040000	2399.22	385	3050	70573.09	4.967549	9.991973	142.91196	0.6819203
19056000	2334.56	385	3050	70632.75	5.087491	10.266632	217.76987	0.5135849
19072000	2330.83	385	3051	70692.87	5.1513085	10.386589	182.01173	0.72056544
19088000	2104.37	385	3051	70752.23	4.8804617	10.515706	195.76419	0.53499043
19104000	1988.77	385	3051	70811.34	6.4716063	13.652163	235.828	0.92337656
19120000	1992.37	385	3051	70871.13	6.6316233	13.579532	157.73248	0.843822
19136000	1914.24	385	3051	70931.15	6.336297	14.106235	195.26476	0.5278695
19152000	1825.2	259	3051	70991.27	8.4128685	17.894213	175.55055	0.8968595
19168000	1096.22	259	3051	71051.22	11.265126	21.26881	207.45346	0.8635512
19184000	1273.29	263	3051	71110.46	12.057679	23.351854	306.83054	0.8058259
19200000	1382.76	357	3051	71170.27	10.7746935	19.733404	211.8887	0.7439828
19216000	1812.96	357	3052	71229.89	11.563123	24.15202	260.52753	1.2814666
19232000	2028.43	357	3052	71289.59	9.92726	18.891117	207.85532	1.0420742
19248000	1948.19	357	3052	71349.58	10.118114	19.065456	236.14651	0.84998536
19264000	2067.85	394	3052	71409.46	7.6503987	13.482919	192.06209	0.9437166
19280000	2116.62	356	3052	71469.31	6.0645194	9.883084	111.44713	0.6840823
19296000	2077.17	356	3050	71529.82	6.474875	10.17333	121.83747	0.8947066
19312000	2263.52	356	3050	71589.49	6.3181834	10.772934	117.045746	0.461439
19328000	2291.98	356	3050	71649.47	5.4784303	8.755933	101.86142	0.72084624
19344000	2126.64	356	3050	71709.1	6.2086134	10.114825	124.25579	0.7272941
19360000	1955.05	361	3050	71769.2	6.749999	12.639888	204.82489	0.69230384
19376000	1873.71	361	3050	71828.5	6.708678	12.78587	179.322	0.69612265
19392000	1746.19	362	3048	71887.54	8.906723	14.74405	164.35126	0.747394
19408000	1594.61	362	3048	71947.67	9.345828	15.173596	186.44534	1.1344211
19424000	1566.66	263	3048	72006.73	10.216056	16.97608	199.35947	0.86688185
19440000	1735.17	263	3050	72066.24	9.426486	14.267974	166.9563	1.2258439
19456000	1778.7	263	3050	72126.26	9.92928	13.870745	185.89857	1.3495145
19472000	1938.67	558	3050	72185.33	8.527535	11.223153	132.98752	0.98584336
19488000	2035.24	258	3050	72245.48	7.574017	12.467092	147.73727	0.99435854
19504000	1871.78	258	3050	72304.98	7.270124	15.031934	251.77956	0.7527742
19520000	1909.1	258	3050	72364.26	8.924283	17.910597	214.0449	0.9742329
19536000	1807.29	258	3050	72424.58	7.255892	12.300257	171.82498	0.87709546
19552000	1794.34	263	3050	72484.26	6.774153	12.365084	168.59628	0.97573745
19568000	1844.58	263	3052	72544.52	7.264421	13.400115	182.43996	0.79134715
19584000	1943.98	263	3052	72604.82	6.2900558	9.526436	100.08399	0.78070545
19600000	2014.11	379	3052	72664.48	8.107787	12.070684	139.69685	0.8393869
19616000	2029.75	379	3052	72724.1	7.12143	11.86498	191.52553	0.772768
19632000	1969.9	379	3052	72784.31	7.185574	10.795167	129.96829	0.6389927
19648000	1997.03	392	3048	72843.63	6.921528	10.18045	130.32033	0.75904757
19664000	2034.08	392	3048	72903.52	7.044224	8.866428	80.09848	1.0508813
19680000	2091.29	392	3048	72963.23	7.5088124	11.5127	157.32208	0.7947295
19696000	1990.26	258	3048	73022.95	7.3617673	13.186446	179.21982	0.9558932
19712000	2035.51	258	3050	73083.61	7.120008	9.895297	109.86933	1.0310214
19728000	2067.12	258	3050	73143.43	7.9905	12.054696	162.69864	0.6632193
19744000	2102.25	258	3050	73203.85	7.230979	12.135187	194.0366	1.315304
19760000	2123.15	385	3050	73263.86	7.639574	13.169268	185.97855	1.1917061
19776000	2098.13	385	3049	73323.14	7.7148895	15.224172	225.19443	0.8184407
19792000	1950.13	385	3049	73382.97	7.7910776	16.520855	217.79393	0.99299884
19808000	1782.88	388	3051	73442.64	7.8661885	13.153657	205.70084	0.96572185
19824000	1776.79	388	3051	73502.45	7.732889	13.538327	163.14961	0.9512033
19840000	1801.77	370	3051	73562.22	7.921409	13.676194	141.28287	1.0652282
19856000	1844.6	370	3049	73622.1	9.166428	16.429495	276.9412	1.2525213
19872000	1759.5	370	3050	73681.78	9.0221815	16.25564	191.26906	1.1565479
19888000	1833.42	370	3051	73741.51	8.439885	13.32912	170.68936	0.8917064
19904000	1919.07	393	3051	73801.67	8.024264	13.891794	159.53624	0.95504934
19920000	2001.19	259	3051	73860.94	6.67192	9.212513	108.974945	0.78843504
19936000	2052.69	259	3051	73920.96	5.8041515	9.682287	135.51917	0.83896816
19952000	2150.87	259	3051	73980.94	6.4769864	11.338384	147.34644	0.614894
19968000	2096.38	259	3050	74040.28	6.4449754	10.514074	139.19447	0.5161823
19984000	2119.78	258	3050	74100.02	5.3272595	7.686758	120.39926	0.72912157
20000000	2027.12	258	3050	74159.63	4.8510194	8.2402	169.65714	0.7999635
