TotalEnvInteracts	AverageEpRet	MinEpRet	MaxEpRet	time	Averageloss	Stdloss	Maxloss	Minloss
32000	719.22	215	1305	69.97	0.3262353351856779	0.26593510418581284	1.9148402	0.0043980433
64000	635.34	215	1619	156.74	1.1984925537109374	1.1533278636765925	8.642009	0.14287396
96000	710.63	223	1505	245.29	2.611520263671875	2.2147252227985303	14.603782	0.37760067
128000	672.89	223	1799	332.79	3.7070390625	3.4770177370485182	22.447655	0.38272622
160000	665.85	222	1306	420.27	4.4766123046875	5.181120512555657	40.345695	0.3847282
192000	680.85	215	1402	508.08	5.9580654296875	6.550164597168532	44.072453	0.5060992
224000	655.77	218	1665	595.56	6.742876953125	7.903032942326636	68.224686	0.65088236
256000	715.28	218	2996	683.43	8.0060087890625	9.223159538628831	60.8696	0.6725136
288000	632.72	222	1640	771.16	7.94464990234375	9.460099183544537	52.723793	0.73871624
320000	610.14	217	1383	858.56	8.2156005859375	10.031716889446193	66.810486	0.7357049
352000	581.22	223	1811	945.9	8.6714189453125	9.927231329781733	56.442127	0.8020927
384000	596.96	215	1315	1033.44	9.2827138671875	9.898210854745416	67.273506	0.8711227
416000	509.2	226	1403	1120.22	9.02258984375	9.494160211677492	74.7489	0.9233668
448000	561.67	215	1309	1207.08	8.80661328125	9.273687575608745	82.02079	0.9111053
480000	478.68	218	1044	1293.67	9.2581962890625	9.127314774894092	65.77902	0.8744074
512000	437.71	231	1308	1380.43	9.0572763671875	8.132121398349879	54.134766	1.0649285
544000	374.22	215	1249	1467.29	8.4632578125	7.276956352074677	45.530746	1.0960989
576000	313.47	226	1041	1553.65	8.7916123046875	7.469498131986513	49.371822	1.2289412
608000	329.93	226	1038	1640.22	9.1546611328125	7.575608731729088	47.71142	1.5000119
640000	338.17	231	1236	1726.48	8.702427734375	6.551624321494632	40.652267	1.2782186
672000	312.1	231	952	1812.88	8.794404296875	7.053380727530593	58.482304	1.2910056
704000	416.34	223	1040	1899.37	8.823142578125	7.385287845608998	53.6252	1.5081253
736000	279.3	231	711	1985.22	8.30315625	7.2673450920883065	61.07029	0.94896424
768000	234.34	231	565	2073.18	8.3891328125	8.077487523202992	50.54603	1.2476574
800000	315.83	231	1023	2160.06	8.10433203125	9.270481547632787	67.61445	0.98637414
832000	392.63	231	1033	2247.24	7.68700927734375	8.69588399402269	77.02882	0.9574506
864000	476.77	231	1035	2335.17	7.60021044921875	9.08280139879762	77.37365	1.1282036
896000	312.68	231	1040	2423.11	7.4358046875	9.338236667728014	82.542404	0.8245898
928000	452.57	231	1025	2510.75	7.08239453125	8.079176551480973	68.46454	0.86304665
960000	407.5	231	1024	2598.26	7.07379443359375	7.796980334959811	72.08562	0.94911623
992000	354.45	226	1038	2687.27	6.93684375	6.629575660440116	49.813614	0.7739705
1024000	513.77	223	1315	2774.86	6.687494140625	6.125062499681126	51.167213	0.928269
1056000	288.07	231	1030	2863.86	7.09772412109375	7.326629245004145	62.094257	0.922595
1088000	276.34	231	1042	2955.6	7.01245458984375	6.693250448212737	56.059067	0.8824533
1120000	310.87	231	1006	3045.57	7.08514501953125	6.940081163970635	58.01113	0.8669851
1152000	302.58	231	1033	3136.62	6.999693359375	6.898280469617048	46.157974	0.8348508
1184000	398.37	231	1298	3224.93	6.64484130859375	7.088646291782374	61.90276	0.74056137
1216000	365.45	231	1279	3312.87	6.766740234375	7.284412939626638	59.470757	0.70915854
1248000	608.48	231	1301	3400.05	6.504021484375	6.586907290697964	47.364532	0.7415539
1280000	511.89	226	1296	3487.15	7.0140146484375	6.969144887914872	48.53302	0.6834662
1312000	300.79	223	1063	3573.77	6.7747978515625	6.646724404735012	47.289783	0.55576706
1344000	336.82	231	1026	3661.49	6.931375	7.1886768058349935	45.109493	0.6026065
1376000	567.71	231	1304	3749.57	7.18423876953125	7.338355465463635	51.142136	0.56926095
1408000	366.68	231	1026	3835.06	7.413880859375	7.154976415055469	47.397823	0.45836657
1440000	293.93	231	943	3921.23	6.921208984375	6.624768863892536	38.86185	0.59802336
1472000	358.92	231	1291	4007.76	7.17168212890625	7.3659650695784595	49.584805	0.5561822
1504000	378.12	231	1045	4094.23	7.10057568359375	7.148308912777902	39.248997	0.54531324
1536000	319.58	231	1295	4181.11	7.24046875	7.23544390051502	36.7174	0.396063
1568000	269.53	231	707	4269.56	7.293443359375	8.132584440846587	62.08451	0.4962973
1600000	251.1	231	1148	4357.58	6.830740234375	7.404939757519975	52.125244	0.47459915
1632000	258.64	231	629	4445.83	6.93660205078125	7.478476929662884	58.61725	0.45255765
1664000	388.67	231	1304	4533.59	6.9264765625	7.820474929631831	49.518982	0.4940821
1696000	273.02	231	1296	4620.79	7.1579189453125	8.120640657454311	52.94199	0.4710576
1728000	587.01	231	1297	4707.12	7.09563916015625	8.312688907627905	50.63894	0.43029585
1760000	279.19	231	1282	4793.82	7.1256845703125	8.475475650369129	52.88195	0.37177503
1792000	323.72	231	1280	4880.99	6.5546240234375	7.96879779397432	53.057167	0.38444915
1824000	312.98	231	803	4968.45	6.98217578125	8.44086414415017	60.02781	0.3283663
1856000	297.12	226	1294	5055.95	6.82679150390625	8.583868409697343	58.59886	0.40511
1888000	352.9	231	1303	5143.19	6.6185546875	7.9663045267237935	45.26262	0.33625618
1920000	452.82	231	1311	5230.17	6.602466796875	7.686202126212919	44.964848	0.34882972
1952000	500.82	231	1405	5316.12	6.90090625	7.940488856566074	57.646458	0.3314306
1984000	368.7	231	1302	5402.4	7.7069716796875	8.89473246506043	47.26473	0.42763108
2016000	601.63	231	1407	5487.34	7.635484375	8.969633667268692	59.475525	0.36207768
2048000	544.12	231	1282	5571.81	8.02145703125	8.930503380269222	53.37065	0.47358966
2080000	569.68	231	1336	5657.46	8.24204296875	9.458563414969527	66.85251	0.41621536
2112000	426.82	231	1302	5744.39	7.858359375	8.662783635327619	56.068054	0.45202017
2144000	630.47	231	1310	5829.28	8.0005068359375	8.76294310577217	61.982304	0.5319325
2176000	642.18	231	1804	5915.08	8.0617314453125	8.557375291232704	60.841026	0.56338614
2208000	654.39	231	1635	6000.31	7.5841767578125	8.250085700312452	44.371986	0.44199154
2240000	664.6	231	1304	6086.21	7.48941259765625	8.168207709620269	51.234795	0.450331
2272000	510.41	231	1300	6172.76	7.77745751953125	8.567487598473662	53.209404	0.61741865
2304000	613.33	231	1276	6258.23	9.2353251953125	9.678532543082138	70.33107	0.48254955
2336000	529.06	231	1295	6345.25	8.36855859375	8.94654830437415	49.673756	0.48083118
2368000	481.5	231	1299	6431.85	8.48082421875	9.465510171802679	76.38803	0.43964797
2400000	543.27	231	1300	6518.79	8.942529296875	9.092908466216956	67.19856	0.72636485
2432000	317.23	231	1288	6604.87	8.189896484375	8.908613282941403	66.04499	0.6038594
2464000	309.67	231	1250	6692.07	8.397111328125	8.838634121005349	47.709076	0.36175233
2496000	354.64	231	1303	6778.2	7.664802734375	7.869431314825106	45.309875	0.57055867
2528000	462.96	217	1284	6863.29	7.87392919921875	8.713256782053424	75.0289	0.47455066
2560000	656.72	231	1292	6949.16	8.1089375	8.537430911140659	54.662277	0.4929809
2592000	749.5	231	1314	7034.03	8.07113671875	8.800791867780989	53.6515	0.58642167
2624000	768.43	231	1310	7118.74	7.9080126953125	9.193326383850406	62.784477	0.5504072
2656000	693.73	231	1313	7203.9	8.605419921875	9.561695227573404	63.796852	0.50222915
2688000	551.23	226	1313	7289.42	8.312375	9.420701523108562	62.939037	0.5035578
2720000	719.44	231	1772	7374.95	8.180466796875	10.011925311222612	91.535095	0.44350886
2752000	637.67	223	1395	7460.21	8.340451171875	9.182855969141626	59.087048	0.5658004
2784000	714.75	231	1301	7545.62	8.0390771484375	8.845807181229986	55.13478	0.52732146
2816000	754.27	226	1891	7631.34	7.6162333984375	8.711182199477864	61.04193	0.57141674
2848000	700.79	226	1883	7717.31	7.8549345703125	8.703869469954155	54.51979	0.59081244
2880000	746.89	231	1311	7803.68	7.65486767578125	8.864791664218624	53.61653	0.6278784
2912000	698.78	231	1308	7889.66	7.7523955078125	8.811374041544259	68.78961	0.6423967
2944000	713.49	226	1310	7975.69	7.6638046875	8.489942579311123	59.994843	0.6480696
2976000	537.21	231	1313	8061.57	7.67797119140625	8.427875065815819	70.374954	0.8277113
3008000	584.03	231	1318	8146.95	8.042951171875	9.301781583384981	62.61684	0.5384147
3040000	395.83	231	1314	8232.81	8.48952734375	9.181224046934048	70.667885	0.78281766
3072000	500.3	231	1841	8318.96	9.6168427734375	10.445605385759123	78.959465	0.80154175
3104000	428.5	231	1313	8405.48	9.803826171875	10.158372085993896	59.85885	0.9392075
3136000	337.22	231	1301	8490.39	9.803666015625	10.3869280077172	77.0143	0.9239104
3168000	811.18	231	1666	8575.12	10.2632275390625	10.342112785838298	64.90117	0.99857986
3200000	884.1	226	1893	8660.4	10.0573623046875	9.766031291548272	75.09623	1.0272888
3232000	640.38	226	1880	8746.22	9.8686396484375	9.922387486764464	78.13114	1.1996481
3264000	625.99	226	1842	8832.16	10.9750810546875	10.472083424514913	61.03057	1.0590992
3296000	635.37	231	1310	8918.48	11.0801630859375	10.775298719757146	80.80148	1.281549
3328000	536.52	231	1307	9005.71	10.42470703125	10.24451644478645	61.840767	1.0555258
3360000	576.58	231	1308	9092.08	10.653390625	10.285118193292677	76.99333	0.90353
3392000	419.73	231	1311	9180.59	11.0409521484375	10.790982201588509	69.120346	1.0491837
3424000	290.42	231	1308	9272.06	11.3699990234375	11.72145202182733	89.682915	0.9646145
3456000	290.65	231	1261	9361.27	11.146513671875	11.407265708201068	69.32099	1.2626438
3488000	440.49	231	1296	9450.73	11.3995869140625	12.076506764168187	78.49282	1.0614939
3520000	902.74	231	1309	9537.25	11.09758203125	11.88340952231303	93.93813	1.2018759
3552000	867.75	226	1310	9622.36	11.30533203125	11.64114000538607	79.419655	1.0035818
3584000	821.39	226	1893	9707.92	10.8499072265625	11.233880465471405	73.41793	0.9355323
3616000	883.05	226	1665	9794.69	10.928177734375	11.717249570611697	83.12558	1.1391988
3648000	795.83	568	1302	9880.8	10.852185546875	11.395745848232139	95.91259	0.8847146
3680000	851.7	584	1640	9967.74	10.7978154296875	11.944157829248573	87.15938	0.977342
3712000	925.32	231	1768	10053.2	10.77070703125	12.099674582400967	129.88518	1.2090148
3744000	902.11	558	1324	10138.94	10.11240625	10.400870606588661	87.473724	0.7871822
3776000	825.93	231	1317	10225.33	10.247986328125	11.685720452757716	78.92773	0.77966857
3808000	890.11	226	1319	10312.29	9.9199423828125	11.051739469988423	76.34056	0.90649724
3840000	904.6	527	1313	10398.31	10.153392578125	11.778990831136596	93.413055	0.8848647
3872000	834.28	499	1308	10483.73	10.651720703125	11.60288420501558	95.16247	1.086745
3904000	747.51	226	1287	10569.4	10.153998046875	11.407721480427194	78.75565	1.0313498
3936000	812.09	231	1322	10655.13	9.673875	10.351151807890753	65.81384	0.8878288
3968000	778.74	226	1320	10740.8	8.775080078125	10.196190311827257	80.394	0.8236326
4000000	780.73	226	1328	10826.34	9.568533203125	11.08739923855004	87.22101	0.8365763
4032000	809.1	557	1321	10911.45	8.798376953125	10.656818533220878	93.246826	0.70509624
4064000	789.65	555	1322	10996.74	8.1969248046875	9.336602199140756	68.25098	0.89413095
4096000	772.76	267	1447	11082.29	8.227943359375	9.432411707776543	66.4057	0.6601915
4128000	844.29	226	1321	11169.08	8.481900390625	9.487210963976715	50.310852	0.6624675
4160000	844.47	226	1320	11255.24	7.8736513671875	9.608385009979564	66.680855	0.6723222
4192000	781.75	226	1319	11341.79	8.20384375	9.684599565805497	69.16351	0.7235434
4224000	866.78	581	1323	11427.03	8.511908203125	10.105407741650012	69.035416	0.7439877
4256000	844.54	555	1319	11512.64	9.096623046875	10.527923064997198	66.608284	0.6919051
4288000	915.51	588	1318	11598.67	8.4262109375	9.981501249185916	71.95877	0.6914937
4320000	812.34	559	1323	11684.36	7.9229609375	9.223729587319871	58.603134	0.759563
4352000	761.98	231	1664	11770.01	8.04200830078125	9.140711644888487	69.43632	0.6925752
4384000	816.91	603	1316	11855.56	8.2306865234375	9.898360422943792	90.4965	0.78669024
4416000	797.41	231	1313	11941.54	7.71304638671875	8.175473992374998	54.035378	0.7264874
4448000	882.47	231	1316	12027.01	7.5805654296875	8.435852616955799	74.656944	0.78687143
4480000	927.01	518	1324	12112.42	7.4816943359375	8.400680310992676	75.8981	0.6060184
4512000	939.07	602	1671	12198.55	6.69145458984375	7.009732074052474	48.53971	0.62519205
4544000	870.0	231	1324	12284.06	7.1839384765625	7.679926147105843	67.677895	0.7257035
4576000	872.72	231	1829	12370.04	7.86864306640625	8.385450569289643	64.354965	0.8406811
4608000	967.13	557	1771	12456.44	7.54466015625	7.763409769553582	50.72975	0.8218045
4640000	945.84	597	1887	12543.08	7.4550458984375	7.1116058313154555	50.03662	0.77094066
4672000	896.82	223	1895	12629.2	7.15614599609375	7.467129531319247	55.392982	0.7842272
4704000	894.73	223	1554	12716.52	7.0405498046875	7.173255994490925	44.788372	0.73819864
4736000	979.22	231	1315	12803.08	7.511361328125	7.702545743940766	58.766544	0.8746582
4768000	819.45	231	1549	12888.84	7.46084375	8.177137526359697	56.38868	0.6373478
4800000	925.39	231	1668	12974.09	7.481328125	7.945839615012375	59.413464	0.7890867
4832000	883.82	226	1665	13059.16	6.5949248046875	6.543476594097362	46.499115	0.6563912
4864000	803.46	231	1895	13144.84	7.65863916015625	8.02981626307539	59.766964	0.8326615
4896000	884.2	231	1829	13229.89	7.79941552734375	8.632113461516825	75.551476	0.6468288
4928000	630.63	231	1317	13316.52	8.35112109375	8.83032859666049	65.06796	0.86441207
4960000	794.66	231	1553	13401.5	8.634228515625	8.997619042696796	63.9723	0.848191
4992000	649.33	231	1551	13487.77	8.677666015625	8.757977167274415	55.90148	0.88361555
5024000	943.27	231	1827	13572.98	9.849291015625	10.627715094271204	71.45697	0.84048045
5056000	576.55	231	1552	13658.87	10.05597265625	10.765881437439296	80.34115	0.94192517
5088000	831.09	231	1771	13744.59	11.446083984375	12.402063210409791	81.86314	0.80107
5120000	846.64	231	1552	13830.0	10.18895703125	11.514777190636387	85.15385	0.9055953
5152000	954.86	223	1831	13915.7	10.73014453125	11.775926184381422	94.99255	0.8851212
5184000	884.19	231	1657	14002.15	11.6441142578125	12.795560143073065	106.200516	1.183268
5216000	854.78	231	1828	14087.73	11.7920556640625	13.443331292875289	98.34651	1.2881736
5248000	942.22	231	1673	14174.08	12.73976953125	14.221254449766377	92.28006	1.1596699
5280000	858.25	226	1664	14260.17	13.3487041015625	15.625128999467492	105.95299	0.87631214
5312000	896.44	479	1677	14345.55	11.891662109375	14.244855979440437	85.289795	1.1536597
5344000	976.53	226	1831	14429.89	11.604650390625	14.170477673670709	116.254974	0.92497635
5376000	1045.76	231	1890	14514.69	11.84496875	14.028866445654117	109.92769	0.9951757
5408000	1084.56	226	1894	14599.61	12.6559921875	14.15574750763802	98.91509	1.2767558
5440000	1214.37	223	2003	14685.1	12.867134765625	15.09129043107315	117.88114	0.9361384
5472000	1287.28	223	1895	14770.75	12.5972421875	14.511953047401994	100.19597	1.1632662
5504000	1036.99	413	1896	14856.17	13.00497265625	14.667405935440664	107.43359	1.2367418
5536000	1294.79	226	1957	14941.41	13.1532431640625	15.494516671229212	120.725655	1.3302759
5568000	1152.46	509	2434	15026.72	12.147732421875	14.530891662248399	130.40373	1.121427
5600000	1094.55	226	2525	15112.15	12.0844345703125	14.277735617912246	98.10012	1.1447369
5632000	1030.07	226	2168	15197.43	11.824734375	13.912216978253323	111.462296	1.259727
5664000	1175.38	527	2402	15282.86	12.707630859375	14.111796373070296	93.883514	1.3174345
5696000	1173.49	488	2004	15368.08	11.922595703125	13.482440547801426	92.23537	0.9961535
5728000	919.99	566	2319	15453.65	11.902013671875	12.467535341838818	86.80578	1.3303661
5760000	1027.38	226	2479	15538.73	11.74072265625	12.197761705534338	88.67347	1.5459051
5792000	903.85	231	2452	15624.64	11.770466796875	12.404816352933242	91.75812	1.4088078
5824000	964.38	602	2791	15711.21	11.141333984375	10.98174764097227	97.31445	1.3652167
5856000	887.4	231	1885	15797.96	12.814203125	13.215437232645767	102.1296	1.4496621
5888000	988.07	231	2492	15884.71	12.511529296875	12.892017273297457	145.83899	1.4582472
5920000	736.56	231	1892	15970.94	11.878587890625	12.720632845892535	107.88202	1.6413438
5952000	818.04	564	2447	16057.54	11.8525107421875	12.237657685398787	97.50968	1.3514128
5984000	919.64	567	2491	16143.78	13.029408203125	14.064211562508579	116.791595	1.5539137
6016000	878.41	231	1323	16228.7	12.9296171875	13.614798933513487	113.30298	1.4449183
6048000	940.64	602	1771	16314.23	14.0667421875	15.680681785241354	129.05316	1.414584
6080000	926.91	589	2311	16399.23	13.6837744140625	15.575732326282447	118.70463	1.4212173
6112000	871.07	570	2523	16484.11	13.898859375	15.358154898131481	144.17035	1.3899126
6144000	1109.87	231	2814	16569.99	13.919203125	15.070518094113421	110.66433	1.5690467
6176000	1070.07	231	2895	16655.58	13.117900390625	14.126513193283047	112.09467	1.1439016
6208000	1011.96	231	1885	16740.72	12.1718330078125	13.334937663896296	108.09355	1.0154446
6240000	1183.73	231	2867	16825.72	11.7098515625	13.583684491882163	129.89134	1.0933138
6272000	1031.05	577	1896	16912.18	12.4589052734375	15.285896277287767	116.06151	1.4042873
6304000	810.88	231	2732	16998.7	11.8391015625	12.313659843848212	79.8365	1.1597121
6336000	1092.96	553	1896	17083.93	12.08787890625	12.51404086416534	88.134445	1.1501496
6368000	958.93	231	2220	17169.76	11.146197265625	12.091452301109243	80.126564	1.049398
6400000	893.14	585	1427	17255.28	11.656529296875	13.212021632778233	94.15499	1.2261841
6432000	884.82	231	1895	17340.72	12.3652509765625	13.170541228438564	122.42305	1.000261
6464000	896.08	231	2291	17426.39	12.083158203125	13.415225142538606	100.369095	1.4949425
6496000	828.64	231	1894	17511.94	10.85623046875	12.322957487957183	132.3518	1.0233198
6528000	698.62	231	1371	17596.83	9.9817529296875	11.699007035855649	109.780014	0.99283826
6560000	730.12	231	2531	17681.64	11.473248046875	14.325162520893088	117.67217	1.2376214
6592000	709.9	231	2047	17767.44	10.964939453125	12.84315235835813	91.52761	1.1195093
6624000	700.83	226	1771	17854.27	10.896099609375	13.697877915027568	152.04875	1.0162795
6656000	610.45	231	1771	17940.71	10.98625390625	14.110714568192497	116.748405	0.98512405
6688000	579.89	226	1329	18026.33	12.8618486328125	16.520721836530026	145.1395	0.89819527
6720000	697.32	223	1828	18112.13	11.45840625	14.179780939774776	96.69889	1.1173375
6752000	759.4	231	1897	18200.03	12.617224609375	15.236432489267296	104.9577	0.960786
6784000	690.2	226	1893	18286.02	13.1509931640625	14.6958688923112	126.869644	0.99571574
6816000	367.68	231	1315	18374.03	12.62007421875	14.519908746269722	117.94399	1.0241458
6848000	656.28	231	1857	18459.45	12.166513671875	13.252108912358063	136.64786	1.0452679
6880000	878.8	231	2334	18545.38	11.569005859375	13.094668523868789	96.61168	1.0937631
6912000	542.97	231	1879	18632.81	12.6625576171875	14.262784287263129	103.3913	1.0842397
6944000	770.43	231	1871	18720.04	12.1457099609375	13.158456762667878	117.32739	0.90149826
6976000	862.77	231	1882	18805.58	12.797703125	14.503920806113083	94.03214	0.96942914
7008000	541.93	231	1409	18891.36	12.86251953125	14.272395778214673	98.63924	0.9679717
7040000	469.08	231	1668	18977.62	13.3914287109375	15.03712281322461	84.65385	0.62206113
7072000	504.05	231	1405	19062.6	13.945583984375	15.811799391593608	165.59804	0.9356868
7104000	768.75	231	2930	19148.69	14.2802685546875	15.45506035656283	122.860176	0.98083174
7136000	672.09	231	1408	19234.47	13.555857421875	13.559611443548079	95.95274	0.6746879
7168000	770.58	231	2876	19319.77	14.6721162109375	14.858973509297337	118.27164	0.8478949
7200000	920.96	231	1408	19405.43	14.5541728515625	14.220599604974469	121.26348	1.2507309
7232000	933.47	231	2319	19491.28	15.1775556640625	14.820372380611763	99.61624	1.0399804
7264000	481.19	231	1408	19576.87	14.538640625	14.814130711925017	113.14813	0.91773397
7296000	571.86	231	1325	19663.06	14.4848828125	14.2370423543656	124.4391	0.84711194
7328000	749.92	231	1895	19748.56	13.976400390625	14.35465734526603	130.4393	1.1721592
7360000	701.81	231	1320	19834.13	14.857447265625	14.670401217246923	108.048065	1.17195
7392000	917.84	231	2865	19920.18	15.3414267578125	15.447632302395082	145.44974	1.3183353
7424000	1007.24	231	1895	20006.17	14.872962890625	15.990503529438966	105.03032	0.9383345
7456000	1039.29	231	1893	20092.07	16.3729677734375	17.531375445183986	164.39201	1.2653539
7488000	908.89	223	1856	20178.16	15.2386923828125	17.32161943930186	188.12846	1.1396449
7520000	1144.89	231	2239	20262.31	13.652248046875	13.854004385014465	96.923325	1.180564
7552000	1099.63	231	1895	20347.98	13.506919921875	13.316312834264595	100.22199	1.2170687
7584000	1041.69	231	1895	20433.24	13.98434765625	15.054435600513225	102.27028	1.1166033
7616000	1143.77	231	1676	20519.23	13.788677734375	15.345844307173197	128.95862	1.4045236
7648000	1212.06	231	1893	20605.59	13.482380859375	14.726186284982273	130.87007	1.3896297
7680000	1066.91	223	2951	20690.72	14.3262431640625	15.056514889741251	116.94996	1.2972538
7712000	1109.62	223	1896	20776.22	12.39925390625	13.867461352929743	172.88025	1.0806962
7744000	1057.75	231	1896	20861.04	12.867966796875	13.67000194312349	96.574814	1.2475727
7776000	1228.7	223	2336	20946.66	13.041458984375	14.621091358034803	117.21768	1.2153711
7808000	919.23	231	1771	21033.0	12.4588203125	14.449782654074767	109.49513	1.301621
7840000	1178.4	231	1893	21117.82	12.5519990234375	15.560271928857798	128.40506	1.1868231
7872000	1137.93	231	1894	21203.2	12.6788828125	16.65449263712347	137.11511	1.2536771
7904000	1235.51	231	2204	21290.18	12.2863681640625	16.101092742419688	122.700066	1.0507585
7936000	1345.49	231	2437	21376.43	12.6014951171875	16.933321440284537	126.844795	1.1299635
7968000	1371.35	633	2121	21462.48	11.157921875	17.14662867738145	156.87201	0.855654
8000000	1345.5	580	2837	21548.56	10.360263671875	14.580777156928228	108.64431	0.91100776
8032000	1283.43	223	2329	21633.67	9.4855869140625	13.284410506303995	121.98979	0.83890337
8064000	1374.04	626	2292	21719.81	9.96005078125	13.979790100355585	100.708664	1.1069651
8096000	1310.09	223	2532	21804.1	8.9085244140625	12.172587029879885	106.293846	0.9695214
8128000	1183.53	223	1897	21888.79	8.5017109375	11.35957745693034	89.64317	0.6384369
8160000	1252.29	223	1894	21975.76	9.4814658203125	13.103953959587923	109.45997	1.2507164
8192000	1264.57	628	2555	22061.5	8.40701171875	11.48178516716804	134.37724	1.0018361
8224000	1405.16	626	1898	22147.07	8.9496298828125	12.314773901700349	101.787094	1.0063684
8256000	1265.12	626	2308	22232.14	8.3320205078125	11.127639434084841	99.22683	1.0842805
8288000	1387.94	627	2608	22317.16	7.84448828125	10.704017937204702	102.13713	0.89896685
8320000	1304.97	223	2608	22402.49	7.51199072265625	8.906206140242881	79.19309	0.61239135
8352000	1329.63	223	1897	22487.04	7.28537548828125	9.373763668479166	87.15125	0.83369315
8384000	1257.64	231	2598	22572.61	7.209931640625	8.537391562268887	74.23151	0.5385803
8416000	1333.19	223	2535	22657.47	7.04345703125	9.048516366648181	112.71275	0.8771272
8448000	1335.06	231	2897	22742.32	6.742158203125	8.550067616691695	97.84633	0.7522261
8480000	1241.64	561	2998	22827.37	6.39981640625	7.859572686380602	79.109856	0.8461888
8512000	1397.48	223	2956	22912.04	6.85230419921875	8.842822831256996	128.81554	0.8962813
8544000	1398.31	223	3017	22997.34	6.94996875	8.841834156440619	82.50628	0.92605364
8576000	1670.77	628	3017	23082.89	7.11046630859375	8.874812938169457	70.10719	0.8257301
8608000	1351.91	610	2983	23168.65	7.39522021484375	9.066159605919145	83.86421	0.88426864
8640000	1291.25	626	2931	23254.39	7.39592138671875	8.619424375357092	68.70198	0.8800111
8672000	1560.86	223	3006	23340.78	7.10016943359375	8.528491770236986	86.59863	0.6817497
8704000	1253.77	626	2940	23426.81	8.199130859375	9.348994347655795	74.857704	1.1769607
8736000	1307.06	506	2978	23512.51	8.07811083984375	9.107574972241514	80.099304	1.077713
8768000	1225.11	231	2324	23598.07	8.609615234375	10.412175865303082	88.593216	1.1027416
8800000	1403.33	223	3010	23684.03	8.72826171875	10.32362354626514	79.60967	0.93171597
8832000	1322.41	628	2958	23769.94	7.765490234375	8.903295123857234	90.07908	0.9301373
8864000	1314.47	543	2948	23855.24	8.1933125	9.475081628935975	80.31181	0.97928584
8896000	1454.74	231	3015	23941.18	8.2222109375	9.811000681632837	110.97253	1.2013068
8928000	1340.03	223	2990	24027.65	8.247900390625	10.226294997456312	141.91367	0.9941247
8960000	1447.38	231	3001	24114.24	8.88951171875	10.696242038678818	129.90823	1.2031238
8992000	1164.13	231	2578	24200.23	8.944951171875	10.082948554986285	69.50458	1.1610924
9024000	1383.0	231	2982	24286.19	9.35398828125	11.201482533017671	130.84729	1.0478096
9056000	1239.26	223	2971	24372.51	8.8881630859375	10.368881855701703	123.086075	1.0358586
9088000	1302.62	223	3009	24459.02	9.127697265625	11.281978854571568	111.31452	1.1073736
9120000	1467.73	223	3019	24544.33	9.82791796875	12.177775607638695	107.501724	1.2738824
9152000	1608.87	223	3009	24630.34	10.574357421875	13.255627342755227	116.33729	1.0610187
9184000	1631.57	583	3006	24715.62	10.228759765625	12.179097103233884	97.968864	1.0508227
9216000	1455.99	626	2975	24802.21	10.037810546875	11.503875026485641	99.895966	1.3955233
9248000	1359.97	623	2898	24889.19	9.880845703125	11.41415171508597	103.843895	1.514346
9280000	1419.65	617	2589	24974.56	10.1418740234375	12.05995439460697	118.56729	1.5256174
9312000	1569.43	560	2990	25059.72	9.543681640625	10.505007734409338	83.4958	1.3114041
9344000	1585.84	624	3014	25145.15	9.6450634765625	11.14844159512889	132.06442	1.5284305
9376000	1385.22	231	3010	25229.94	9.5650693359375	10.701048794977995	99.39162	1.5371568
9408000	1480.9	223	3016	25314.74	9.8151494140625	10.74677567924445	77.277374	1.3386077
9440000	1455.58	223	3005	25400.06	9.875126953125	11.732425686958345	110.24246	1.1376309
9472000	1632.21	231	2958	25485.41	9.4175556640625	11.072770655983081	95.29678	1.134613
9504000	1438.87	231	2969	25570.68	9.719689453125	11.68818112988501	95.80532	0.9902329
9536000	1428.62	626	2334	25655.69	9.800115234375	10.80875946859768	93.92604	1.4961209
9568000	1538.87	626	2997	25740.36	10.52856640625	12.621425236477853	182.47157	1.1873558
9600000	1625.47	223	3006	25824.61	9.618970703125	11.253579291718701	124.84221	1.1566801
9632000	1552.17	626	2622	25909.89	10.12693359375	12.05752876836709	126.80193	1.3712871
9664000	1709.88	511	3022	25993.73	9.6941025390625	11.903123933447052	106.45755	1.1353629
9696000	1539.28	231	2604	26078.51	9.85939453125	12.467928857673195	108.5263	1.2370327
9728000	1452.31	589	2984	26163.94	9.765220703125	11.977816083284965	102.086044	1.0153928
9760000	1582.77	626	2991	26249.44	9.380779296875	11.135785502154754	91.0579	1.2828081
9792000	1744.17	588	2997	26333.75	10.434044921875	12.527311413467775	102.46304	1.0842118
9824000	1813.98	634	3011	26419.05	8.844658203125	9.638790445382657	79.371414	1.1891484
9856000	1650.77	810	2904	26504.85	9.8028291015625	12.575601377270194	124.06476	1.450834
9888000	1636.7	223	3014	26590.49	9.098607421875	10.161494415193072	75.85653	1.3091052
9920000	1681.46	594	2610	26676.03	9.1435048828125	11.297809176450981	97.24588	1.3964539
9952000	1657.72	231	3010	26761.58	8.3561533203125	10.46467793938256	102.23794	1.0942307
9984000	1760.59	223	2994	26847.07	9.2826474609375	11.213754110466308	111.94259	1.291822
10016000	1832.48	809	3011	26932.01	8.769970703125	9.39405064389159	69.19687	1.1342652
10048000	1915.37	596	3013	27017.76	9.5806083984375	11.783860122005862	134.14288	1.3642235
10080000	1756.15	139	3018	27104.45	8.98876171875	11.526973800612197	150.8662	1.173894
10112000	1742.53	139	2987	27190.56	9.185994140625	12.32269057978005	150.86723	1.5890526
10144000	1932.45	231	2984	27276.63	8.7215615234375	10.615015897303216	117.782906	1.0588576
10176000	1900.14	231	3016	27362.18	8.07696435546875	8.960870667797856	78.10303	1.1545763
10208000	1930.32	231	3016	27447.15	8.779474609375	10.847732337912841	133.44925	1.060029
10240000	1828.73	231	2519	27531.69	8.574529296875	11.723396745397642	125.56782	1.3470378
10272000	1833.13	223	2997	27616.09	8.22266796875	10.454365864317166	128.20456	1.2345917
10304000	1887.69	608	2998	27701.05	7.13341796875	9.92114140988828	186.724	1.1969738
10336000	1809.77	626	3020	27786.37	8.6248779296875	12.845505050405764	154.23253	1.3362551
10368000	1708.24	626	2982	27871.99	9.04475390625	14.740609828802878	200.71262	1.1233903
10400000	1793.9	626	3010	27957.54	7.3266064453125	10.94189804432942	143.69737	1.3153002
10432000	1673.12	594	2995	28043.95	7.7017802734375	10.150526079346823	97.77567	1.1812376
10464000	1691.02	231	3022	28129.04	8.140099609375	10.201242265038116	112.46277	1.0686007
10496000	1474.18	231	3022	28214.03	7.604669921875	10.215596990631532	115.839584	1.4957259
10528000	1732.91	626	3010	28298.41	7.909931640625	9.69442776482965	77.87503	1.0417187
10560000	1744.62	618	3022	28384.91	8.919203125	11.171872115384243	115.4242	1.3860068
10592000	1561.6	223	3018	28469.87	9.43437109375	12.77312730892478	142.03842	1.3475397
10624000	1640.81	626	2970	28555.48	10.116240234375	14.490463458771773	159.92593	1.4431112
10656000	1790.29	231	3022	28640.81	9.58091015625	14.884652855374222	206.97601	1.3034534
10688000	1605.99	223	3020	28726.03	10.554705078125	15.020712262572637	168.39291	1.4772726
10720000	1601.64	215	2932	28811.56	10.138626953125	13.226802807179064	155.8493	1.5866249
10752000	1684.82	231	2974	28897.08	10.349421875	13.51615815422415	165.38684	1.6344824
10784000	1674.5	223	3005	28982.66	10.722099609375	15.321241892385878	208.63156	1.5204396
10816000	1692.83	626	3003	29067.94	11.22839453125	16.199793594364095	225.31741	1.8463097
10848000	1776.65	231	2935	29153.34	11.03644140625	15.924324946445925	154.67719	1.3323418
10880000	2014.76	231	3020	29239.46	11.377822265625	16.21028608630952	155.8215	1.3251377
10912000	1855.61	626	3007	29324.25	11.266662109375	15.810406976102797	164.80717	1.5233623
10944000	1933.19	626	3020	29407.48	10.4507294921875	15.686052224030112	188.0195	1.7745037
10976000	1864.19	626	3017	29491.95	10.045740234375	13.169191081839461	126.72781	1.306813
11008000	1676.88	636	3001	29577.17	10.30725	14.08438463778237	147.32635	1.6751119
11040000	1841.41	617	3008	29661.77	9.9305927734375	13.3802361245981	166.31702	1.5849625
11072000	1537.14	626	3008	29747.16	10.108912109375	12.966442264553526	158.03508	1.4962744
11104000	1697.2	231	3021	29832.49	9.19362109375	11.871925259830437	138.95172	1.5387263
11136000	1760.59	231	3008	29917.76	9.4155556640625	13.437331394291055	150.15329	1.4691274
11168000	1845.24	231	3009	30003.53	8.8571416015625	11.095872332200836	88.986725	1.3782234
11200000	1913.67	366	3009	30088.69	8.8326123046875	11.244012642846858	115.05198	1.2618183
11232000	1866.06	633	3025	30173.82	8.241373046875	11.33724434662145	114.785385	1.4083364
11264000	1784.95	633	3013	30258.71	8.353814453125	10.740554716819798	104.755066	1.0372751
11296000	1990.61	231	3011	30343.91	8.43362109375	12.774576803166514	177.02774	1.2285495
11328000	1991.88	231	3019	30429.68	8.785123046875	12.907376766795025	117.10199	1.1644573
11360000	1968.68	231	3021	30515.38	8.48516015625	12.304052939986889	108.43399	0.9348388
11392000	1944.6	231	3022	30601.16	7.8239619140625	10.206785044150779	87.06134	1.1020311
11424000	1911.46	231	3021	30687.26	7.5716474609375	10.75145666002984	117.363205	1.3667861
11456000	2011.41	231	3021	30772.32	8.3922490234375	11.989147436327572	105.31367	1.2357315
11488000	1782.36	231	3018	30858.09	7.9192392578125	11.408693573871638	139.73117	1.4282138
11520000	1690.18	635	3019	30942.38	8.1926279296875	11.318805217976852	99.8324	1.1821082
11552000	1891.99	223	3020	31027.49	8.3497822265625	12.35891631576167	153.25507	1.3016863
11584000	1986.65	215	3024	31113.18	8.295671875	11.647297165007855	132.58861	1.1944315
11616000	2195.66	811	3024	31198.31	8.3162646484375	13.231949969675671	138.03004	1.3453057
11648000	2062.07	215	3016	31283.37	7.88081396484375	10.698603150645415	131.41766	1.3911719
11680000	2163.45	215	3016	31369.06	7.9333603515625	10.832860165948787	134.45317	1.3233521
11712000	2079.96	634	3020	31454.26	7.6823837890625	9.89964211790002	115.01385	1.5079515
11744000	1947.94	626	3022	31539.42	6.92872265625	7.411356098498439	106.69563	1.3868825
11776000	1818.65	626	3022	31624.93	7.8040400390625	11.366728448634637	156.95256	0.8225497
11808000	1774.04	626	3021	31710.19	8.152654296875	13.20072441194043	193.34247	1.0376786
11840000	1599.39	585	3021	31794.68	8.82187109375	13.169724987637364	164.11449	1.5275538
11872000	1737.21	626	3020	31879.74	8.505578125	13.822812892099783	137.89474	1.2487675
11904000	1666.74	231	3026	31965.0	9.981373046875	15.703821688525377	191.92848	1.3321846
11936000	1919.86	231	3023	32050.56	9.015732421875	13.18949274043547	156.14987	1.4473059
11968000	1877.61	231	3023	32136.03	8.998931640625	13.00129080130123	161.16832	1.2710569
12000000	1934.35	231	3022	32221.53	8.925986328125	13.176587902412368	154.75743	1.4374168
12032000	1649.27	626	3009	32304.95	8.954232421875	12.850528320851248	136.03831	0.9192481
12064000	1518.14	626	3014	32390.73	8.8947919921875	12.03513865728185	122.75528	1.3122884
12096000	1785.05	626	3015	32475.99	8.3220458984375	11.100324460347995	114.24686	1.275034
12128000	1708.93	231	2953	32561.46	9.46500390625	12.748040903409434	132.6984	1.5567391
12160000	1711.35	223	3013	32646.15	9.456576171875	12.683584371146825	113.56553	1.3383976
12192000	1782.45	231	2999	32731.7	9.20266015625	11.499385853166245	116.90294	1.4910281
12224000	2107.62	626	3008	32816.12	10.3896787109375	15.316032245656837	141.53746	1.2362617
12256000	1986.24	626	3022	32900.27	9.8151201171875	12.274508009488608	103.14771	1.2275429
12288000	1945.07	626	3021	32985.12	8.68266796875	11.589550789396455	94.914246	1.3171891
12320000	2057.94	625	3016	33072.33	9.372732421875	13.099802002320493	129.18367	1.3516856
12352000	2014.53	588	3020	33157.27	8.715400390625	11.4892599304742	101.78093	1.6423337
12384000	1614.26	223	3003	33242.82	8.4668798828125	11.223584960920464	126.416534	1.4646521
12416000	1906.63	588	3021	33327.33	8.5453837890625	11.470789668763002	118.41394	1.1634929
12448000	2112.99	588	3017	33412.03	8.511453125	11.727486410139216	126.89767	1.2068262
12480000	2166.2	223	3018	33496.35	8.6678544921875	11.484688176001994	136.8002	1.6366788
12512000	2093.65	588	3010	33580.66	8.4177001953125	11.266556220181036	93.381	1.3752308
12544000	1682.04	611	3017	33664.47	9.0307421875	13.329817961060083	195.15405	1.1956835
12576000	1606.32	567	2989	33750.35	9.4743515625	13.864614919823774	126.69284	1.3568275
12608000	1788.8	585	3017	33835.76	8.9623740234375	13.249209882102404	121.266914	1.4790165
12640000	1706.02	223	3019	33920.91	10.899951171875	16.161316178609958	132.89825	1.0829912
12672000	1740.15	567	3019	34006.07	9.92274609375	14.227659022130098	131.79805	1.5956293
12704000	2180.52	567	3020	34091.23	10.315263671875	15.58246109412759	144.97978	1.4481146
12736000	2055.15	573	3020	34176.27	12.0807724609375	19.394225944852764	145.2698	1.4188516
12768000	2168.23	628	3016	34260.59	10.349392578125	15.379125970776101	111.7062	1.3929538
12800000	1869.36	588	3005	34345.19	10.7411611328125	16.222923595949034	152.03406	1.4285384
12832000	1840.2	575	3005	34430.45	11.480455078125	18.06082172133926	143.8639	1.6838937
12864000	2038.08	231	3004	34515.48	11.9001162109375	18.448609364935884	153.7649	1.3664575
12896000	2079.12	231	3006	34600.0	9.2819677734375	15.616734313709765	181.74368	1.3614494
12928000	1945.15	231	3019	34684.92	11.24390625	18.83964072109657	163.75053	1.1895856
12960000	1829.49	231	3019	34769.92	10.710681640625	17.30208441200077	129.7609	1.4607742
12992000	2018.58	588	3007	34854.53	10.5475234375	16.316050379917318	140.68665	1.4031196
13024000	1848.56	538	3004	34939.76	11.1263701171875	18.044512670061224	150.4187	1.693931
13056000	2014.74	579	3024	35025.05	9.6041318359375	15.403722155699901	161.88121	1.3082062
13088000	1967.99	223	3024	35110.08	10.4600703125	15.083123329569377	157.96674	1.2862979
13120000	1956.51	223	3013	35195.25	10.346509765625	14.427400146942622	137.70898	1.2550969
13152000	1879.05	578	3018	35280.07	9.3024404296875	13.468856438094512	141.17944	1.3644807
13184000	1700.03	231	3017	35365.22	10.091279296875	15.094147769085872	179.4375	1.2060866
13216000	1329.72	634	2987	35450.81	9.760248046875	12.58188988685722	122.91582	1.1380268
13248000	1584.94	575	3022	35536.1	10.104955078125	13.141267299998125	141.1279	1.2357962
13280000	1850.57	807	2997	35621.16	10.107763671875	13.31106917193356	129.16255	1.3065972
13312000	1774.55	513	3018	35705.7	9.672109375	13.69869348240919	171.10529	1.1159474
13344000	1989.95	632	3020	35790.89	10.380455078125	13.727882211033135	151.15884	1.463859
13376000	1883.94	601	3022	35875.21	10.744974609375	13.686990287312986	141.05952	1.0286901
13408000	1804.74	633	3016	35959.25	10.427390625	13.843008162968047	119.82438	1.4368567
13440000	1949.72	231	3020	36043.88	9.839134765625	12.436405730756777	136.57959	1.1620545
13472000	1913.96	667	3015	36129.19	8.95510546875	11.321473650766494	112.434525	1.3174286
13504000	2073.38	628	3023	36214.07	9.79329296875	13.624284958301482	125.16668	1.2176416
13536000	2064.96	522	3023	36298.85	9.9905458984375	13.955796846651216	138.87909	1.4745209
13568000	1981.52	712	3021	36383.93	9.756416015625	13.929760182788502	194.4899	1.2152563
13600000	2056.65	584	3011	36468.59	9.4954072265625	13.047060851969688	123.96566	1.2219707
13632000	2170.25	584	3023	36553.4	9.907333984375	14.95104511397113	177.94856	1.075706
13664000	2213.43	594	3023	36638.15	8.9291962890625	12.69821591799415	136.1704	1.1792835
13696000	2006.86	589	3019	36723.3	8.610373046875	11.996205129123126	122.33502	1.3649187
13728000	1900.32	627	3020	36808.08	8.698390625	13.028694293750236	147.11221	1.4285185
13760000	2033.04	595	3021	36891.1	7.87809130859375	10.963675108055693	136.5551	1.5166323
13792000	1867.82	626	3017	36975.14	7.980224609375	10.812870658386698	125.81407	1.2437506
13824000	1820.48	223	3012	37058.73	8.53094921875	12.280431588506977	117.62128	1.0706513
13856000	2017.85	587	3019	37141.88	7.885126953125	10.723029757838965	185.55585	0.9524251
13888000	2045.1	600	3016	37224.22	8.058248046875	9.561060349145382	111.373886	1.2416544
13920000	2059.6	626	3019	37306.43	7.4985966796875	8.769054253452877	88.639694	1.287332
13952000	1955.82	594	3017	37388.87	7.45480224609375	8.32415489329097	99.35293	1.2798519
13984000	2069.73	626	3020	37471.4	8.2878369140625	11.20519759419708	97.85385	0.99441
14016000	1913.43	537	3013	37553.44	7.696857421875	9.011517370149159	81.61903	1.240602
14048000	1881.31	558	3011	37635.64	8.0996806640625	9.88415951788517	92.53134	1.0320544
14080000	2055.11	609	3022	37717.59	8.00602294921875	9.642213503651535	93.54681	1.2004602
14112000	2133.64	600	3021	37799.89	7.9332431640625	9.163226437778345	88.28433	1.1495638
14144000	2180.22	566	3020	37883.49	7.7653974609375	9.748725477594494	148.26025	1.43915
14176000	2162.27	559	3020	37965.58	7.7958037109375	9.398474776526243	104.15517	1.165532
14208000	2103.69	231	3013	38047.28	8.13983740234375	10.11222264761808	120.929306	1.3567166
14240000	2276.39	231	3021	38130.19	8.16866845703125	9.6803199198167	106.40827	1.4699688
14272000	2212.48	635	3017	38212.79	7.5994033203125	9.420405461682634	105.65951	1.4459559
14304000	1927.88	627	3017	38295.58	8.4201123046875	10.390713251504922	116.19022	1.2595704
14336000	1882.36	231	3021	38378.44	7.8195390625	9.842257426525684	107.01175	1.2431921
14368000	2079.49	632	3021	38460.0	8.58173828125	11.317284209341038	124.873566	1.6302156
14400000	2241.49	632	3021	38542.24	7.7441015625	9.07020405296926	112.81366	1.2545013
14432000	2308.97	223	3022	38625.34	7.68937548828125	9.926530895786302	119.32352	1.222197
14464000	2236.17	223	3022	38707.73	8.6505107421875	12.752690892513627	142.85742	1.2281468
14496000	2137.51	627	3018	38789.96	8.1803251953125	10.184585856209372	108.99007	1.1499782
14528000	2106.82	619	3019	38871.31	8.141576171875	10.059139966965366	111.041595	1.3261952
14560000	2338.97	231	3021	38952.96	8.522078125	10.519782703316642	121.99202	1.2967196
14592000	1957.12	223	3022	39035.41	9.2199794921875	11.488437121732442	119.326645	1.5615859
14624000	2006.57	594	3011	39117.04	9.476943359375	12.870047591209598	129.84935	1.152733
14656000	2170.64	626	3016	39199.23	8.4618291015625	11.052190817887647	129.87152	1.1701639
14688000	2288.77	635	3019	39280.89	8.6117138671875	11.798421504591197	161.20721	1.4955366
14720000	2264.28	223	3020	39362.13	7.954353515625	10.89866605943131	138.32497	1.40327
14752000	2419.39	594	3021	39443.95	7.74881787109375	9.257386830931287	130.89441	1.2414601
14784000	2467.15	634	3021	39525.08	7.79923046875	9.596937174171767	127.142624	1.2493062
14816000	2320.65	231	3020	39607.95	7.82692431640625	10.446118447777625	134.16985	1.2109921
14848000	2272.9	594	3019	39689.3	8.1959150390625	12.406477013036376	150.10356	1.3089544
14880000	2351.84	627	3020	39771.0	7.80934765625	11.264172669907897	125.06777	1.0577791
14912000	2269.17	627	3015	39853.09	7.24798388671875	9.570839500796156	135.25702	1.2719427
14944000	2178.36	231	3015	39934.59	7.5705341796875	11.051467662713401	148.6921	1.1578257
14976000	2201.51	627	3022	40016.43	7.1752080078125	9.146404689822116	120.686966	0.94873273
15008000	2157.69	604	3018	40098.01	6.87881103515625	9.16766225654065	101.16489	1.1728244
15040000	2143.5	231	3017	40178.93	7.39175537109375	10.236078579587986	87.97852	0.9296016
15072000	1952.14	231	3022	40260.78	7.53642919921875	10.960423477790446	123.03202	1.0359082
15104000	1980.83	602	3022	40341.66	7.3964580078125	10.113993245746212	115.738266	0.98304987
15136000	2077.05	635	3019	40423.95	7.257533203125	10.176310572845152	96.742905	1.0831388
15168000	1886.87	231	3022	40505.69	7.3143486328125	10.001367875195873	113.0061	1.1823564
15200000	2300.79	584	3023	40586.13	7.97091064453125	12.64243041804067	127.35159	1.0607654
15232000	2146.23	231	3023	40666.89	8.01786962890625	11.071610655184728	121.38749	0.93364275
15264000	2296.14	231	3021	40747.9	8.8255390625	13.315890413336993	126.50252	1.0027902
15296000	2331.87	585	3021	40828.82	9.077853515625	14.287296586478494	117.17523	1.1830301
15328000	2443.75	585	3025	40909.78	8.884603515625	14.23350251167997	122.30535	1.1874657
15360000	2427.47	223	3022	40991.21	8.857140625	13.704498577109634	140.8917	1.0484412
15392000	2334.65	223	3024	41072.86	8.0623291015625	12.764224907921358	135.34901	1.1272466
15424000	2350.77	585	3025	41154.18	8.23918359375	12.464144826260645	128.2313	0.85566384
15456000	2451.01	602	3023	41234.8	9.13285546875	15.252060823869016	149.53151	1.0656415
15488000	2370.66	602	3023	41315.9	9.512349609375	14.595978148962816	138.55476	1.1392727
15520000	2458.74	565	3024	41396.59	7.588177734375	10.401541352126618	113.773	1.0444529
15552000	2529.82	1048	3024	41477.48	7.58166943359375	10.629545718773686	114.46332	0.9360568
15584000	2406.76	724	3024	41559.29	7.1302890625	9.690822414145252	109.93233	0.9139841
15616000	1982.83	223	3021	41641.24	7.69759521484375	10.838890481732898	113.8424	0.9914335
15648000	2048.16	223	3026	41723.13	6.932171875	9.202952566296318	111.85157	0.93496394
15680000	2066.72	628	3026	41805.06	6.36288818359375	6.67869338362677	54.33589	1.1310787
15712000	1501.18	627	3023	41887.16	7.7264140625	10.957883862772045	105.07903	0.99153614
15744000	1842.23	627	3027	41968.45	6.9289140625	10.514555387651919	150.5932	1.0062876
15776000	1617.3	628	3023	42050.35	7.93298193359375	11.069586360271101	117.582855	0.93833417
15808000	1585.91	594	3020	42132.74	9.058474609375	16.24946537582083	281.4756	1.1121984
15840000	2079.74	628	3020	42215.34	9.57378125	15.793091844221005	281.62292	1.1259452
15872000	2259.97	626	3018	42296.87	10.587994140625	16.933127664433407	228.68115	1.124183
15904000	2216.0	626	3024	42379.48	8.478287109375	11.568980616285948	111.59602	1.0893953
15936000	2083.67	231	3024	42462.82	9.5770419921875	16.043937231085142	187.55104	1.0315933
15968000	2128.49	231	3023	42546.79	11.0880703125	18.244925664414204	265.30722	1.0854049
16000000	1997.79	634	3025	42630.07	10.5957578125	16.144282076016882	202.20465	1.20283
16032000	1987.4	602	3023	42713.84	9.906783203125	12.730973548790367	101.634705	1.1157753
16064000	1987.45	223	3023	42798.31	9.149931640625	12.505151438507253	117.956215	1.2273809
16096000	2108.61	223	3023	42883.06	9.95315234375	15.075672663267799	163.5867	0.9636748
16128000	2208.5	223	3023	42967.28	9.8800791015625	14.76892218477706	164.72702	1.0242877
16160000	2175.41	635	3023	43050.72	11.417173828125	16.726787086885516	178.35591	1.159608
16192000	2123.28	627	3025	43133.42	9.7999345703125	15.199084573585345	146.07898	0.7420789
16224000	2257.95	568	3025	43216.34	9.6835712890625	15.384993703281129	175.71721	0.73183423
16256000	2171.6	568	3019	43299.02	8.910314453125	13.569563828657131	128.90126	0.8578688
16288000	2175.45	635	3018	43381.75	8.0889560546875	11.291771755353542	104.92386	0.7760744
16320000	2122.39	627	3024	43465.27	7.9000810546875	11.636107596614943	104.49728	0.92385674
16352000	2325.45	1040	3025	43548.96	8.271634765625	12.909252979936523	134.22522	0.95199776
16384000	2566.13	613	3025	43632.39	8.004552734375	11.07049569802545	113.80429	1.0123608
16416000	2438.4	223	3024	43715.13	7.7529306640625	10.441501852583277	92.537094	0.9687385
