TotalEnvInteracts	AverageEpRet	MinEpRet	MaxEpRet	time	Averageloss	Stdloss	Maxloss	Minloss
16000	369.96	250	1030	62.35	0.34780392	0.25761178	2.203671	0.03247918
32000	398.5	241	1405	128.86	1.1752505	0.98691386	7.256751	0.12639175
48000	375.36	240	943	197.13	2.6370516	1.9160398	13.783627	0.25527126
64000	353.92	253	641	265.09	4.306757	3.3807976	26.09829	0.4242319
80000	404.06	240	957	333.05	5.428588	4.258921	31.823074	0.674276
96000	332.68	240	1194	401.31	5.6923065	4.669767	29.717655	0.5743371
112000	364.64	240	1248	469.84	5.839242	5.0362525	32.00303	0.4892031
128000	353.64	240	1470	539.77	5.110506	4.5408616	30.54847	0.53767794
144000	321.9	240	814	608.92	5.611794	4.7179666	31.772985	0.65394473
160000	404.26	240	958	677.9	5.5871096	4.8405895	37.87227	0.60800874
176000	354.26	240	817	745.62	5.7152596	4.149689	37.260822	0.651528
192000	403.18	240	1405	813.57	6.173213	4.337424	31.532349	0.67423177
208000	369.56	240	948	881.02	7.3954396	4.7356496	40.951393	0.874488
224000	414.56	240	1195	948.25	8.922183	5.6788716	51.491344	0.9775786
240000	404.42	240	951	1015.68	9.362747	5.9474034	53.593464	1.3751411
256000	440.58	240	924	1082.65	9.97108	6.570243	72.38717	1.6181673
272000	383.74	240	914	1148.79	11.35548	8.342994	98.86953	1.8183502
288000	414.66	240	917	1215.82	10.8314295	6.832344	60.41941	1.9080813
304000	418.84	240	959	1281.37	9.594729	6.7220545	55.223854	1.6062864
320000	389.66	240	807	1347.95	9.8140745	6.2488823	45.926903	1.8470602
336000	385.02	240	914	1414.02	10.846977	7.6018176	55.0239	1.5580332
352000	351.66	240	892	1479.64	11.092537	8.394411	65.2231	1.5006449
368000	368.72	240	730	1545.56	10.526697	7.9292965	53.210052	1.2622155
384000	363.2	240	899	1611.4	10.494404	8.233272	64.135376	1.7939533
400000	385.3	240	746	1677.12	10.015029	8.253395	59.281868	1.6052725
416000	342.5	240	808	1743.46	10.098373	8.106496	50.49203	1.4428921
432000	384.32	240	750	1808.65	9.60182	7.80879	61.945457	1.3396778
448000	374.64	240	906	1873.75	9.702647	8.464989	61.577065	1.8392491
464000	336.7	240	1470	1940.2	8.99713	7.399801	46.86844	1.3815088
480000	369.6	240	887	2006.02	9.567532	8.447833	52.3412	1.3058022
496000	433.24	240	812	2072.39	9.796994	8.942102	64.429184	1.1925268
512000	518.26	363	1087	2139.31	10.237239	8.972991	63.585075	1.8469329
528000	565.44	263	1179	2205.94	10.508471	9.054641	71.37807	1.6093056
544000	612.24	257	955	2272.42	9.219534	7.984865	59.51858	1.2255366
560000	560.02	240	960	2338.81	9.593691	8.613161	55.67266	1.631218
576000	580.56	240	1331	2404.64	8.080436	8.311662	61.29059	1.5178249
592000	530.9	338	955	2471.26	6.679967	6.5119524	53.725883	0.76591444
608000	484.92	259	835	2537.06	6.752792	6.6025615	44.784004	0.9978283
624000	495.34	240	798	2602.78	6.7270966	6.7299104	55.330116	1.0869868
640000	526.62	240	959	2669.02	7.898906	9.733816	65.30301	0.92077136
656000	547.38	208	1003	2734.45	7.4375567	9.618004	100.279816	0.961812
672000	583.08	208	1003	2800.5	7.0388007	8.685324	87.03682	0.82588077
688000	498.84	240	1300	2866.58	6.7308464	8.975587	76.99556	0.71820104
704000	459.56	149	1300	2933.32	6.4185753	9.342959	66.696526	0.47105452
720000	451.44	149	810	3000.19	4.261559	6.139111	66.310295	0.38341898
736000	528.76	276	889	3066.48	3.925409	6.069505	68.27858	0.5125574
752000	592.28	241	958	3132.58	4.9223127	8.160186	96.627846	0.619128
768000	565.16	263	913	3199.7	5.4058733	9.965107	144.19807	0.6389296
784000	441.04	130	1025	3265.59	5.3586907	8.643593	123.70902	0.5773951
800000	392.8	130	871	3332.31	5.133761	9.530318	147.72318	0.47054714
816000	389.8	70	912	3399.08	4.8756037	8.564335	118.916336	0.6018741
832000	498.86	106	977	3464.48	4.1277637	4.6469545	42.703465	0.51092076
848000	409.92	240	715	3530.54	4.2525373	3.937099	36.0626	0.69891626
864000	398.1	240	957	3597.38	5.3768916	4.638035	40.723656	0.90919924
880000	547.46	241	1409	3663.53	6.477266	5.210166	48.78072	0.96251094
896000	607.78	240	1383	3729.22	6.5032716	4.899022	37.22559	1.1075048
912000	555.86	257	1242	3794.32	7.531813	5.265733	32.844326	1.2678086
928000	639.34	355	1397	3859.29	7.7716465	5.5562153	50.823162	1.7251519
944000	608.66	272	1383	3925.21	8.499588	6.736242	59.24004	1.6476697
960000	613.66	231	911	3991.57	7.6815567	5.9765434	51.206497	1.277485
976000	566.6	291	1169	4059.09	6.543602	4.935313	55.14115	1.416629
992000	643.02	263	1252	4125.84	6.281508	4.799599	44.91706	1.2640297
1008000	683.4	263	958	4192.13	7.349933	6.869586	89.16831	1.0800582
1024000	754.24	439	1416	4259.39	7.9843764	7.53521	61.00525	1.4927051
1040000	616.9	371	1364	4325.5	9.387639	9.972207	135.458	1.3853439
1056000	563.36	263	1405	4391.5	9.272521	10.025559	75.32251	1.3453792
1072000	536.96	263	914	4456.36	9.792717	10.171591	83.99749	1.5149394
1088000	710.74	263	1435	4524.32	12.021982	11.949386	80.11415	1.5729058
1104000	327.9	263	916	4591.66	15.845106	16.649837	150.64804	2.2541795
1120000	267.52	258	386	4657.74	22.444086	21.609558	141.93839	1.7523801
1136000	486.1	240	1272	4722.98	26.865664	23.848402	135.12027	2.0197659
1152000	558.34	263	959	4790.03	30.391512	26.661156	137.81378	1.9800136
1168000	584.26	240	1420	4855.22	25.4857	23.172825	140.36662	1.8755085
1184000	491.0	240	974	4920.74	22.208408	20.214672	137.63629	2.5590982
1200000	643.8	263	1416	4985.42	22.004837	19.555899	127.763794	1.69453
1216000	695.74	258	1394	5052.43	21.279762	18.084301	138.73239	3.0363212
1232000	746.88	366	1429	5119.71	20.303219	17.701736	155.15045	2.9004095
1248000	802.62	359	1418	5186.9	18.25227	16.365282	140.45784	2.9951968
1264000	703.5	258	1620	5252.56	16.409306	13.126285	87.59152	3.2040784
1280000	980.34	258	1693	5318.47	16.177979	13.533856	103.93915	2.1979356
1296000	839.1	385	1686	5386.09	13.755355	10.471823	85.60071	2.024955
1312000	891.1	378	1811	5452.67	11.385689	8.4264145	74.01295	1.5837935
1328000	825.48	378	1784	5518.55	11.041696	8.886813	105.963806	2.1832132
1344000	841.18	359	1690	5585.85	11.551427	8.888361	71.81771	1.7663871
1360000	865.2	240	1420	5651.25	13.52694	11.305115	100.226105	2.4039822
1376000	865.32	359	1761	5717.19	13.168789	10.515712	75.081505	2.1906693
1392000	916.02	359	1727	5783.28	13.43254	11.295255	87.28146	2.4975097
1408000	921.02	363	1622	5849.7	13.644168	12.2865095	97.29474	2.077382
1424000	997.78	263	1942	5915.85	14.043129	14.342293	154.55544	1.9467376
1440000	908.62	359	1673	5981.58	13.541551	14.276189	123.97464	2.279442
1456000	735.86	257	1424	6048.12	15.066662	16.435026	134.18053	2.6108685
1472000	751.84	257	1860	6114.32	15.193508	16.075356	134.90584	2.2321632
1488000	824.64	240	1421	6180.41	14.543558	13.236842	107.41406	1.9308978
1504000	931.34	257	1660	6245.62	15.135344	12.961907	99.23209	2.675334
1520000	1041.4	258	2119	6312.27	14.695816	12.513728	114.13291	2.8529348
1536000	990.58	258	2116	6379.92	14.6394825	12.933362	123.119736	2.0409007
1552000	1056.56	240	1944	6445.85	12.494458	9.661185	99.53178	2.5777864
1568000	980.22	240	1423	6512.97	13.59085	12.258263	102.58922	1.5695689
1584000	1039.44	257	1611	6578.95	12.313221	10.898555	90.40036	2.0635262
1600000	1192.5	553	2063	6645.19	12.183527	11.227679	86.041214	2.1353831
1616000	1033.68	440	1984	6711.15	13.105913	13.216388	134.9546	2.225222
1632000	922.16	385	1611	6777.58	13.365065	11.622189	94.35424	2.4869618
1648000	1149.16	452	1896	6844.21	12.210719	9.557732	74.27684	1.906569
1664000	1123.4	450	2129	6910.5	10.66399	9.612118	91.858376	1.7286314
1680000	1109.46	440	1964	6975.97	10.292578	10.425083	102.00966	1.948423
1696000	918.58	553	1707	7042.2	10.543807	10.080866	88.73282	1.6630955
1712000	790.48	544	1614	7109.43	9.981277	8.706141	83.94599	1.1833141
1728000	948.08	551	1621	7175.2	9.213285	7.9748073	65.003075	1.8427811
1744000	900.28	449	2121	7242.06	9.823473	8.993297	82.28328	1.5652819
1760000	1034.26	441	1621	7309.24	10.967687	10.066814	81.6806	1.672204
1776000	1183.32	440	1829	7375.36	11.890254	10.265897	89.390396	2.3139157
1792000	976.22	415	1434	7442.61	11.22849	10.406802	75.847244	1.7473735
1808000	1201.36	258	2234	7509.37	11.018549	9.721296	82.26268	1.3838859
1824000	1074.22	391	2030	7575.21	9.822074	8.651063	73.6654	1.5277299
1840000	966.08	258	1833	7642.17	10.739282	9.750068	93.68327	1.4669545
1856000	997.72	258	2017	7708.1	12.215299	12.364742	116.73495	2.0482066
1872000	1049.8	384	1817	7772.57	13.452258	14.096538	152.27858	1.9582242
1888000	894.36	441	2141	7838.76	14.8597975	14.183384	126.89323	2.0173483
1904000	832.04	441	1714	7905.79	16.074127	16.312174	122.99583	1.8740437
1920000	1065.02	240	1804	7971.53	16.15178	16.092804	141.19452	2.3541093
1936000	1039.92	407	1615	8038.42	15.260075	14.204711	125.00182	1.510185
1952000	1022.82	453	1733	8104.37	14.58917	14.064918	111.713585	1.9042904
1968000	1022.26	258	1700	8171.54	15.268922	16.24451	131.43175	1.5645249
1984000	991.04	258	2104	8237.28	17.394035	19.768845	170.2286	2.4798727
2000000	1036.8	240	2016	8303.58	18.408537	21.700508	157.56342	2.3627603
2016000	1116.9	257	1990	8370.39	21.153097	26.447756	216.55704	2.7098572
2032000	1095.68	240	2006	8437.18	21.246296	26.821074	270.4364	2.7798796
2048000	1039.22	371	1622	8503.25	19.543165	21.187746	140.18828	3.4598157
2064000	993.76	385	1611	8569.63	20.080103	21.488739	179.27249	2.7908125
2080000	1112.12	258	1691	8635.54	15.868734	17.326143	161.82254	1.964812
2096000	1013.32	240	1728	8701.88	13.317185	15.156578	126.36729	2.1375718
2112000	978.76	392	1625	8768.92	12.018667	11.913741	138.29015	1.785567
2128000	939.86	370	1680	8835.2	13.732752	14.903883	140.21022	1.9630644
2144000	1141.54	448	1715	8901.42	13.404492	12.277256	156.28914	2.085319
2160000	1205.78	258	2128	8968.19	14.011945	13.182805	178.4182	2.5083234
2176000	991.5	523	1622	9035.76	15.220436	12.764367	181.57175	2.8558567
2192000	1179.28	434	2004	9102.47	15.801744	13.799335	203.04762	2.8724098
2208000	1084.28	267	1625	9169.51	15.794763	12.365134	85.230774	2.2882724
2224000	1094.32	413	1692	9236.05	14.560373	14.676993	251.10464	2.3778305
2240000	942.46	381	1611	9303.35	12.392818	9.827103	97.17201	2.4335518
2256000	1174.08	240	1618	9369.19	15.43867	15.195901	227.8675	2.7590392
2272000	1059.66	440	1565	9435.41	15.441802	19.028662	259.85587	2.5876126
2288000	1012.2	240	1622	9500.79	15.844166	15.811086	190.64062	3.0314927
2304000	1169.66	258	1688	9566.17	16.231127	13.070542	105.15661	3.1447206
2320000	1195.2	356	1739	9631.96	17.180565	15.103338	154.77588	3.1168523
2336000	890.92	378	1433	9698.83	16.661375	14.480617	157.87602	3.0604978
2352000	875.96	378	1614	9765.83	17.514626	16.748438	151.55794	1.5448464
2368000	1033.74	392	1621	9832.62	18.375277	15.883036	149.29247	3.4280205
2384000	1098.92	363	1622	9899.65	16.589828	14.009823	151.14406	3.5450912
2400000	1039.18	240	1429	9965.96	18.550488	15.1898155	135.03514	4.094857
2416000	983.08	240	1691	10031.93	18.345676	14.503191	157.77406	2.864321
2432000	1000.02	240	1434	10099.3	19.35809	15.404911	176.05247	4.3018813
2448000	1035.6	378	1432	10164.44	17.901636	13.413712	163.22156	4.036576
2464000	1003.44	379	1622	10230.65	17.429293	13.4828	174.75511	3.810983
2480000	1001.08	240	1621	10297.12	17.498566	14.973507	173.01593	3.2646856
2496000	1068.7	441	1429	10364.05	18.08729	14.449904	136.28107	3.9681807
2512000	1061.36	416	1427	10430.06	16.00615	11.972184	93.74207	3.105163
2528000	1101.74	378	1619	10496.67	16.10851	14.956215	182.01266	3.1808765
2544000	1091.24	441	1623	10563.18	13.7242775	11.819902	147.1145	2.5584297
2560000	1099.32	258	1623	10630.46	12.529415	12.5185175	145.6598	2.356418
2576000	1180.06	740	2129	10697.23	11.261673	10.901955	116.69059	1.9619875
2592000	1251.4	457	1627	10763.78	11.676967	12.86972	141.84148	1.9621041
2608000	1054.52	258	1433	10829.79	11.103879	9.036142	123.12835	2.2206383
2624000	1167.08	390	1622	10896.04	12.439421	12.295393	116.393166	1.9268557
2640000	1111.1	400	1428	10963.38	11.50115	11.755556	136.19821	2.4151566
2656000	1191.86	257	1818	11029.46	9.98038	8.143642	81.49984	2.3117435
2672000	1286.46	257	2125	11096.19	10.061678	9.540523	121.921425	1.9200861
2688000	1249.9	416	1925	11161.7	9.888903	11.411671	153.81406	1.6755911
2704000	1211.36	371	1810	11229.2	9.965871	9.417913	104.0379	2.267595
2720000	1338.74	404	1692	11296.63	9.462822	9.671624	123.85361	2.0644271
2736000	1191.64	257	1689	11364.08	8.627096	7.6448765	87.2402	1.8223739
2752000	1143.26	378	2122	11431.22	9.2170925	10.292173	154.8292	1.791777
2768000	1276.88	646	1693	11497.08	9.511748	10.298901	111.74229	2.0052142
2784000	1249.96	428	1860	11563.26	10.848461	12.366871	161.40515	1.7400534
2800000	1257.0	440	1687	11629.93	10.7043085	12.715492	175.17406	2.1631129
2816000	1219.88	257	1692	11695.83	10.721612	11.750608	128.85336	2.3177805
2832000	1320.84	440	1767	11762.09	12.328158	13.051813	132.83138	2.7339342
2848000	1189.42	440	1671	11829.08	12.999731	15.598312	199.17142	1.8360426
2864000	1136.02	240	1688	11896.16	11.527748	12.73929	138.81946	2.1362274
2880000	1293.08	554	1818	11962.2	9.432888	9.072746	111.40585	1.9342884
2896000	1308.52	358	1694	12028.16	9.063469	10.747578	137.97621	1.762871
2912000	1257.76	379	1831	12094.43	9.313046	11.07887	172.6691	1.7487667
2928000	1163.94	257	1686	12162.57	9.053176	8.140929	84.952156	1.8824232
2944000	1202.62	378	1831	12227.93	9.237746	12.976172	216.06175	1.2887512
2960000	1229.42	441	1800	12293.95	7.9763956	8.041297	84.81499	1.6375924
2976000	1186.96	378	1724	12359.96	8.270584	10.931015	147.69061	1.4567628
2992000	1112.84	257	1800	12427.34	7.77097	7.5330386	94.357	1.4535102
3008000	1241.74	448	1624	12493.87	8.6555605	8.429708	94.98489	1.6462902
3024000	1321.62	258	1687	12560.19	9.200999	12.621235	178.77515	2.0750651
3040000	1341.16	370	1693	12627.65	8.894103	8.651058	94.4332	1.8908379
3056000	1311.62	555	1817	12694.78	8.960549	9.111621	144.9178	1.8397462
3072000	1289.98	240	1693	12761.44	9.102705	9.702875	147.3096	1.086194
3088000	1148.42	75	1689	12829.31	9.460888	11.362162	160.5378	1.7998745
3104000	1340.94	746	1816	12894.68	8.420416	9.691092	137.67595	1.0666592
3120000	1233.86	258	1692	12960.46	8.003548	8.343855	86.14376	1.7964836
3136000	1267.16	257	1622	13027.15	7.035651	9.168132	216.09941	1.1452949
3152000	1285.88	257	1816	13093.57	6.736171	6.0930343	81.6764	1.3637356
3168000	1279.72	240	1818	13160.36	8.623459	12.106122	158.40112	1.4360114
3184000	1075.38	240	1705	13227.05	7.595059	10.506974	211.34534	1.3686917
3200000	1292.66	257	1717	13294.51	8.792748	12.818379	158.80403	1.3169299
3216000	1109.46	440	1990	13361.05	9.584736	12.143857	171.57831	1.3174238
3232000	1239.68	554	1830	13426.49	10.026828	14.24701	230.35791	1.772723
3248000	1289.28	629	1713	13493.79	11.665535	14.831955	187.27344	1.6929312
3264000	1234.18	440	2019	13560.28	10.285574	13.306572	187.23117	2.0449562
3280000	1108.64	440	2014	13627.24	13.163541	18.272581	197.46405	1.9657544
3296000	1176.36	400	1728	13693.1	13.657225	16.678083	172.53185	1.8754597
3312000	1221.48	257	2030	13760.28	13.154467	15.663	184.3564	2.3025565
3328000	1329.8	257	2128	13826.92	12.445347	14.576604	158.49927	1.738919
3344000	1282.46	257	2017	13893.39	11.748397	13.353311	165.10652	1.8975407
3360000	1278.64	358	1669	13959.64	11.347357	13.234446	146.38557	1.7978272
3376000	1216.56	358	2128	14025.75	10.969254	11.492442	105.36146	2.1697214
3392000	1421.0	956	2126	14092.45	10.126843	11.793661	175.0115	2.2793763
3408000	1391.32	379	2126	14159.26	8.872256	10.097753	133.41273	1.7656317
3424000	1281.86	240	2126	14226.0	9.147173	11.377434	167.11191	1.7744476
3440000	1175.16	358	1790	14292.83	10.006878	12.1369095	193.84898	1.0081983
3456000	1212.8	365	2331	14358.9	10.1132145	13.081703	154.82462	1.6645069
3472000	1195.22	257	2129	14425.03	11.687758	14.184969	137.24852	2.0295973
3488000	1288.16	358	2015	14492.12	12.060873	16.047993	182.53398	1.7585588
3504000	1294.46	263	2014	14559.26	11.905236	16.084425	224.89832	1.9596491
3520000	1328.26	388	2020	14625.41	12.587615	17.960268	207.38992	1.926693
3536000	1160.56	370	1786	14691.89	13.996803	21.431408	211.03503	2.0993233
3552000	1253.16	263	2017	14757.19	11.54073	18.409323	211.8864	1.6733549
3568000	1306.88	240	1798	14823.6	11.604537	22.057858	443.45374	1.8347353
3584000	1405.8	816	2120	14890.02	9.349145	16.291939	178.5263	1.5267528
3600000	1284.66	713	1818	14956.23	10.203254	18.840277	355.96143	1.4830288
3616000	1228.14	240	1948	15021.66	9.555994	15.709547	233.57973	1.5196569
3632000	1124.58	363	1660	15087.88	10.609135	15.238678	166.33102	1.7083919
3648000	1156.08	263	2015	15154.19	9.301119	13.573866	166.83934	1.9443858
3664000	1292.54	555	1811	15219.91	10.817799	14.76347	160.34636	1.5921563
3680000	1364.4	555	1633	15287.08	8.594939	10.062305	120.14121	1.4972483
3696000	1356.94	388	2121	15352.65	7.474089	10.98063	130.74048	1.1620061
3712000	1286.76	555	2007	15419.42	7.945719	9.416076	108.190895	1.3716655
3728000	1197.3	457	1923	15486.17	8.537117	11.168405	161.10583	1.6490545
3744000	1331.88	257	2127	15552.67	7.40133	7.8137364	105.56636	1.1048067
3760000	1399.82	263	2135	15618.54	6.490216	8.178272	135.5756	1.188794
3776000	1389.56	649	1816	15684.36	6.6543202	8.046156	107.98184	1.196454
3792000	1317.04	388	2116	15750.39	6.6448684	7.6530766	97.51577	1.1820649
3808000	1351.24	267	2316	15816.2	6.7802954	9.159222	131.3562	1.4774116
3824000	1239.08	263	2325	15883.07	6.541723	9.452176	123.04308	1.0917445
3840000	1295.78	263	2018	15950.42	5.827672	8.622067	125.7603	1.2960751
3856000	1211.2	257	2087	16017.15	6.706407	9.723663	120.52448	1.2164812
3872000	1282.54	257	1753	16085.29	7.074915	10.847827	213.5346	1.134334
3888000	1335.24	257	2108	16152.22	8.584329	11.95817	180.45552	1.5051059
3904000	1356.8	263	2125	16222.65	7.7210536	9.559314	132.55835	1.2900009
3920000	1448.62	351	2126	16292.37	8.392271	12.063431	202.92737	1.5799562
3936000	1267.22	263	2095	16362.98	8.160723	10.677426	149.40459	1.0471125
3952000	1210.56	374	1998	16431.14	9.27045	11.545313	167.00372	1.3512654
3968000	1333.32	570	2106	16501.75	9.932259	11.179073	153.92532	1.3861432
3984000	1347.12	263	2411	16571.7	9.595428	10.002034	160.266	1.6671884
4000000	1381.56	643	2290	16640.39	9.245043	10.873912	157.52493	1.7163427
4016000	1450.5	263	2325	16711.78	9.959845	13.469196	169.88696	1.9375007
4032000	1443.36	263	2325	16779.32	8.727221	12.179528	217.90616	1.5550997
4048000	1184.88	369	1766	16848.38	9.461575	13.79865	179.45027	0.8467471
4064000	1087.86	263	2002	16916.98	12.461595	18.894228	246.94586	1.7281935
4080000	1433.02	570	2230	16986.87	11.06686	14.788579	177.94933	1.4732707
4096000	1246.54	388	2230	17055.97	10.083721	12.294726	154.03336	1.0961989
4112000	1183.2	263	2127	17125.62	9.1317425	10.662294	103.415215	1.2901943
4128000	1200.74	263	2331	17195.51	9.903755	13.944826	168.85002	0.81697977
4144000	1330.42	367	2324	17265.87	10.432233	12.363432	156.2563	1.7988038
4160000	1466.3	263	2007	17334.25	9.168238	11.159537	102.27949	1.2638954
4176000	1252.14	263	2007	17401.15	8.385579	10.346953	78.89374	1.2463615
4192000	1214.94	456	1818	17468.55	8.807757	13.564489	188.45987	1.2833717
4208000	1390.36	367	2303	17536.97	8.162143	11.982743	107.20445	1.2485263
4224000	1277.98	367	2303	17604.56	8.238822	12.57499	93.99032	0.7418216
4240000	1185.42	378	2002	17675.4	9.577817	13.564087	106.610275	0.971603
4256000	1312.4	367	2002	17747.22	11.4743185	15.913095	166.98671	1.3953859
4272000	1362.44	367	2326	17818.32	11.546182	16.41735	135.69362	1.4110954
4288000	1538.52	367	2544	17890.25	10.139732	14.358182	140.70264	1.3720376
4304000	1605.3	367	2544	17959.05	10.963209	17.081669	183.32603	1.1451269
4320000	1500.2	378	2328	18027.35	9.692517	16.052197	169.41324	0.83462477
4336000	1459.82	263	2136	18095.44	8.236291	12.967826	130.94508	1.0778935
4352000	1353.24	240	2136	18161.94	8.623375	12.177813	113.89679	0.9720224
4368000	1353.88	240	2016	18230.08	7.9230647	14.548453	162.42628	0.8689906
4384000	1361.58	440	2324	18299.02	7.7296944	12.9446	148.34341	1.2439705
4400000	1124.9	371	2324	18366.85	8.66444	13.452399	129.51793	1.1705438
4416000	1227.08	371	1945	18434.66	10.172448	16.271782	223.14871	1.2891026
4432000	1340.28	240	2282	18502.27	11.774207	19.213327	208.13522	1.0935061
4448000	1479.78	240	2328	18569.36	11.872145	18.338034	206.59534	1.1518291
4464000	1549.86	240	2328	18637.05	11.585129	16.57481	153.30624	1.544918
4480000	1301.8	256	2318	18705.83	9.65904	13.585431	146.3062	1.2457151
4496000	1334.36	256	2322	18774.08	10.819192	16.7247	181.97635	1.2237539
4512000	1516.28	256	2417	18842.13	9.286979	15.764154	199.47784	1.2112386
4528000	1497.4	452	2417	18910.96	7.4106073	9.197235	126.14763	1.3535458
4544000	1404.12	638	2328	18979.37	8.585256	15.521518	233.99799	1.2108892
4560000	1322.14	240	2315	19047.93	7.702625	12.424362	185.92255	0.89970815
4576000	1427.44	240	2329	19114.51	8.809682	15.232954	291.6607	1.1388109
4592000	1524.84	388	2331	19182.82	9.3251	14.1675415	196.97247	1.4347653
4608000	1572.7	554	2331	19249.35	9.641003	17.521654	282.97314	1.4604638
4624000	1461.56	263	2328	19317.49	9.67681	16.368721	225.06598	1.2320733
4640000	1390.52	263	2328	19384.61	10.121576	18.811554	232.18425	1.241179
4656000	1426.88	379	2325	19452.54	10.079324	15.788594	231.04665	1.4380344
4672000	1426.92	379	2325	19518.38	11.531365	18.708628	291.53894	1.8038669
4688000	1510.72	379	2015	19585.81	11.726455	17.404976	219.26889	1.4218875
4704000	1452.28	543	2331	19652.66	11.450916	16.231453	214.87982	1.5237335
4720000	1426.66	263	2331	19721.1	10.91552	13.509474	150.23322	1.8450366
4736000	1451.04	449	2328	19788.82	9.358	12.271672	155.3524	1.1082983
4752000	1404.94	553	2318	19856.29	9.383022	11.658414	126.224205	1.2808619
4768000	1389.04	556	2312	19923.1	9.0795765	12.237731	151.47015	1.2878652
4784000	1297.36	450	2311	19990.24	7.773995	7.5597143	88.43355	1.2398617
4800000	1251.32	263	2331	20056.73	8.816016	10.111279	111.5532	1.5083399
4816000	1341.76	263	2331	20123.49	8.025747	8.850613	121.09863	1.5810261
4832000	1436.72	263	2503	20190.67	9.074868	10.947568	134.80681	1.4603764
4848000	1449.1	263	2503	20258.45	10.882549	16.38803	282.2457	1.6656158
4864000	1551.4	452	2330	20326.71	10.664207	14.275301	193.75253	1.9137441
4880000	1386.86	388	2571	20394.87	11.797154	13.035045	154.2345	1.948804
4896000	1286.78	367	2322	20463.27	13.385504	18.882807	220.7494	2.0080595
4912000	1523.72	445	2552	20530.63	13.542811	17.59148	195.73985	2.0990713
4928000	1562.58	450	2552	20598.04	14.067087	18.918774	228.75577	2.5981655
4944000	1519.02	378	2327	20667.2	11.235746	12.941427	187.55705	1.9473077
4960000	1517.44	367	2295	20734.76	10.682443	12.858418	173.26636	2.0440657
4976000	1472.68	367	2766	20801.98	10.50552	14.073431	170.74805	1.611887
4992000	1544.68	552	2766	20870.47	8.881408	14.445719	222.68654	1.5754853
5008000	1581.18	552	2329	20937.03	8.955231	15.996621	194.09479	1.5105951
5024000	1559.54	629	2329	21004.07	8.250218	13.572794	189.47281	1.4921538
5040000	1476.06	554	2329	21071.26	8.067484	14.245906	159.82152	1.1295626
5056000	1355.94	240	2235	21138.27	8.713699	15.241903	191.45753	1.2305586
5072000	1349.46	240	2634	21206.86	9.56277	16.6233	227.97423	1.4814621
5088000	1387.46	257	2018	21276.85	10.02232	18.953915	234.97629	1.4905171
5104000	1461.74	257	2018	21344.66	9.642263	15.056256	203.87625	1.5429189
5120000	1421.64	240	2018	21411.4	8.779701	13.07186	225.24031	1.2898003
5136000	1492.46	240	2331	21477.81	9.859227	14.447305	130.18433	1.1353232
5152000	1495.36	240	2571	21545.35	8.491201	10.811798	114.121315	1.2016779
5168000	1547.22	240	2571	21613.54	7.495746	14.81379	270.85306	0.89248335
5184000	1597.96	452	2331	21680.49	7.291086	17.73697	308.85153	0.79000187
5200000	1594.14	634	2331	21747.6	6.8360205	14.800808	277.5746	0.90217555
5216000	1567.84	634	2407	21813.62	6.973233	14.747596	190.95352	0.76118565
5232000	1494.6	440	2407	21880.01	8.115282	17.51473	271.10992	0.7224116
5248000	1303.72	240	2331	21946.33	8.8385725	17.490662	276.24753	1.2112108
5264000	1281.4	240	2543	22013.61	8.475349	16.799837	250.75978	1.2508581
5280000	1223.38	378	2328	22080.17	9.076834	17.471453	251.29245	1.1759017
5296000	1141.74	263	1818	22147.43	10.011725	13.424942	149.96375	1.6300626
5312000	1306.36	374	2331	22214.79	11.030391	15.559281	265.00885	2.0072584
5328000	1486.66	637	2331	22281.28	10.417532	11.747349	146.60538	1.3248787
5344000	1540.34	553	2331	22347.03	8.877233	10.827455	178.38918	1.1963961
5360000	1512.9	545	2333	22412.28	8.687491	12.995078	242.94989	1.2072744
5376000	1444.96	267	2286	22479.56	9.09753	13.47891	242.1535	0.8098211
5392000	1445.7	267	2290	22546.56	8.587203	12.789002	203.69344	1.2402673
5408000	1349.22	263	2321	22613.38	8.134474	12.636081	216.75409	1.2351252
5424000	1408.3	263	2326	22679.49	8.139425	11.507696	159.90436	1.2926638
5440000	1481.74	263	2326	22745.62	7.1561613	11.319502	245.47423	1.2622924
5456000	1591.02	452	2326	22812.02	7.795015	10.881342	127.27718	1.1215941
5472000	1656.38	452	2331	22878.52	8.519227	14.82362	261.54507	1.3988364
5488000	1495.8	452	2331	22945.18	7.5676317	13.449294	275.07758	0.8302176
5504000	1552.66	240	2571	23012.6	8.972197	17.104336	262.09912	1.022642
5520000	1418.72	452	2959	23078.42	7.242042	13.0256815	155.08478	0.91894186
5536000	1538.64	452	2959	23144.46	10.016566	21.513903	264.7412	1.087077
5552000	1655.1	720	2712	23211.18	9.10498	15.5773325	225.58327	1.4144008
5568000	1799.18	646	3040	23277.54	10.321334	20.208958	232.40268	1.0864078
5584000	1624.48	263	3040	23343.76	9.7532425	16.53618	249.77783	1.3749104
5600000	1588.6	532	2432	23410.34	10.016299	16.304491	293.6352	1.5897443
5616000	1559.68	736	2432	23477.31	9.913105	13.299047	236.41835	1.3592677
5632000	1454.3	656	2523	23544.72	9.085457	9.709052	122.02646	1.7979426
5648000	1435.96	240	2571	23611.56	9.830683	13.793723	226.66444	1.6141672
5664000	1543.08	553	2571	23677.95	10.146795	12.01941	173.9328	1.7089998
5680000	1650.72	553	2331	23745.22	9.963451	12.565105	189.74121	1.9011657
5696000	1813.96	625	2697	23812.41	10.951938	14.614016	223.98666	1.7730706
5712000	1873.38	1250	2697	23880.66	9.764482	10.814333	143.7054	1.6154644
5728000	1608.76	263	2526	23947.49	11.147976	14.068895	177.53142	2.0202837
5744000	1648.62	240	2760	24014.68	11.285688	14.810967	252.29019	1.7503862
5760000	1832.6	446	2760	24081.24	11.923444	13.52878	125.36235	1.7438452
5776000	1683.56	263	2516	24148.43	12.28374	15.721998	254.72774	1.9475003
5792000	1643.74	263	2580	24215.98	13.749326	17.739107	294.60513	2.3021665
5808000	1816.82	385	2580	24282.52	14.67733	20.065105	251.68422	2.498834
5824000	1836.44	263	2571	24348.84	14.374666	15.416599	146.45117	1.9898663
5840000	1351.0	440	2331	24415.21	16.123991	19.909786	243.62938	2.2611618
5856000	1622.72	378	2517	24481.82	15.932276	19.699697	192.6932	2.288312
5872000	1804.86	263	2517	24549.34	13.814144	15.255388	156.78331	2.1711714
5888000	1713.82	263	2423	24616.12	14.591775	16.027943	137.25562	1.9417709
5904000	1899.74	263	2423	24682.3	14.137762	15.561746	132.86111	2.506249
5920000	1888.76	378	2822	24750.42	13.13197	14.681316	136.37764	2.0664644
5936000	1657.62	263	2825	24816.8	12.890161	14.64015	210.98373	1.9977771
5952000	1666.7	263	2825	24883.35	12.438965	14.715748	168.6001	1.6842163
5968000	1769.96	449	2571	24948.82	11.32048	14.680058	193.37762	1.4387338
5984000	1724.44	378	2571	25016.01	11.553168	14.214957	185.0494	1.7707283
6000000	1644.84	367	2571	25082.42	11.108499	13.62226	165.38336	1.8844419
6016000	1924.3	367	2764	25149.2	12.739295	16.248379	245.10887	1.913267
6032000	1830.52	263	2571	25217.1	13.3127775	15.113078	142.68796	2.3695302
6048000	1634.62	263	2641	25284.38	14.831081	18.153809	211.93488	2.0967717
6064000	1669.24	553	2641	25350.21	15.195705	19.466204	215.05832	1.9275116
6080000	1858.58	638	3038	25417.12	14.7252655	17.297499	196.68394	1.8997675
6096000	1829.98	553	3011	25484.31	13.765143	16.453156	215.54182	2.0194278
6112000	1712.76	387	2571	25551.05	12.688773	16.27366	242.10904	2.1352363
6128000	1622.64	387	2759	25617.79	13.560433	16.409012	227.79034	1.9307208
6144000	1826.8	263	2763	25684.64	16.150696	21.786901	249.26532	2.2913775
6160000	1961.48	263	2763	25750.73	14.576466	17.733253	174.77982	2.0770283
6176000	1948.6	378	3039	25819.92	14.864087	17.40037	228.11731	2.2209141
6192000	1969.66	389	2764	25889.41	12.582779	15.141884	196.55595	1.9165286
6208000	1846.6	387	2805	25956.68	11.775426	14.373929	183.1737	1.7990971
6224000	1715.0	263	2764	26027.3	10.349555	10.999022	107.06263	1.5327497
6240000	1998.48	360	2768	26095.56	11.062931	13.595429	216.9432	1.295925
6256000	1881.8	360	2761	26162.85	11.743197	14.705359	199.60042	2.261615
6272000	1646.72	361	2760	26229.6	12.941749	15.19607	166.44986	1.8752133
6288000	1748.52	263	2764	26297.73	15.266327	16.8786	186.14789	2.6642263
6304000	1894.64	440	2764	26366.47	13.418645	13.955127	184.80887	1.8191881
6320000	1751.68	259	2764	26435.23	15.412371	18.022127	241.73819	2.359951
6336000	1512.56	363	2759	26503.47	18.177462	19.37372	191.73445	3.8021507
6352000	1717.72	363	2818	26571.35	18.82718	17.731949	176.2177	3.3948998
6368000	1769.62	379	2766	26637.7	17.92918	17.0537	169.6627	3.180421
6384000	1901.26	552	2763	26705.17	17.28329	15.565711	141.18733	2.899643
6400000	1846.24	367	2759	26773.93	16.80843	15.560382	126.36128	3.1114001
6416000	1857.12	367	2762	26840.5	18.528582	19.167889	211.35388	2.9517183
6432000	1946.32	432	2762	26907.73	15.909393	17.721596	191.95663	2.5440226
6448000	2017.34	432	2815	26976.0	14.58681	16.342417	195.74217	2.4766135
6464000	2000.7	380	2815	27044.18	15.262469	20.63766	329.59003	2.4091444
6480000	1947.48	380	2765	27110.73	13.463428	13.995582	152.54214	1.5887992
6496000	1857.02	264	2685	27179.32	14.271578	16.140182	157.53929	2.4822776
6512000	1847.42	371	2766	27248.17	15.846064	23.64938	411.54266	2.8131614
6528000	1928.46	371	2769	27316.16	14.957643	19.232252	221.32089	2.5695403
6544000	2143.3	552	2769	27384.7	14.069526	17.83389	213.96538	1.6843262
6560000	1977.86	456	2766	27453.93	15.161328	21.203653	268.791	2.185996
6576000	1807.3	453	2766	27522.56	15.029836	19.74618	223.1118	2.012356
6592000	1962.08	453	2766	27591.29	15.538371	21.88111	242.3339	2.288525
6608000	1830.06	456	2770	27659.33	17.364367	25.312143	336.3809	2.433193
6624000	1884.68	75	2853	27725.59	15.188921	19.97843	284.3973	2.3448126
6640000	1910.24	75	2853	27793.65	14.555965	16.001974	160.96967	2.0481954
6656000	1851.5	367	2769	27861.09	15.8934555	17.625196	232.09285	2.5896077
6672000	1945.84	364	2769	27927.43	16.987268	23.523832	368.74042	2.7112207
6688000	1813.44	364	2761	27993.81	18.471855	25.847528	280.2073	2.0596585
6704000	1856.78	559	2827	28062.28	18.584942	23.865242	259.93307	2.8486722
6720000	1955.58	640	2766	28131.09	17.967306	22.950668	343.1437	2.7351232
6736000	1833.8	638	2798	28196.54	17.91724	23.904213	334.317	2.3296027
6752000	1733.02	335	2798	28263.71	15.009511	19.464052	283.8845	2.1346302
6768000	1869.52	335	2825	28328.9	14.906274	23.264383	439.66818	2.3577955
6784000	1607.88	263	2839	28395.04	18.234455	26.138369	301.4878	2.4099603
6800000	1979.92	263	3052	28461.47	15.888676	19.632483	233.23677	2.6508145
6816000	1952.82	263	2827	28530.14	20.431044	29.936316	390.79828	3.277275
6832000	1804.38	263	2830	28597.55	18.72109	22.190964	223.1481	3.2266188
6848000	1676.0	263	2763	28666.81	21.050926	28.49229	409.04468	3.397099
6864000	1831.28	240	3052	28737.22	18.618011	25.969	396.3406	3.0435605
6880000	2084.9	240	3052	28806.37	18.578129	25.148577	219.30263	2.7476315
6896000	1916.36	387	2765	28874.25	15.625629	18.6576	262.39047	2.3450167
6912000	1671.26	375	2761	28942.0	16.329737	19.88872	223.61919	2.7109442
6928000	1577.16	263	2761	29009.98	17.98956	22.441153	217.90599	2.7359166
6944000	1536.34	388	2684	29076.69	18.545027	22.787834	211.85477	2.569882
6960000	1782.84	381	2754	29144.71	18.737022	22.296474	223.3342	2.66326
6976000	1854.24	449	2764	29212.02	19.112967	22.577862	299.28015	2.323246
6992000	1880.54	240	2824	29278.83	18.998812	23.766653	304.7872	2.287628
7008000	1974.88	240	2824	29346.11	17.938774	23.73756	330.00537	2.8649719
7024000	1891.34	379	2766	29415.59	16.409472	19.175951	177.13077	2.6466691
7040000	1760.32	363	2859	29482.73	17.510029	24.762291	316.77005	2.230971
7056000	1819.12	357	2762	29548.98	15.965148	18.659933	249.02667	3.1529698
7072000	1983.34	259	2754	29620.68	16.756157	22.33223	279.1951	2.3971872
7088000	2070.88	259	2759	29694.4	17.589382	24.288734	296.4486	2.7534142
7104000	2059.82	736	2915	29766.09	16.341215	20.202822	234.7247	2.2605677
7120000	2063.2	567	3043	29838.56	15.845807	21.267893	255.27672	2.8172688
7136000	1721.64	257	2763	29912.07	18.38046	24.144075	266.5561	2.9487724
7152000	1818.42	263	2766	29984.79	16.492035	24.490498	333.0496	3.418392
7168000	1910.0	263	2766	30058.31	16.68448	22.3052	336.52722	2.0078158
7184000	1958.34	378	2860	30130.93	16.12921	23.391623	273.7153	2.0175118
7200000	2024.78	440	3051	30200.93	17.131048	27.253325	382.68793	2.8914042
7216000	1642.4	410	2816	30267.58	16.361914	17.885107	199.73021	2.7652793
7232000	1400.58	390	2816	30334.25	18.14951	20.572227	233.0908	3.1827877
7248000	1676.72	330	3018	30401.24	18.973238	21.97983	284.67273	4.0583777
7264000	1994.44	449	3047	30467.99	20.845778	22.196192	237.68864	3.9404817
7280000	2020.6	263	3047	30536.87	20.059984	22.651161	340.8746	3.7753
7296000	2028.02	263	3047	30604.87	17.175705	17.367323	214.60338	3.072395
7312000	2042.76	263	3047	30673.06	19.505775	26.584248	401.57764	2.6631365
7328000	2076.74	415	3046	30740.52	16.35035	23.698294	317.38034	2.9634056
7344000	1983.94	713	3046	30809.03	14.281304	22.111618	254.22379	2.6825821
7360000	1778.94	263	3033	30874.56	14.232283	20.1706	347.59143	2.5851793
7376000	1905.56	554	3047	30941.24	15.009482	20.821924	306.704	2.3215387
7392000	2002.98	445	3047	31007.75	14.359845	22.900158	308.79807	2.3143175
7408000	2095.72	445	3040	31074.61	16.985668	25.450392	332.99484	2.3605785
7424000	2104.16	358	3037	31139.87	14.699729	16.716166	213.22736	2.7507591
7440000	1910.92	358	2852	31206.71	15.378506	21.59796	336.1903	2.1171412
7456000	1822.34	449	2852	31274.15	15.532557	20.634005	282.16302	2.090024
7472000	1909.32	393	2816	31340.41	14.383881	15.522544	148.35075	2.1714666
7488000	2030.58	393	3037	31406.95	19.863688	26.012735	257.40646	3.205585
7504000	2098.76	959	3037	31473.34	16.963297	21.494143	197.5828	3.01715
7520000	2270.56	240	3015	31539.4	18.10932	24.913755	235.39227	1.8819691
7536000	2362.82	240	3015	31606.13	18.510078	28.466934	272.85803	2.5056322
7552000	2083.3	449	2760	31672.48	16.07032	25.305372	352.26364	2.019366
7568000	1976.86	263	2770	31737.79	14.0838995	21.382185	297.10522	1.5650475
7584000	2063.6	240	2770	31805.18	14.3615465	22.266577	263.86963	1.9547484
7600000	1945.72	240	2768	31871.5	13.417615	20.840698	341.8812	2.3456764
7616000	1610.66	368	3049	31939.26	17.30371	30.86607	417.44894	2.2597837
7632000	1515.5	263	2767	32006.84	18.253736	27.05245	319.1582	3.0395834
7648000	1733.78	263	2767	32076.02	19.162792	31.84558	392.8652	2.734218
7664000	1866.4	263	2767	32143.25	16.810137	22.493256	300.52823	2.3391473
7680000	2027.62	453	3041	32210.9	18.36029	26.55944	286.27466	2.4666529
7696000	1970.42	453	3047	32277.66	18.04406	29.31406	335.0562	2.622349
7712000	1920.3	453	3047	32343.18	17.759329	29.289474	424.59756	2.1101358
7728000	2050.6	453	3049	32409.74	17.329126	30.863052	402.52914	1.5789993
7744000	2054.0	456	3049	32476.92	17.140692	25.160421	386.35117	2.1475186
7760000	2037.8	375	3049	32543.13	17.972115	34.04538	443.3869	2.4808233
7776000	1937.22	375	3049	32609.32	16.064743	22.289278	290.90973	2.3683286
7792000	1902.54	639	2826	32675.21	16.626387	23.312248	294.8614	2.087256
7808000	2008.42	263	3052	32742.1	19.075495	34.021072	436.3423	1.768919
7824000	2089.86	263	3052	32807.84	16.25968	24.295643	297.29965	1.5676858
7840000	2110.42	263	3052	32873.82	15.298077	20.708593	276.81772	1.888435
7856000	2033.78	374	3050	32940.37	16.328815	23.978905	267.07214	2.3094826
7872000	1747.16	363	3048	33006.55	16.532862	28.103994	415.84164	1.6118453
7888000	1792.28	341	2827	33073.65	21.961996	33.304134	373.7932	2.6951122
7904000	2022.16	341	2827	33140.59	22.38611	32.665928	555.57916	3.4562004
7920000	1971.46	346	3047	33208.06	22.03197	26.40173	335.26807	3.152021
7936000	1932.92	553	3047	33274.1	21.711048	26.255116	312.84427	3.1865294
7952000	1950.42	553	3047	33341.17	20.619957	25.840387	280.27615	2.6857476
7968000	1977.2	240	3047	33408.84	18.534359	24.445244	432.91354	2.4644544
7984000	1943.76	240	2758	33475.27	19.194574	28.6024	357.92065	2.5220861
8000000	1548.16	370	2761	33542.0	18.99484	23.365204	291.12418	2.7035866
8016000	1594.12	372	3049	33609.09	23.691431	34.91495	396.0635	2.226027
8032000	1730.66	400	3031	33676.86	25.63973	34.781975	298.31592	3.7789109
8048000	1677.2	404	3037	33744.4	24.953957	30.07928	342.80008	3.8725958
8064000	1479.78	240	3039	33812.53	27.793047	41.991783	533.51337	2.5022957
8080000	1749.64	240	3039	33878.99	27.368538	37.3307	378.06052	3.1500344
8096000	2034.74	240	3048	33945.35	22.758286	32.04909	321.21622	3.2688928
8112000	2183.78	263	3048	34013.16	17.975773	25.739267	267.47308	2.8289223
8128000	2063.54	263	3052	34080.12	18.690035	35.792892	493.34293	2.4798589
8144000	2017.08	263	3052	34147.18	16.06143	22.498127	230.90451	1.6402568
8160000	2116.56	449	3052	34214.61	11.332391	17.773046	250.8629	1.2586324
8176000	1760.78	240	3045	34280.15	11.167492	15.911552	233.593	1.5621498
8192000	1788.72	240	3049	34346.95	12.821257	18.153372	193.6783	1.9417785
8208000	1704.26	441	2762	34413.87	17.224773	28.525803	487.6316	2.5158753
8224000	1391.58	381	3050	34480.07	19.264898	29.889668	435.82166	2.7892118
8240000	1537.68	400	3021	34547.62	20.649082	26.904058	369.41266	2.2269218
8256000	1857.56	362	3021	34613.05	23.71705	30.331917	326.99274	3.1389236
8272000	1940.86	553	2766	34679.14	25.635447	32.557297	330.575	3.6515465
8288000	1736.62	241	2766	34745.5	22.690008	25.788029	241.35805	3.508875
8304000	1800.7	241	2820	34812.14	25.650414	32.40113	336.46713	2.7401993
8320000	2148.18	258	3043	34879.38	19.324043	24.4945	266.5639	1.9315686
8336000	2169.22	453	2992	34946.74	17.187523	21.157494	206.77507	2.8673766
8352000	2058.94	263	3051	35013.17	16.19881	25.24909	375.5928	2.3245988
8368000	2079.08	263	3051	35079.15	15.51704	23.146797	232.3824	2.278152
8384000	1985.9	263	3048	35144.98	13.81987	20.808365	394.80978	1.7599115
8400000	1833.1	341	2764	35211.24	15.833703	28.09179	468.55862	2.0241976
8416000	1959.12	241	2826	35277.7	16.488005	20.57741	247.24216	2.4644198
8432000	1858.92	241	2765	35344.03	16.438095	21.095083	263.16626	2.7687385
8448000	2007.68	452	3037	35410.39	17.358553	26.784985	361.09158	1.8884636
8464000	2269.2	452	3037	35476.77	16.146935	24.210163	363.28937	2.2343931
8480000	2305.66	648	2765	35543.12	14.917962	21.0359	250.13728	2.4427624
8496000	2159.28	654	2765	35609.81	13.326649	18.69345	255.05383	2.140531
8512000	2086.46	341	2763	35676.0	14.024365	22.929531	310.4702	1.99217
8528000	1981.22	341	3038	35742.16	12.230128	20.365961	246.34756	1.6311711
8544000	2003.0	240	3038	35808.72	10.148262	14.046319	172.04262	1.4813024
8560000	2006.62	240	3040	35874.58	10.9876795	15.965527	203.17807	1.4866931
8576000	1873.02	388	3040	35941.4	11.654052	17.88559	252.78076	1.850093
8592000	1847.02	388	2763	36006.69	15.045999	22.694075	333.10507	1.99575
8608000	1739.16	400	2740	36072.73	14.304424	17.537619	200.32265	2.333449
8624000	1931.62	374	3052	36138.86	15.689488	18.441336	228.70291	3.1410592
8640000	2031.54	263	3050	36204.9	18.76541	20.537687	226.3478	2.9444184
8656000	2028.74	240	3050	36270.86	20.129837	29.519629	322.64548	3.704196
8672000	2044.88	240	3013	36337.72	15.540815	19.021812	190.54684	1.8147061
8688000	2141.88	263	3047	36404.13	14.273385	18.30937	325.77167	1.6559844
8704000	1950.34	372	3049	36471.0	14.313475	16.365814	204.61636	2.8042274
8720000	1860.54	372	3049	36537.19	16.293623	21.861187	262.4807	2.7918625
8736000	1998.66	439	3049	36604.54	15.227585	21.448132	314.27487	2.2713556
8752000	2108.76	240	3049	36671.97	18.653313	24.932175	303.714	1.8494973
8768000	2099.5	446	3041	36738.42	16.410177	22.324286	401.18182	2.8817701
8784000	2156.2	446	3050	36806.31	15.173385	16.995197	175.61736	2.3551154
8800000	2137.6	371	3050	36873.28	16.363974	22.390703	341.5267	2.2314203
8816000	2095.32	371	2762	36939.96	15.466156	20.496372	220.96756	2.1350791
8832000	2166.96	554	3025	37006.07	14.607772	21.758152	281.53256	2.1994064
8848000	2204.1	263	3025	37073.24	13.987216	20.761467	249.9317	1.7632902
8864000	2195.7	263	3025	37140.33	12.749584	20.49495	349.72845	1.8379129
8880000	2135.7	379	3018	37207.26	12.481746	23.776014	424.20438	1.6720748
8896000	2053.5	379	3038	37273.57	13.0951605	19.388815	263.42734	2.0318875
8912000	2003.12	388	3038	37339.87	13.116566	19.344124	290.6189	2.166442
8928000	1825.1	263	3046	37406.44	14.000437	19.3917	299.107	1.8325592
8944000	1989.96	263	3046	37472.25	13.743904	20.666714	274.70984	2.9545596
8960000	1802.22	259	3020	37539.49	13.306158	14.938894	235.8784	2.427994
8976000	1877.48	259	2769	37607.27	14.950506	24.546616	383.33057	2.2070403
8992000	2115.46	362	3050	37673.15	15.008918	22.456764	267.54037	2.1735706
9008000	2343.06	378	3052	37739.65	12.885416	17.474813	216.2545	2.4376104
9024000	2506.84	1611	3052	37806.37	11.136543	14.287113	178.94963	2.0720353
9040000	2528.2	1611	3051	37873.18	9.61947	13.146147	230.86911	1.8128959
9056000	2187.24	367	3046	37940.53	8.299491	10.788042	217.43515	1.1556779
9072000	1943.58	367	2762	38007.91	7.769913	10.988121	214.10016	1.430831
9088000	2105.64	367	3018	38077.22	7.499251	12.2976265	186.95477	0.9274347
9104000	2220.08	410	3051	38143.78	10.156481	18.70822	279.38885	1.0795704
9120000	2057.64	410	3044	38210.51	9.967432	15.533949	227.75116	1.753985
9136000	1954.82	240	3046	38277.55	11.754976	15.796087	207.63338	1.9731624
9152000	1928.44	240	3046	38345.81	12.582467	15.701374	172.63681	2.0535378
9168000	1968.38	371	3046	38411.99	14.067651	18.828955	209.21327	1.9904711
9184000	1882.42	437	3030	38479.42	14.118287	17.963755	207.25352	2.248844
9200000	1706.32	551	3052	38545.82	13.478761	17.195906	238.43805	1.7416806
9216000	1882.28	453	3049	38613.66	15.932079	20.16812	226.29657	2.4450924
9232000	2068.22	263	3051	38680.4	15.172412	20.03535	221.87	2.1766083
9248000	2115.24	263	3051	38747.16	14.960609	18.16632	213.29823	1.7701808
9264000	2108.32	371	3051	38813.31	15.984178	21.808578	239.34589	2.1435347
9280000	2241.88	241	3027	38878.63	15.067933	18.617876	155.39273	2.1876602
9296000	2128.6	241	3051	38944.75	16.830395	26.041252	348.48602	1.934073
9312000	2134.8	388	3051	39011.06	15.160779	21.180021	190.30121	1.790225
9328000	2193.24	263	3051	39077.38	13.694597	21.04484	165.17456	1.5957861
9344000	2225.22	263	3051	39144.57	16.15837	26.150423	338.7511	2.1843944
9360000	2332.32	379	3051	39212.11	15.386196	24.781528	346.59464	1.9887595
9376000	2231.98	379	3051	39278.56	13.717099	24.630629	346.79678	1.9978113
9392000	2304.2	640	3051	39346.61	12.9484215	24.759626	399.42935	1.8886576
9408000	2202.94	639	3051	39413.25	14.201394	30.036453	498.95126	1.6856362
9424000	2091.18	639	3015	39480.05	12.076565	17.5378	250.68669	1.2522278
9440000	2106.74	355	3015	39546.4	12.004441	18.388489	168.40428	1.5829864
9456000	2164.28	355	3043	39613.46	9.946837	16.750595	193.12482	1.7522941
9472000	2166.94	355	3049	39679.97	11.40335	20.912313	359.6529	1.7223966
9488000	2110.04	638	3049	39746.41	11.659359	18.38151	245.57326	1.7966795
9504000	2227.36	820	3051	39813.86	10.121187	14.905275	159.58247	1.3440995
9520000	2149.28	358	3051	39879.49	12.681219	19.943886	277.24756	1.690825
9536000	2036.82	240	2767	39946.51	15.655603	22.599865	261.62778	2.2702818
9552000	2105.96	358	2815	40013.1	17.25257	25.29776	295.2169	2.2570071
9568000	2053.68	358	3049	40081.09	15.475388	20.15348	291.4002	2.1377676
9584000	2073.38	379	3049	40146.72	17.4211	30.854027	373.8864	2.2082984
9600000	1810.98	358	2827	40213.74	17.502256	24.30351	293.06543	2.721188
9616000	1803.16	358	3044	40280.36	17.103693	26.782923	295.5833	2.615652
9632000	1988.6	358	3044	40346.7	16.058752	28.465563	503.98584	2.3802905
9648000	2123.04	263	3044	40413.67	14.388598	26.432144	440.78064	1.8835106
9664000	2190.38	263	3014	40480.53	12.893344	23.647783	430.3532	1.501992
9680000	2162.44	263	2995	40547.14	12.128992	23.206184	343.28888	1.4686407
9696000	2008.16	263	3045	40614.48	11.506018	21.002127	360.45425	1.7936478
9712000	1829.4	263	3045	40681.85	12.823455	25.339058	354.17673	1.5652837
9728000	2063.78	452	3052	40749.8	14.3059845	21.01721	253.48218	1.9494452
9744000	2072.58	356	3050	40817.15	13.425414	18.124428	269.587	1.9628956
9760000	1907.88	356	3049	40884.44	16.536312	27.426138	376.66003	2.9131722
9776000	2162.94	263	3051	40950.52	15.342026	24.597229	357.0775	2.524683
9792000	2153.98	241	3051	41016.79	14.617842	21.357628	391.34827	2.7069511
9808000	1971.04	241	3051	41084.15	12.917553	19.741505	341.4908	1.5969359
9824000	2095.26	263	3048	41150.88	15.76067	33.252472	492.10065	2.2447405
9840000	1910.6	263	2912	41217.42	13.744506	20.642088	287.6345	1.8410153
9856000	1829.64	263	3050	41283.9	11.890414	19.070353	316.34888	1.9420748
9872000	1933.5	263	3050	41351.6	11.6994095	18.412403	260.5124	1.7685981
9888000	2211.28	241	3050	41418.39	10.5739975	15.205737	213.90929	1.667634
9904000	2284.24	241	3048	41484.41	11.34117	16.218882	241.62592	1.4526572
9920000	2335.9	362	3050	41551.73	11.06422	15.93936	253.42603	1.6258383
9936000	2172.2	362	3050	41618.54	10.878163	19.04784	361.66296	1.1707734
9952000	1937.9	263	3047	41685.14	11.78433	26.26196	430.11877	1.6405135
9968000	1987.14	263	3051	41752.15	10.921029	22.533016	284.29007	1.5086792
9984000	1962.48	258	3051	41818.35	9.371039	14.038154	313.05487	1.7182294
10000000	2120.56	258	3049	41884.97	10.260359	18.49179	269.70743	1.5051208
10016000	1922.32	367	3049	41951.37	13.272172	25.847883	434.57684	1.709048
10032000	2095.82	456	3033	42019.04	13.89081	25.456556	302.9092	1.8201127
10048000	2041.92	376	3033	42086.07	12.095082	20.94368	270.2532	2.2492347
10064000	1965.1	376	3033	42152.35	11.48852	22.772146	389.6619	1.3390491
10080000	2053.32	376	3037	42218.63	12.968778	22.390427	359.03503	1.390572
10096000	1957.14	385	3037	42285.42	14.400484	24.56896	295.91556	2.0662293
10112000	2005.54	385	3047	42351.44	11.562185	17.781391	206.27806	1.585692
10128000	1793.1	257	3038	42418.56	12.900844	20.028849	253.94685	1.5162647
10144000	1653.7	257	3047	42485.96	13.4586	22.047749	334.72833	1.6834698
10160000	1684.24	257	3047	42553.15	14.801823	22.452307	339.73898	2.0726652
10176000	1957.86	257	3046	42619.55	14.971167	20.275244	247.28271	1.8240335
10192000	1539.38	257	3052	42687.87	15.345514	22.915455	285.05136	1.9489983
10208000	1449.46	263	3048	42754.93	14.70816	20.521526	287.49918	1.8102305
10224000	1773.02	263	2794	42821.38	17.493607	27.7006	352.20645	1.940491
10240000	1796.4	453	3043	42888.21	16.9971	24.619286	320.32373	2.1634645
10256000	1571.62	453	3048	42954.43	17.758461	25.183784	263.71826	2.2034514
10272000	2079.0	453	3048	43020.9	19.599684	28.019732	288.0034	2.4171438
10288000	2135.22	453	3048	43087.28	18.06843	27.714363	310.70312	2.455358
10304000	1950.58	263	3046	43155.2	18.616796	31.647161	445.68842	1.8839359
10320000	1910.1	263	3042	43221.52	17.69144	25.60838	262.06702	1.6634233
10336000	1838.7	263	3035	43288.04	14.875925	25.156528	328.1949	1.5093892
10352000	1956.94	367	3035	43354.18	13.120103	26.134436	471.1657	1.2041701
10368000	1990.52	263	3044	43421.16	12.300321	18.030092	231.95471	1.447643
10384000	1995.94	263	3044	43488.11	13.526229	23.623657	346.499	1.1903158
10400000	1680.36	263	2996	43555.79	14.339547	23.116615	324.1651	2.0182366
10416000	1720.84	263	2766	43623.59	15.073597	21.458572	258.67096	1.9594758
10432000	1959.08	554	2766	43689.62	13.979861	22.456118	250.32799	2.0883443
10448000	2059.96	371	2821	43756.2	14.24765	18.335808	192.88644	1.9506934
10464000	2087.58	371	2825	43823.14	14.758006	20.485332	281.0157	2.0673773
10480000	1904.86	263	2828	43890.15	14.26126	21.710903	254.3235	1.9518921
10496000	1837.82	384	2841	43956.53	15.9761715	24.764904	279.91922	2.136581
10512000	1886.54	384	2841	44022.75	14.80781	23.834227	297.11963	1.7810271
10528000	1999.42	959	3037	44089.21	13.88775	22.9605	303.68158	1.9363208
10544000	2040.16	573	3037	44157.04	14.555221	26.608622	414.51193	2.366181
10560000	2077.02	817	2755	44224.04	16.540335	31.582268	380.93362	1.7137674
10576000	2025.54	388	2767	44290.43	14.867643	19.61858	294.30844	2.7390862
10592000	2057.6	388	3032	44356.96	12.254448	19.433239	324.18643	1.6974226
10608000	2275.84	388	3043	44423.13	12.603492	21.35599	296.66693	1.4614073
10624000	2058.22	388	2827	44490.57	11.570231	17.418701	231.54384	1.2338784
10640000	1755.16	378	3050	44558.27	14.318894	24.90578	304.45853	1.7454748
10656000	1573.9	378	3038	44625.06	14.947209	22.140533	267.24396	2.3747525
10672000	1214.9	367	2983	44692.3	17.24411	27.02513	347.02948	2.3461897
10688000	1341.54	373	2743	44760.08	17.505867	25.734825	336.5631	2.6202776
10704000	1795.7	373	3049	44826.49	17.03498	21.73188	247.35367	2.5808854
10720000	2050.88	428	3049	44892.59	18.335121	25.455118	338.2715	2.312579
10736000	2051.06	428	3047	44959.14	18.005531	30.905588	471.28052	2.8709624
10752000	2227.9	639	3047	45025.01	14.74365	20.639946	434.93524	2.3413408
10768000	2340.22	263	3022	45092.0	14.225175	20.87093	409.46826	2.2861352
10784000	2117.24	452	2826	45159.75	12.066124	13.670118	138.20935	1.9901204
10800000	2004.7	452	2826	45225.25	13.794701	25.951536	362.7322	2.0388932
10816000	1903.88	452	3046	45292.73	11.311076	20.234741	465.44742	1.6414177
10832000	1775.62	627	3046	45359.34	12.014558	19.022488	270.21686	1.8324296
10848000	1677.02	627	3045	45426.9	13.5675335	19.30279	217.40947	1.9153754
10864000	1703.5	452	3045	45494.51	16.760897	26.91898	338.14566	2.5024357
10880000	1858.34	452	3019	45560.4	14.987757	23.57048	314.59607	1.8779985
10896000	1981.84	570	2952	45627.73	13.360399	18.708849	203.91219	1.3421049
10912000	2003.3	569	3048	45693.68	14.683238	22.449535	226.92487	1.6921654
10928000	1941.02	626	3048	45760.79	17.689417	28.17574	337.30618	1.8118078
10944000	1742.86	548	3049	45826.61	16.904615	28.212704	274.08694	1.7068384
10960000	1847.36	267	3049	45894.13	17.6455	27.966236	336.54837	2.130174
10976000	1840.8	267	2829	45961.13	15.645946	21.813814	218.62079	2.0899398
10992000	1792.02	441	2829	46027.18	16.40708	24.485823	255.00409	2.2653153
11008000	1801.78	639	2765	46093.64	15.424205	21.49537	227.06223	1.3581548
11024000	1628.02	435	2765	46161.76	16.910738	24.224607	300.4169	1.7652133
11040000	1573.88	555	2763	46229.56	16.011957	19.774776	212.26498	2.6844559
11056000	1585.04	267	2837	46297.11	17.047308	22.737494	232.36884	2.7397542
11072000	1752.78	267	2837	46363.6	14.068927	17.733574	207.55756	2.2531257
11088000	1740.74	258	2823	46430.3	15.115321	21.272305	282.39902	2.0052848
11104000	1580.18	258	2823	46496.15	17.809563	25.804089	278.76758	2.4643087
11120000	1564.7	258	2820	46563.07	17.251034	24.757166	277.35345	2.584975
11136000	1406.34	358	2672	46629.99	20.675802	31.442003	376.72354	2.3669438
11152000	1475.5	358	2767	46697.11	23.160582	31.08291	500.36942	2.8203192
11168000	1500.16	431	2769	46763.73	25.62361	32.037148	401.7998	3.4316044
11184000	1511.7	382	2820	46830.12	26.551006	31.84226	235.76678	3.5727465
11200000	1586.44	382	3000	46896.12	31.034254	41.50125	433.1914	2.4278593
11216000	1676.84	382	3000	46962.76	34.221317	44.47897	673.80884	3.508862
11232000	1655.58	618	2817	47028.25	32.500946	43.303173	432.3419	3.0099795
11248000	1755.86	374	2829	47095.8	26.995644	34.98779	359.10074	2.521971
11264000	1789.24	367	3048	47161.63	24.50955	30.811558	349.4967	2.3987362
11280000	1806.42	367	3049	47229.54	21.463459	27.52438	401.38126	2.74018
11296000	1881.82	554	3049	47295.62	17.925007	23.694427	274.5811	2.2401125
11312000	1848.0	257	3043	47361.92	16.789927	21.193087	264.30356	2.3761566
11328000	1822.1	257	2828	47427.02	17.346102	19.45283	209.84607	2.310697
11344000	1842.84	257	3045	47493.12	18.49555	22.384352	284.03268	2.566247
11360000	1989.94	258	3045	47561.11	17.955408	20.492588	253.72783	3.2281013
11376000	1877.48	259	2765	47627.2	18.772419	22.013815	199.78603	3.7099195
11392000	1912.32	516	3049	47694.24	17.106934	17.732016	197.74326	2.9337177
11408000	1767.66	452	3049	47760.43	17.359215	20.14064	220.64343	2.938613
11424000	1822.82	452	3039	47826.45	17.81153	21.96866	251.73557	3.2489073
11440000	1915.54	263	2769	47892.68	14.965764	16.507929	220.19327	2.1331878
11456000	1763.56	257	3046	47960.43	15.355076	19.611046	220.08667	2.5560017
11472000	1891.5	378	3048	48026.63	16.644487	18.654642	207.4846	2.4329104
11488000	1983.76	378	3045	48093.69	16.517113	22.05114	260.3888	2.4838336
11504000	1773.64	452	2768	48160.03	16.896069	20.662746	218.2266	3.0730221
11520000	1901.74	453	2768	48226.13	16.661026	23.187346	232.89142	2.7283201
11536000	2071.54	639	2764	48293.16	17.604088	25.359724	325.2843	2.9025106
11552000	1976.42	453	2763	48360.38	16.79719	21.062958	206.0706	2.6224954
11568000	2057.96	449	2766	48427.02	15.494344	22.575083	233.21681	2.2868283
11584000	2213.0	449	2828	48493.01	15.63213	23.082924	224.99612	1.3305151
11600000	2138.32	449	2828	48558.61	14.070424	23.012016	278.7628	1.4514419
11616000	2086.44	629	3045	48625.02	15.752723	23.429237	224.10548	1.3588009
11632000	1509.28	240	3045	48692.35	17.050438	22.920185	248.43549	1.0113361
11648000	1688.7	440	3038	48759.71	13.5670595	15.881794	154.1264	1.6745983
11664000	2175.82	388	3046	48826.48	14.180017	24.306068	426.9732	1.710175
11680000	2157.54	388	3046	48893.23	13.406617	28.767601	554.5184	1.6990271
11696000	2026.1	630	3046	48960.46	12.469291	19.49902	371.09085	2.0426462
11712000	2085.62	257	3048	49027.49	13.002926	21.306925	358.9598	1.783484
11728000	2102.48	257	3048	49094.32	11.915428	18.374826	324.47195	1.662746
11744000	1795.8	449	3049	49161.07	14.777146	25.307056	300.13452	2.0004177
11760000	1673.22	263	3051	49228.34	12.598987	19.983942	265.585	1.8944314
11776000	1473.24	263	3050	49294.68	15.227544	26.989761	246.51404	1.73309
11792000	2025.44	257	3051	49361.72	18.87498	31.007215	338.63312	2.6354213
11808000	2007.02	388	3051	49428.03	16.896894	26.356396	251.82736	2.3123794
11824000	2018.82	639	3052	49495.93	19.753656	30.124912	349.16797	3.1376534
11840000	1882.48	639	3051	49564.49	17.664095	25.993456	268.94495	2.306553
11856000	1948.98	263	3051	49629.89	16.330074	22.097847	263.25732	2.3629441
11872000	1816.34	263	3051	49698.03	16.853004	19.828163	247.72795	2.7827585
11888000	1890.46	263	3052	49764.66	15.999431	17.61451	184.40984	2.6518154
11904000	1823.06	257	3052	49831.99	19.78097	24.056768	253.29173	2.7765408
11920000	1937.14	573	2763	49899.29	19.377083	22.766602	324.99802	3.373428
11936000	1970.42	440	2757	49965.75	16.548523	18.75507	208.29652	3.696752
11952000	2053.36	263	3035	50033.24	18.21058	25.976746	315.68823	2.801401
11968000	2168.18	263	3035	50099.08	17.10351	20.933584	274.0861	3.2963061
11984000	2034.26	263	3042	50166.2	14.966414	18.496002	245.84303	2.363193
12000000	2025.3	263	3053	50232.57	13.713933	19.844513	290.0596	2.0755239
12016000	2127.14	835	3053	50299.77	11.856915	17.113548	264.62183	1.8458482
12032000	2064.66	962	3052	50367.39	10.245491	12.376746	211.32718	2.0227568
12048000	2036.94	263	3049	50433.46	10.337309	12.656885	160.54533	1.3443909
12064000	2153.56	263	3012	50499.55	10.103717	15.248641	214.60126	1.349616
12080000	1966.02	662	3046	50566.35	9.74436	11.9146385	153.52608	2.11943
12096000	1590.62	258	3048	50632.99	12.329001	19.828903	360.50366	2.1389015
12112000	1806.48	258	3048	50700.84	15.448637	24.288858	362.63013	1.6829023
12128000	1901.6	364	3053	50767.42	14.307028	21.76895	262.2419	2.731882
12144000	1870.5	362	3053	50833.21	15.609316	21.724874	257.83716	2.3836896
12160000	1786.22	257	3049	50900.02	15.954197	19.792837	173.8946	2.0501657
12176000	1783.22	731	3047	50966.84	17.06432	21.143934	310.78375	2.4657142
12192000	2200.84	379	3048	51032.84	15.828547	18.851622	179.91301	3.2427244
12208000	1947.92	263	3048	51099.4	14.365321	20.316525	309.31638	2.9609017
12224000	1867.9	263	3050	51166.74	15.542113	24.75394	264.10867	2.8735328
12240000	1696.92	363	3050	51232.03	16.175035	25.841436	298.62463	2.8705819
12256000	1821.56	379	3023	51298.7	14.9464035	24.191914	298.77292	2.3245478
12272000	1837.9	263	2766	51365.87	17.798708	31.545183	372.34152	2.109105
12288000	1938.76	263	3052	51433.52	19.700167	33.127926	365.48755	1.9502922
12304000	2337.52	798	3052	51500.57	13.635997	18.62098	208.12369	2.2467768
12320000	2282.26	257	3052	51566.9	13.558139	22.69231	301.97375	2.0783563
12336000	2173.0	257	3052	51633.04	12.721769	17.415764	154.14436	1.495848
12352000	2060.94	257	3052	51700.16	13.895711	23.667734	310.33972	1.6991575
12368000	2021.26	263	3051	51767.78	11.641937	18.517027	247.3622	2.0031986
12384000	2222.7	715	3051	51833.83	9.75432	13.665953	153.75357	1.5209523
12400000	2228.46	257	3051	51900.95	7.69463	10.256574	187.23177	1.1887406
12416000	2193.04	257	3050	51968.22	9.711062	15.628384	276.86417	1.3381617
12432000	2049.44	257	3046	52034.53	8.234283	11.902226	190.15428	1.4138074
12448000	1969.24	263	2768	52101.57	9.266696	13.676448	225.56665	1.6925986
12464000	1977.6	257	3031	52167.14	12.041946	21.996891	337.39377	1.63644
12480000	2330.2	257	3050	52234.59	11.560389	21.876322	323.45645	1.8276043
12496000	2431.36	732	3052	52301.18	10.723555	16.283262	240.01967	1.9950743
12512000	2103.32	257	3052	52367.57	13.732968	24.508259	281.40732	2.2305684
12528000	1884.7	257	2766	52434.32	13.938178	29.333513	421.29413	1.8620342
12544000	1728.26	263	3051	52503.11	13.713068	27.981491	294.57736	1.8443779
12560000	1828.8	379	2764	52569.67	13.676709	27.08974	274.60165	1.7898301
12576000	2036.58	648	3044	52636.68	13.930977	23.125452	391.45905	2.2067127
12592000	2045.06	257	3044	52703.66	15.775251	27.243471	344.9718	1.9605623
12608000	2102.84	257	2939	52769.78	14.012486	25.653318	314.02933	1.4538362
12624000	1853.96	257	3030	52836.85	15.2586355	27.279366	562.2244	2.5383744
12640000	2017.02	441	2822	52903.75	20.197351	32.9265	479.4289	2.9949355
12656000	2107.98	555	3051	52969.18	20.777718	30.72378	350.6675	2.627105
12672000	2038.0	257	3051	53035.93	16.816343	24.957306	407.0901	2.6356742
12688000	1945.62	552	3044	53102.64	15.603135	18.6823	201.8211	3.021159
12704000	1835.04	378	2762	53169.54	19.146458	27.894932	297.36664	2.6124141
12720000	1835.54	386	2760	53236.65	17.083485	23.321865	310.26456	2.914856
12736000	1683.98	257	2759	53304.48	18.163708	25.640388	292.3064	2.728807
12752000	1693.04	257	3050	53371.42	16.53275	23.203585	300.90234	2.4589057
12768000	2026.46	257	3050	53439.49	15.519026	21.443144	281.85727	2.4972827
12784000	2007.98	257	2827	53506.68	15.843298	23.417875	282.04263	2.4232035
12800000	1893.54	257	2952	53574.04	15.319323	19.82769	243.50613	2.3917918
12816000	1930.04	373	3045	53640.35	14.325744	18.484549	246.98314	2.037056
12832000	1507.38	455	2765	53708.16	14.735981	22.98585	379.32425	1.976484
12848000	1690.54	257	2765	53775.21	18.474373	28.999647	422.83002	2.6453393
12864000	2025.52	263	2941	53841.29	17.427004	24.646404	333.55783	1.4678085
12880000	2171.8	789	3048	53907.73	18.434187	24.606634	218.41959	2.7268858
12896000	2203.88	750	3048	53973.14	15.102032	20.45266	375.05988	2.424423
12912000	2132.68	263	3053	54039.24	13.310237	18.95447	312.5391	1.9394965
12928000	2152.74	263	3053	54107.27	14.316096	22.124899	394.53586	2.0936935
12944000	2194.34	555	3052	54174.33	12.141427	18.01661	348.0693	1.745292
12960000	2168.82	389	3053	54241.54	9.39926	15.151519	251.34116	1.1826808
12976000	2084.62	378	3053	54307.94	9.606611	13.128925	196.49884	1.2342259
12992000	2040.62	378	3053	54373.71	9.691527	11.808895	179.68845	1.7157403
13008000	2212.46	440	3053	54440.06	8.165266	9.543524	127.53962	1.4267985
13024000	2323.2	441	3053	54507.98	9.782061	17.30688	293.46487	1.5783764
13040000	2288.96	453	3053	54575.09	9.540361	14.043856	209.61543	1.1919222
13056000	2110.56	453	3051	54641.29	8.491419	13.635503	240.76845	1.1086764
13072000	2106.1	452	3043	54707.48	10.226838	16.279423	196.83862	1.6001383
13088000	2221.86	257	3043	54775.14	10.298469	19.52667	428.21503	1.2666932
13104000	1788.56	257	2904	54841.49	12.136372	16.746128	215.67151	1.5578394
13120000	1645.6	257	2764	54908.04	12.739737	19.176914	204.7572	1.2295442
13136000	1967.88	556	3046	54974.75	11.035883	18.610153	329.74118	1.8506732
13152000	1911.8	257	2828	55042.31	11.943981	18.48122	291.5223	1.7393607
13168000	1906.08	257	3050	55109.7	14.753674	27.290558	457.10562	2.0502846
13184000	1830.6	363	3040	55177.14	12.469061	19.398178	328.21262	1.9677693
13200000	1713.5	363	2766	55243.9	14.189204	27.501911	403.4558	2.203452
13216000	2054.12	733	3050	55310.9	14.527727	22.356024	250.23595	2.2143753
13232000	2215.24	441	3050	55377.57	17.66971	26.1236	269.5148	2.4638982
13248000	2108.16	257	2827	55444.87	15.760303	21.378298	308.24994	2.7519484
13264000	2074.5	257	2833	55510.86	13.918626	21.679132	289.28723	2.2465565
13280000	2095.26	257	2833	55576.95	16.324957	27.913471	430.03418	1.6927619
13296000	2190.26	441	2818	55644.67	13.989769	19.122406	220.88103	2.4443622
13312000	1836.26	456	3028	55712.4	15.872178	23.71853	310.28253	2.0287256
13328000	2000.52	240	3049	55779.71	16.135437	24.836136	324.7142	2.715636
13344000	1924.38	363	3051	55846.65	16.004158	21.894897	212.28096	2.3756433
13360000	1626.46	363	2768	55912.99	17.352036	27.737621	283.4458	2.438933
13376000	1765.48	257	2765	55980.74	16.70425	24.202063	308.66357	2.8850574
13392000	1957.14	257	2829	56047.18	17.487028	24.394014	339.58456	2.4849563
13408000	1818.82	257	3050	56113.18	15.476348	20.360231	283.39072	2.0232954
13424000	1887.84	440	3050	56180.47	14.38077	20.589985	247.20215	1.6681557
13440000	1874.3	388	3049	56247.91	14.54546	23.022566	444.4448	1.6710696
13456000	1919.9	388	3049	56314.59	14.06233	17.569735	187.2512	2.070362
13472000	1904.24	436	2763	56381.95	14.757719	20.709904	244.15309	1.7989805
13488000	1741.66	263	3045	56447.83	15.22078	23.555916	263.5017	1.5589058
13504000	1895.48	257	3052	56514.9	16.055784	27.439232	384.89444	2.204268
13520000	2063.98	257	3052	56580.39	15.901863	25.851501	279.46072	2.0727823
13536000	2083.34	257	3047	56647.45	15.527404	27.673223	252.12476	1.7915169
13552000	1929.3	559	2763	56714.98	13.659496	26.441263	461.718	1.8144486
13568000	1819.8	559	2827	56782.26	12.820234	26.111408	386.14313	1.4591091
13584000	1805.46	263	2829	56849.09	12.938436	28.472223	393.4164	1.6194072
13600000	2054.22	263	2764	56915.24	11.952841	17.348007	218.367	1.3967005
13616000	2090.24	453	3026	56981.04	11.060871	19.734932	365.82736	1.4164081
13632000	2096.32	453	2765	57048.35	12.144199	22.701237	362.1535	1.4710602
13648000	2094.6	263	2767	57115.2	9.8806505	12.497857	216.3324	1.2291706
13664000	1961.28	263	2828	57181.11	9.145819	14.364346	221.74396	1.4178147
13680000	2066.3	273	3051	57247.63	10.490764	15.140438	241.59096	1.642033
13696000	1997.92	455	3051	57313.54	11.60324	23.45036	344.70694	1.4989827
13712000	1789.58	363	2791	57379.86	11.897963	24.017227	378.53058	1.4750001
13728000	1733.7	363	2791	57446.47	13.950911	27.577211	387.70563	1.5011735
13744000	1882.48	407	2791	57513.15	14.38438	30.244247	435.02637	2.0656967
13760000	1813.84	556	2770	57580.01	15.974485	30.111471	401.9585	2.49438
13776000	1747.02	385	3050	57646.46	14.053654	22.353275	311.19577	2.2429883
13792000	1763.62	363	3050	57712.6	14.495313	24.00501	281.8804	1.7653475
13808000	1868.04	363	3051	57779.23	14.837197	24.355923	312.24194	1.516547
13824000	2005.6	556	2766	57844.97	15.142297	21.894762	286.36823	2.3270626
13840000	1908.8	361	2764	57911.42	15.174186	22.859018	345.50247	2.2054582
13856000	1951.12	257	2767	57978.02	15.395057	29.00962	531.84436	1.9540277
13872000	2109.6	526	2791	58044.05	14.761918	22.346432	301.67398	2.5528464
13888000	1938.14	381	2791	58112.42	18.021532	32.866417	409.67783	2.6740227
13904000	1906.2	381	3027	58177.41	15.021398	23.275375	298.83218	1.9812436
13920000	1922.0	820	3046	58245.33	16.912516	27.07395	321.30566	2.2764888
13936000	1219.64	263	2763	58311.27	20.3747	33.695896	421.25885	2.5288978
13952000	1514.9	263	3052	58378.17	20.925264	39.473846	391.94223	2.3720207
13968000	1909.98	263	3052	58444.31	20.723063	35.78064	365.9674	2.2949395
13984000	1979.24	363	3050	58510.81	20.501934	34.555534	365.74332	2.1247613
14000000	1882.5	363	3051	58577.16	19.66229	37.067364	364.51605	1.5117433
14016000	2062.56	363	3051	58644.29	18.245726	34.58798	395.26453	1.9943128
14032000	2226.86	553	3025	58710.3	14.818561	28.258114	327.19092	1.3762814
14048000	2191.64	550	2960	58776.66	10.416849	18.03893	229.23312	1.1939125
14064000	2151.34	550	2960	58843.69	8.179704	11.581323	156.29352	1.2511818
14080000	2107.8	388	3037	58909.99	8.195873	16.355473	241.85233	1.1879472
14096000	1865.76	259	2767	58976.43	10.216665	22.870731	361.14505	1.0895927
14112000	1543.56	257	3052	59042.84	13.753822	26.675184	329.50085	1.4863819
14128000	1691.3	257	3052	59109.53	14.144736	26.675955	293.09607	1.4039335
14144000	2145.4	445	3045	59176.33	12.552162	19.080929	198.59993	1.9925756
14160000	2237.46	263	2985	59242.69	11.067139	16.551466	232.50076	1.6862805
14176000	2300.1	263	3052	59310.23	11.798927	17.22787	238.15334	1.8379502
14192000	2188.46	259	3017	59376.99	12.030648	23.510216	487.4173	1.6340516
14208000	2178.26	259	3032	59443.73	11.267047	16.966198	200.22623	1.808464
14224000	2293.08	441	3052	59511.96	13.269435	18.011242	194.41713	2.7944887
14240000	2380.2	730	3051	59577.78	12.050124	18.457361	378.30716	1.7605793
14256000	2240.08	240	3051	59644.41	13.064902	16.4041	209.38736	2.483315
14272000	2082.58	257	3044	59711.33	14.24346	17.04378	221.69952	2.6115625
14288000	1871.92	240	3051	59778.05	15.318143	21.706081	306.4755	2.8642936
14304000	1935.82	240	3051	59843.56	15.15194	18.883963	167.12903	2.616294
14320000	2077.8	257	3051	59909.41	15.512107	18.34506	201.1767	1.9944513
14336000	1863.72	257	3051	59977.48	15.921968	21.99268	258.90524	2.1613173
14352000	1853.66	257	2769	60045.26	14.171108	17.658993	237.30026	2.536574
14368000	1992.7	257	3049	60112.49	13.594695	16.988443	182.59163	1.9439808
14384000	2151.96	259	3051	60179.29	12.357366	15.9770155	210.33832	1.6030645
14400000	2130.94	259	3051	60244.69	12.621105	16.53517	272.6143	1.8826108
14416000	2089.04	259	3051	60311.95	13.122258	24.221476	322.31726	1.3868595
14432000	2037.18	263	3052	60379.72	12.5537405	16.427767	245.4161	1.914217
14448000	2037.16	263	3052	60446.73	12.664071	19.893991	233.10568	1.8797508
14464000	1877.24	384	3046	60514.28	12.882529	19.984577	290.7428	2.1594024
14480000	1835.58	263	3046	60582.39	14.337913	21.458378	322.8157	1.5829904
14496000	1845.9	257	3046	60649.13	15.890681	21.299885	249.82086	2.4496965
14512000	1668.16	257	3044	60715.18	18.526838	29.433489	328.76593	2.4279644
14528000	1847.18	256	3052	60781.24	18.54316	31.604197	386.26663	2.427598
14544000	1623.54	256	2920	60847.43	16.66116	25.18155	295.5506	1.9615693
14560000	1780.42	263	3043	60913.99	17.178677	26.255344	264.75424	2.233162
14576000	2111.04	240	3052	60980.92	15.764082	22.265205	192.56883	1.7390517
14592000	2190.96	240	3052	61047.68	15.339462	24.175282	287.68335	1.7307943
14608000	2228.96	378	3038	61113.83	12.538897	16.855827	211.53323	1.7729926
14624000	2142.04	378	3053	61179.99	11.787227	16.126852	200.53062	1.2294924
14640000	2247.8	378	3053	61247.75	11.201461	17.431278	297.64673	1.6179948
14656000	2279.96	556	3053	61313.99	10.085914	16.010496	293.9594	1.5311805
14672000	2254.94	381	3051	61381.62	11.273414	22.58147	319.08115	1.5185239
14688000	2240.44	381	3051	61447.78	11.188111	23.913452	409.72977	1.7490995
14704000	2315.66	649	3051	61513.66	7.8122163	11.08427	167.87206	1.2917631
14720000	2045.8	379	3051	61580.38	10.859276	20.840015	264.1345	1.7102704
14736000	1878.04	558	3051	61647.42	13.746725	25.277742	307.91727	1.4437306
14752000	2007.14	379	3048	61713.37	12.523754	23.432981	302.44342	1.4717883
14768000	2049.28	379	3035	61780.37	11.452918	20.137608	299.44382	1.6905382
14784000	2223.48	257	3051	61846.38	12.057424	27.535807	367.67972	1.4321648
14800000	2076.58	240	3051	61911.88	13.56635	24.132864	307.38037	2.1376748
14816000	2041.34	449	3050	61979.11	14.096573	26.969719	381.35876	1.6057887
14832000	2007.9	453	3050	62046.42	11.552848	19.006945	309.2053	1.3325938
14848000	2113.96	552	3053	62112.56	12.772405	23.748781	264.49973	2.122035
14864000	2078.44	456	3053	62178.5	11.156764	18.266045	239.29369	1.6210707
14880000	1915.04	384	3053	62244.97	11.226467	16.132526	201.36092	1.7229596
14896000	1812.7	263	3053	62312.18	11.2555685	14.771046	166.44397	1.021213
14912000	1647.02	263	3051	62377.91	10.91718	14.373488	163.18633	1.0103796
14928000	1808.98	263	3051	62443.34	12.28148	24.19971	326.44327	1.3597487
14944000	1995.38	362	3022	62510.03	12.379437	21.617636	224.73358	1.1267238
14960000	2142.1	453	2849	62575.74	12.626286	20.235054	243.1698	1.631963
14976000	1949.38	363	3050	62641.24	14.736654	20.147734	248.03592	1.9043894
14992000	2100.06	363	3050	62707.32	19.273596	35.813736	581.58435	2.0662007
15008000	2265.08	555	2827	62773.19	14.292033	24.943356	312.121	2.5368237
15024000	2238.12	257	3010	62840.46	13.1346445	16.336164	209.40652	2.3444252
15040000	2074.44	257	3053	62907.04	14.485903	21.90502	343.66898	1.632463
15056000	1977.24	257	3053	62975.45	14.180078	19.803608	257.90994	2.610388
15072000	2058.68	259	3050	63041.35	12.123873	14.162052	192.4823	2.1642222
15088000	1919.92	263	3052	63108.4	12.70502	24.960108	391.13095	1.9352255
15104000	2011.74	240	3052	63173.74	12.046605	19.748167	345.5706	1.7306896
15120000	2130.54	240	3052	63239.88	15.664864	24.605587	353.9474	1.9721051
15136000	2033.44	263	3051	63306.02	15.439739	23.346294	346.73398	2.0939245
15152000	2158.4	455	3053	63372.52	16.495546	29.014324	356.1065	2.1293268
15168000	2067.82	257	3053	63439.28	14.950311	26.405037	455.81516	1.9442477
15184000	2170.28	257	3050	63504.98	14.115338	23.36485	283.32446	1.8489895
15200000	2197.12	241	3050	63571.29	13.085164	19.749285	410.07132	1.7769762
15216000	1766.16	263	3046	63637.93	15.566469	27.57233	394.48285	2.0936484
15232000	1918.62	545	3045	63704.26	16.264275	25.206078	267.98495	2.8700628
15248000	1971.9	545	3046	63770.1	15.064187	20.713448	247.04608	2.1420412
15264000	2094.82	552	3050	63837.04	17.381716	21.148375	223.62395	3.1318865
15280000	1912.94	384	3052	63904.18	15.420678	16.125591	166.1454	2.9343352
15296000	1980.72	263	3052	63969.52	15.7931385	23.063236	306.69363	2.3419375
15312000	2205.2	263	3051	64035.86	13.8334255	18.228365	244.55043	1.9291322
15328000	2177.82	555	3051	64101.47	11.379799	13.31318	161.22409	1.986105
15344000	2352.62	359	3046	64166.67	12.32075	19.424028	364.19815	2.4283519
15360000	2254.66	259	3041	64233.71	13.49499	21.172174	317.8098	1.7625101
15376000	1927.12	259	3041	64299.68	11.408658	20.353966	381.65738	1.9664161
15392000	1977.14	259	3033	64366.09	11.012297	17.015	246.15158	1.594279
15408000	2092.64	359	2771	64433.63	11.580221	19.026808	294.18982	1.7668902
15424000	2124.3	359	3031	64499.62	15.627342	25.859947	323.71796	2.389835
15440000	2191.14	437	2768	64567.37	14.424313	23.801321	340.7463	2.4483352
15456000	2238.16	358	3045	64634.1	15.012663	23.66459	351.0987	2.96268
15472000	2034.8	358	3052	64699.68	18.328222	39.246998	622.5432	2.0761895
15488000	2143.88	452	2776	64765.84	15.458924	24.740513	349.3677	2.1208608
15504000	2167.04	430	3046	64832.55	16.293343	24.160307	332.30176	2.0280087
15520000	2036.56	363	3046	64898.74	14.977406	24.889177	367.19135	2.624422
15536000	2015.88	257	2832	64965.26	16.013294	28.036083	373.0065	1.8787401
15552000	1817.9	263	2832	65031.36	16.711359	32.34501	434.7629	2.3883553
15568000	1798.84	434	2830	65098.41	15.363648	22.929949	318.8025	2.5695603
15584000	1860.42	367	3029	65166.18	19.662067	33.001427	406.8628	1.1335589
15600000	1875.82	359	3043	65232.86	19.54762	29.218943	384.4315	2.6669888
15616000	1864.44	357	2861	65299.13	23.888563	35.95457	393.22543	3.161936
15632000	1905.94	359	3045	65364.21	26.897068	42.76263	628.1534	2.4865866
15648000	1914.9	263	3045	65430.7	22.38313	28.277737	386.06015	3.8072112
15664000	2188.56	240	3026	65497.6	19.13055	26.248123	318.19217	1.6443405
15680000	2300.78	240	3042	65564.6	16.52903	24.760649	304.74283	2.3417335
15696000	2263.54	555	3042	65630.61	15.556815	24.31412	330.17923	2.4567165
15712000	2071.8	594	3043	65697.5	14.817955	24.933605	314.68927	2.1688414
15728000	2005.9	367	3047	65764.93	13.358159	20.989824	257.58987	2.1300707
15744000	2247.4	358	3052	65832.18	12.210154	19.892591	324.6101	1.82389
15760000	1864.28	240	3052	65899.32	13.477669	25.162703	347.31088	2.4433012
15776000	2011.96	240	3048	65965.36	12.457894	16.857603	196.61212	2.307924
15792000	2192.52	259	3050	66031.05	12.264222	17.572924	286.5611	1.4082992
15808000	2366.24	546	3050	66097.7	13.4434	23.531893	455.9673	2.472508
15824000	2320.7	546	3053	66164.69	13.772051	23.055481	311.18704	1.6626221
15840000	2300.24	630	3050	66231.49	13.325209	19.2153	256.9035	1.7666341
15856000	1861.54	258	3047	66298.18	13.709978	18.262007	197.22604	2.116146
15872000	1949.94	258	3050	66364.54	13.92822	17.778652	194.54642	2.2095585
15888000	2100.9	444	3050	66431.74	13.962252	19.51884	240.05876	2.0545297
15904000	1923.16	257	3053	66498.13	15.775654	24.231249	487.35202	2.6504285
15920000	1952.16	257	3048	66565.04	15.736639	18.165972	205.78178	3.0149715
15936000	2225.82	384	3048	66631.79	14.385825	17.626612	185.53876	2.4601579
15952000	1981.82	384	3052	66698.88	13.234547	17.790405	235.68652	2.065044
15968000	2051.2	555	3051	66765.82	15.259211	20.563662	228.4684	2.0956469
15984000	2123.56	555	3049	66832.26	13.089969	18.354221	216.76471	1.966003
16000000	2081.22	546	3047	66898.01	13.258847	21.416147	230.48814	2.157915
16016000	1998.22	546	3047	66965.59	13.208138	21.195913	232.09996	1.7528256
16032000	2125.7	745	3019	67031.67	11.331394	17.386381	226.20659	1.762166
16048000	1781.3	358	3043	67098.72	11.790582	15.185417	186.3464	1.5828893
16064000	1775.94	358	3043	67166.11	12.295705	17.972157	263.984	1.4057904
16080000	1882.24	358	3049	67231.93	14.101432	20.606075	286.26224	1.3971756
16096000	2034.56	358	3049	67298.71	13.067733	22.03423	319.58392	2.0587223
16112000	1936.36	257	3050	67365.59	13.382991	19.421808	296.53503	1.8260851
16128000	1693.58	257	3050	67432.54	15.778352	23.526623	245.91647	2.144909
16144000	1862.26	263	2766	67498.93	14.359098	17.516027	196.64792	1.9595872
16160000	1977.48	263	2766	67565.57	14.895287	20.948223	315.24927	1.6897693
16176000	2014.86	263	3017	67633.12	13.018894	16.589329	203.00146	2.0286481
16192000	2090.2	447	3017	67699.58	14.134582	21.885607	396.3451	1.8096337
16208000	2010.5	452	3052	67766.23	12.664404	16.873602	265.05396	1.469388
16224000	1897.14	441	3045	67832.51	14.169742	21.394714	217.08138	2.2554197
16240000	1809.0	367	3045	67900.55	14.059272	21.745806	260.62207	1.8628584
16256000	1792.7	367	2651	67966.84	11.309339	13.457175	133.70818	0.95799494
16272000	1887.84	640	3051	68033.26	11.9215555	15.511915	163.7738	1.6780043
16288000	1792.98	554	3051	68100.67	13.974422	23.601357	474.2753	1.5894163
16304000	1880.58	554	3045	68167.46	14.572918	23.55157	244.66205	1.9802122
16320000	2128.94	606	3038	68233.11	13.5076885	19.6095	295.05286	1.7185627
16336000	2092.36	453	3051	68299.64	15.900125	23.730246	324.30176	1.7166872
16352000	2139.94	441	3052	68365.83	16.04424	25.338488	377.52066	1.8024834
16368000	2219.74	257	3052	68432.81	17.865234	28.48219	364.12433	2.4705951
16384000	2038.96	363	3046	68499.94	17.898745	25.16021	354.3412	2.6826398
16400000	1993.76	363	3046	68566.56	14.738532	22.449205	263.92743	2.2426624
16416000	1985.4	363	3047	68634.62	13.739416	19.283413	237.44154	1.8624706
16432000	1819.92	554	3047	68701.35	13.80292	18.618889	237.51094	2.1876569
16448000	1833.0	257	3047	68768.99	13.077238	17.259373	203.18387	1.9721181
16464000	1821.74	257	3052	68835.46	15.522055	27.613224	519.29333	2.0528874
16480000	1937.6	546	3043	68901.58	14.420287	23.231432	347.20718	1.8916724
16496000	2087.66	556	3045	68967.89	13.033291	21.247116	313.5296	1.5721304
16512000	2136.3	555	3049	69035.24	11.313184	16.009827	126.447426	1.0881133
16528000	2092.42	362	3035	69101.89	12.405919	17.505201	219.64331	1.3481116
16544000	1982.06	820	2777	69168.14	10.75878	17.199493	193.32986	1.1176524
16560000	1818.1	257	3045	69233.6	12.206087	18.606806	193.57529	1.4061543
16576000	2003.14	257	3046	69299.85	12.207102	17.324726	171.89258	1.5202749
16592000	1836.16	257	3038	69367.26	11.726451	15.20138	184.70145	1.7171949
16608000	1727.12	257	3052	69433.88	11.919459	18.002121	206.55614	1.1141158
16624000	2000.74	357	3052	69499.52	12.224648	19.640718	335.51956	1.4575948
16640000	2100.46	357	3052	69567.18	11.488395	19.036423	244.89825	1.2343334
16656000	2146.16	441	3041	69633.31	9.275283	13.166594	154.79398	1.1291338
16672000	2006.2	366	3019	69700.26	9.51211	16.725529	328.4849	1.2269986
16688000	2054.24	257	3053	69765.94	8.716636	12.127853	186.8425	1.454355
16704000	1891.4	257	3052	69833.75	10.237342	15.648456	260.9397	1.3583541
16720000	2058.88	257	3053	69900.51	11.208442	14.317741	160.39076	1.8095322
16736000	1962.8	257	3052	69966.24	13.405585	19.62951	285.0145	1.8707142
16752000	2161.54	257	3052	70031.84	14.657024	23.184458	310.67557	2.1151133
16768000	2124.62	257	3052	70099.54	11.518197	16.135544	205.06813	1.6401552
16784000	2053.32	240	3049	70165.76	12.480244	18.05822	269.2413	2.1471615
16800000	1787.2	240	2766	70232.16	13.031837	21.348253	309.73895	1.9059067
16816000	1765.42	257	3031	70298.99	12.96571	19.041002	264.14972	2.2039661
16832000	1894.46	441	3040	70365.25	12.217532	16.429867	210.66391	1.9150047
16848000	2212.82	534	3040	70431.11	13.414324	17.8613	177.92159	1.5532503
16864000	1776.4	257	3044	70496.56	16.873127	23.654211	240.60149	1.779293
16880000	1756.94	257	3044	70562.69	18.563927	28.042591	292.59418	2.607254
16896000	2015.28	257	3044	70628.87	17.639961	20.786272	223.50938	2.2977526
16912000	2223.06	400	3043	70695.99	15.176388	18.959858	223.76614	1.8109503
16928000	2116.5	367	2925	70761.6	12.467283	14.673986	180.90523	2.1201413
16944000	2054.88	356	3043	70827.76	13.468106	18.302301	193.79573	1.7289755
16960000	1852.5	257	3051	70895.07	14.162608	17.198597	196.33795	2.6081085
16976000	1446.68	358	3051	70961.05	16.168568	20.095495	291.99368	2.3119648
16992000	1776.56	441	2766	71027.22	16.016674	25.875988	284.974	2.6665463
17008000	2201.38	257	3047	71092.72	16.340664	26.015596	251.84496	2.5346758
17024000	2109.56	257	2998	71157.62	14.751269	22.089037	225.63023	1.7661965
17040000	2062.6	358	3052	71222.42	16.40705	22.743351	190.79973	2.7605553
17056000	2152.48	555	3027	71288.41	16.667273	23.837992	230.78583	1.990006
17072000	2118.52	555	3027	71353.38	13.84705	19.258787	217.39139	1.7004284
17088000	1915.46	550	2990	71418.15	10.320283	12.34421	131.2834	1.8538072
17104000	1856.2	367	2765	71483.18	10.71351	14.812236	200.11105	1.33053
17120000	1874.18	257	3035	71548.71	11.960872	16.330135	272.55264	1.8600564
17136000	1974.2	257	3041	71613.74	13.174153	18.82286	254.60022	1.9246604
17152000	1637.76	363	2757	71679.33	13.967996	21.970778	252.17496	1.5551987
17168000	1799.46	379	2812	71744.8	14.133287	22.528944	310.7574	1.8407559
17184000	1926.32	555	2812	71811.61	15.364815	20.304266	271.31122	2.4407227
17200000	2096.52	656	2764	71876.48	16.063253	22.912502	288.39252	2.5643148
17216000	1993.76	357	2762	71941.65	16.024967	21.830282	305.6491	2.5300522
17232000	2081.32	441	3035	72005.27	18.155466	22.34547	268.15436	2.7706895
17248000	2293.1	441	3035	72070.62	14.953449	18.195755	214.44347	2.355906
17264000	2193.3	358	2768	72136.83	13.664668	15.0142765	184.6989	2.6655045
17280000	2189.98	358	3044	72201.18	14.248704	20.676516	364.7636	2.8651457
17296000	2047.0	257	3044	72265.87	12.686494	18.75329	268.28552	2.5088782
17312000	2010.16	257	3049	72331.42	11.43497	13.241254	216.42381	2.0939941
17328000	1683.78	359	2924	72396.56	12.146678	18.671185	260.6314	2.1821895
17344000	1597.56	363	3049	72462.27	15.651859	24.203312	287.16635	2.6279325
17360000	1780.28	358	3049	72527.49	15.778812	22.934523	260.33884	1.6410985
17376000	1673.82	358	3049	72592.9	16.728832	23.044268	281.22675	2.5516038
17392000	1741.9	358	2765	72657.29	20.337847	29.588318	414.52673	3.2838748
17408000	2029.82	385	2765	72722.95	20.58389	26.807362	226.69275	2.829491
17424000	2194.18	385	3043	72789.28	18.096977	23.385262	267.27652	2.7785687
17440000	2308.04	752	3051	72855.5	15.69523	19.349611	177.52675	1.9637495
17456000	1788.28	257	3047	72920.98	14.658046	19.436186	259.03375	1.954528
17472000	1880.7	240	3046	72985.82	14.782227	27.437757	615.09204	2.1831899
17488000	1957.22	240	3039	73050.85	15.381979	25.053627	394.82828	2.327423
17504000	2188.02	363	2767	73115.39	13.75456	19.366943	224.45183	1.7368021
17520000	2099.44	388	3033	73181.53	16.344318	28.748478	371.63892	2.3861144
17536000	1905.4	552	3029	73246.81	18.31093	30.018738	379.636	2.5107803
17552000	1849.58	552	2767	73314.1	16.54837	22.69464	225.75911	1.8212298
17568000	2010.1	535	2996	73378.71	15.772349	23.548082	315.28802	2.0807133
17584000	2091.08	535	2996	73443.59	13.234929	23.181036	283.90002	2.0467534
17600000	1791.96	554	2764	73508.38	14.35383	25.249832	312.64822	1.6214602
17616000	1841.16	645	3048	73573.58	14.301953	24.333637	242.78828	1.9816432
17632000	2038.22	408	3048	73639.82	12.344757	22.19422	265.69028	1.9450328
17648000	2238.32	408	3053	73707.87	11.896941	23.758015	255.38863	1.5663636
17664000	2313.7	257	3053	73774.18	12.263785	23.361652	251.54225	1.5827575
17680000	2134.96	257	3048	73840.93	12.064064	23.834478	250.25952	1.8444705
17696000	1947.52	257	3035	73909.19	13.668766	28.774656	320.13403	1.43623
17712000	1890.5	367	3051	73979.33	10.90718	18.949472	295.51633	1.4341991
17728000	2095.72	369	3051	74046.79	11.65876	20.01151	243.21803	1.4728104
17744000	2330.22	369	3047	74115.46	12.861985	23.091898	349.32098	1.7838827
17760000	1901.5	241	3027	74181.61	13.486519	24.663338	361.0452	1.7117021
17776000	1750.24	257	3048	74247.42	14.024883	24.645	396.76605	1.9610298
17792000	1962.34	257	3051	74314.98	13.496722	18.360264	242.95784	1.7222247
17808000	2172.78	648	3051	74382.51	12.485926	19.174248	282.77975	1.8626587
17824000	2108.22	441	3039	74449.16	12.3801155	21.508389	313.00766	2.0336952
17840000	2095.7	441	3050	74517.27	11.882143	18.873167	220.13683	1.8948724
17856000	2198.54	378	3051	74584.74	10.688591	16.075224	224.95299	1.2711878
17872000	2175.8	240	3051	74651.55	9.954518	18.092289	217.27039	1.4666886
17888000	2123.26	240	3052	74724.77	7.622726	13.109443	168.66072	1.3077699
17904000	2150.58	240	3052	74789.22	8.36913	14.305537	224.18236	1.2067311
17920000	2084.66	555	3052	74857.0	9.741092	19.365755	262.61066	1.3147159
17936000	2081.38	638	3050	74925.3	9.926442	21.081316	255.4907	1.2387142
17952000	2017.62	555	3053	74995.04	7.9871516	15.866901	229.82532	1.058886
17968000	2002.7	257	3053	75063.46	8.708817	16.079863	215.3074	0.9273812
17984000	2193.5	449	3051	75132.54	10.171761	17.10762	220.24442	1.4002452
18000000	2129.36	364	3050	75206.57	11.397503	24.28565	308.2597	1.4720099
18016000	2155.0	364	3050	75280.11	11.243151	23.45361	311.1029	1.2384719
18032000	2318.22	957	3047	75354.99	11.063506	23.469917	383.9192	1.6270161
18048000	2145.84	555	2976	75429.27	9.915744	20.584818	229.83327	1.6468501
18064000	1787.16	257	3032	75499.29	12.774233	26.53303	277.76065	1.549443
18080000	1769.36	365	2858	75567.97	14.357856	33.07452	428.08218	1.346162
18096000	2007.94	240	3048	75636.17	15.314596	32.881336	409.94586	1.3070142
18112000	2050.22	257	3052	75704.96	14.685688	28.952585	308.37494	1.575719
18128000	2306.42	257	3052	75772.47	12.989303	22.670788	257.00662	1.6855013
18144000	2452.22	965	3052	75841.07	11.939629	21.144844	301.8637	1.8874607
18160000	2251.44	721	3052	75910.37	13.320273	24.57327	323.45428	1.9728116
18176000	2337.04	721	3052	75979.28	11.997428	22.190262	278.68356	1.7136327
18192000	2366.08	371	3053	76049.19	8.435487	12.647747	171.90013	1.4584849
18208000	2239.46	371	3053	76117.66	8.224355	15.099157	237.21231	1.018069
18224000	2107.64	257	3051	76188.62	8.790123	19.09188	320.20392	0.94625854
18240000	2094.84	257	3051	76258.88	9.655648	20.031765	244.27538	1.0490401
18256000	1769.2	257	3034	76328.38	8.56914	15.435689	251.09566	1.0333138
18272000	1356.24	379	3053	76396.28	14.592537	25.45567	307.58496	1.5655314
18288000	1749.6	379	3053	76464.99	17.131779	24.562784	243.5795	1.9396853
18304000	1787.9	379	2930	76533.54	17.155825	28.108353	308.14178	2.2518244
18320000	1902.74	645	3047	76602.05	17.746395	26.310661	361.43613	2.3568974
18336000	2102.78	817	3047	76670.09	16.8989	21.589787	320.6812	2.791402
18352000	1953.98	358	2827	76739.21	17.599762	22.332207	228.18295	2.7019095
18368000	1989.46	555	3050	76807.75	15.668717	23.711243	324.48178	2.1889796
18384000	2101.08	555	3050	76876.66	12.794029	18.042238	254.50476	1.8231938
18400000	1985.48	257	3051	76943.61	13.481769	19.915524	264.14316	1.9727148
18416000	1777.78	257	2768	77012.12	14.535545	18.024446	256.43655	2.0916257
18432000	1694.2	367	3051	77082.39	15.60358	20.121635	244.56664	2.0858266
18448000	1942.72	555	3049	77150.05	14.931521	21.108503	337.9526	2.3679667
18464000	1989.46	257	3051	77217.02	15.218279	20.674078	324.0084	2.551437
18480000	2077.5	640	3048	77283.62	15.420527	21.77801	261.04065	2.3103924
18496000	1748.18	555	2858	77349.7	17.356813	23.90568	265.4785	2.6797965
18512000	1858.94	555	2858	77415.98	17.830343	26.791595	370.91245	2.8623538
18528000	2284.92	554	3052	77482.86	16.176952	25.152565	331.50452	2.365112
18544000	2192.46	449	3043	77548.18	13.156425	18.707865	271.10678	2.3752766
18560000	2125.38	555	3050	77615.03	13.0064745	20.034414	331.63098	2.091027
18576000	1953.22	555	3051	77680.23	12.50056	15.53986	226.79332	2.346987
18592000	1974.34	556	3030	77745.59	13.193692	18.409527	183.84186	2.1319528
18608000	2156.3	257	3046	77812.22	10.976158	14.19898	206.4104	1.356953
18624000	1997.06	445	3052	77877.36	11.746488	16.3059	210.48225	1.8146427
18640000	1829.08	257	3051	77943.07	11.864688	18.313688	279.78265	1.7649417
18656000	1899.22	257	3054	78009.06	13.027336	18.369938	208.86795	2.535475
18672000	1945.6	400	3043	78075.03	14.510355	24.03908	327.978	2.4786038
18688000	1822.8	257	2767	78140.22	16.521896	24.797522	228.66092	2.6408343
18704000	1675.86	257	3042	78206.45	17.55852	26.440336	362.55615	2.010431
18720000	1982.4	257	3042	78272.55	16.427462	27.03238	362.88303	2.4726453
18736000	2127.86	819	3043	78337.58	13.617326	21.954151	312.88065	2.31399
18752000	2128.38	640	2763	78402.34	14.557718	23.248043	268.08685	1.8734758
18768000	2192.88	555	3051	78468.17	13.724886	24.271484	307.98795	1.8128369
18784000	2068.62	555	3020	78534.98	12.506812	20.170681	212.38765	1.6282296
18800000	2219.08	441	3051	78600.49	9.724434	13.015056	225.42197	1.5033318
18816000	2156.94	257	3051	78665.66	9.198487	13.262452	208.82678	1.375082
18832000	2081.1	379	3050	78730.7	9.016308	11.943534	147.21243	1.4134859
18848000	2022.86	257	3050	78796.49	11.397164	16.866747	191.93861	1.5469825
18864000	1823.36	257	2767	78861.85	10.06025	14.015432	218.40004	1.9084371
18880000	2084.18	555	3039	78927.56	9.975903	14.498961	185.3328	1.4499578
18896000	2018.28	640	3038	78993.77	9.328761	12.17863	188.77008	1.4730961
18912000	1948.62	391	3029	79059.58	11.35491	21.553713	314.47357	1.7842857
18928000	1972.24	257	3051	79125.09	11.698449	17.833448	185.12422	2.0042233
18944000	2132.56	257	3050	79191.06	9.602464	11.939905	156.25212	1.6227238
18960000	2165.66	240	3050	79256.21	9.642643	12.507404	177.56616	1.5752723
18976000	2076.16	441	3050	79322.17	10.400156	18.051477	286.10068	1.7384126
18992000	1950.4	554	3048	79387.62	9.8427305	14.56108	228.71672	1.4771355
19008000	2023.54	644	3009	79453.83	10.701626	19.763502	248.01837	1.401761
19024000	1921.86	257	3036	79519.88	12.195373	25.059336	382.6263	1.9426718
19040000	1910.54	257	2829	79585.44	10.572457	18.59718	303.623	1.5503967
19056000	2071.36	554	3045	79650.48	9.269134	14.388409	208.50124	1.4847586
19072000	1502.24	257	2763	79717.04	11.849926	22.907133	332.1396	1.6500776
19088000	1703.46	363	2829	79782.26	14.443447	23.369001	256.63464	1.7914536
19104000	1791.12	363	3037	79847.73	15.585681	26.30771	317.9513	1.8222576
19120000	1888.68	257	3037	79914.0	14.264354	19.310102	188.65173	1.602539
19136000	1841.58	257	3046	79979.62	15.625882	20.905819	179.39958	2.1894178
19152000	1595.18	257	3052	80045.72	13.92212	16.341106	163.89352	1.428848
19168000	1832.82	457	3004	80111.17	14.156197	17.925087	178.94269	1.7099981
19184000	1938.78	572	3045	80177.33	12.429	15.497262	138.70146	1.4898679
19200000	1951.7	572	3035	80242.56	11.755915	16.785612	257.08066	1.6619093
19216000	1858.48	555	3049	80308.58	9.611211	10.858389	107.997795	1.4266875
19232000	2061.0	257	3050	80373.12	10.176896	12.791429	161.59299	1.3945196
19248000	2095.64	649	3052	80438.7	9.351201	12.34979	162.65157	1.457264
19264000	2047.34	555	3052	80504.08	10.593352	16.099373	162.90031	1.4207284
19280000	2086.2	555	3043	80569.47	8.409434	10.658109	90.43446	0.80155903
19296000	2076.24	555	2999	80636.07	8.225026	12.056997	215.33072	1.0133095
19312000	1932.74	257	3039	80702.02	8.808572	17.268875	328.04874	1.0379095
19328000	2242.8	257	3048	80768.26	7.2062798	11.013856	183.1022	1.0162134
19344000	2332.88	257	3049	80834.39	6.727331	10.128281	128.23326	0.9717574
19360000	2208.52	257	3049	80899.68	7.450874	10.853481	169.27953	0.95875704
19376000	2215.66	386	3040	80965.82	8.436136	13.188476	164.2858	1.0673033
19392000	2041.04	257	3040	81032.2	8.59892	14.381032	221.8624	1.3927488
19408000	1878.96	657	3046	81096.75	11.527045	20.282139	250.83904	1.4451675
19424000	1827.84	710	2999	81162.96	10.741608	18.394156	202.43526	1.1145966
19440000	2073.34	960	3049	81228.16	11.891607	18.667168	183.81917	1.790421
19456000	1972.16	447	3052	81294.68	13.003526	22.982475	290.24078	1.5820638
19472000	1840.78	257	3052	81361.79	13.071406	20.942102	246.65771	1.4456518
19488000	2079.0	257	3042	81427.79	13.358559	21.31814	200.02296	1.7337896
19504000	2043.18	555	3042	81493.74	14.303527	23.82314	267.06067	1.9317409
19520000	1913.94	570	3028	81561.0	12.537232	24.23912	325.3515	1.5521632
19536000	1933.88	367	2831	81626.46	12.741128	19.902023	190.225	1.7237402
19552000	2023.42	367	2996	81691.91	12.617571	21.104612	223.66441	1.4709052
19568000	1967.64	257	2830	81756.68	13.325982	21.67161	209.44926	1.3315167
19584000	2016.22	257	3050	81822.18	13.328108	21.279955	278.7192	1.495217
19600000	2125.96	386	3045	81887.36	11.751258	17.050827	255.08284	1.6439219
19616000	1933.96	257	3051	81951.97	14.299533	26.741877	411.51245	1.7154295
19632000	1840.98	257	3051	82018.59	13.60371	19.984262	198.41734	1.7459624
19648000	1827.2	257	3052	82084.85	15.581164	24.116314	271.97617	1.9806201
19664000	1858.44	257	3052	82149.97	14.811332	23.26909	303.83328	1.8507982
19680000	1748.14	257	3052	82215.77	14.020403	24.077076	343.69843	1.538497
19696000	1848.96	257	3051	82281.88	13.941035	25.633429	282.3962	1.4827863
19712000	2081.36	640	3040	82347.93	16.191454	27.779577	340.61816	1.4903331
19728000	2040.22	257	3052	82413.94	14.228119	26.255774	486.67944	1.4053926
19744000	2085.5	257	3052	82480.34	13.799012	23.359497	206.97522	1.356747
19760000	2103.36	537	3050	82545.31	14.8753395	28.549524	420.23074	1.6463971
19776000	1746.72	257	3038	82610.47	16.101068	28.050364	247.69403	1.5340203
19792000	1677.5	457	2768	82675.95	17.989042	31.298117	303.00702	1.2611315
19808000	1876.48	629	3053	82741.5	17.436592	26.416168	248.75412	1.3322312
19824000	1913.88	650	3038	82808.23	18.50082	32.358067	382.51233	1.3400583
19840000	1841.46	257	3032	82873.41	16.697016	31.288813	293.02457	1.2506249
19856000	2043.54	257	3041	82938.96	17.20295	28.36245	206.45688	1.4429377
19872000	1967.98	257	3040	83005.13	16.442362	29.012606	227.47812	1.1067932
19888000	1785.68	257	3040	83071.21	19.042328	32.27018	446.72372	1.5748458
19904000	2035.06	456	3038	83137.1	16.087526	22.8996	182.621	1.9866383
19920000	2046.12	257	3038	83202.29	17.629595	26.172579	324.0243	1.8166829
19936000	1939.98	257	3049	83269.26	15.862571	22.984901	214.72488	1.667887
19952000	1961.74	257	3052	83335.81	14.603601	23.94639	315.81793	2.1262667
19968000	1926.84	257	3051	83401.43	15.21082	21.268883	238.4343	2.275301
19984000	2070.1	378	3052	83466.32	12.991203	18.623842	208.71529	1.799631
20000000	2118.88	378	3052	83530.55	11.493141	15.98881	173.16388	1.6198792
