TotalEnvInteracts	AverageEpRet	MinEpRet	MaxEpRet	time	Averageloss	Stdloss	Maxloss	Minloss
32000	462.61	111	1190	79.95	0.39966166	0.28081003	2.0838559	0.054983266
64000	481.8	111	1078	161.29	1.5526379	1.0054073	7.5107613	0.28150684
96000	434.17	108	1436	243.42	3.2424943	1.7791146	19.976244	0.71341425
128000	395.29	108	1022	326.09	4.856792	2.8043795	19.991495	0.87941056
160000	360.26	111	1078	410.94	6.7538853	3.720091	26.09085	1.1939163
192000	383.78	108	808	494.66	8.037903	4.552831	33.612648	1.4156663
224000	420.86	113	852	579.1	8.981418	4.896952	31.207205	1.1567757
256000	466.01	111	1219	662.9	8.671625	5.2264504	31.716759	1.1912535
288000	390.23	120	869	747.08	8.413298	5.4985394	42.504425	1.5561912
320000	519.91	120	1078	830.88	7.6604366	4.887957	33.920834	1.3690445
352000	568.53	120	1201	914.59	7.060586	4.7992125	30.861122	1.4576585
384000	547.41	120	1191	998.6	5.708342	4.0079403	35.302265	1.1920865
416000	508.4	120	1203	1082.89	4.7242064	3.7263799	37.552338	0.84411013
448000	598.19	120	1083	1167.98	4.760016	3.5286694	25.414513	0.62957764
480000	552.97	120	881	1252.75	5.0375	3.8398438	38.089256	1.0284308
512000	584.38	120	881	1336.37	4.6207433	3.396107	33.392887	0.7979268
544000	583.09	120	867	1422.19	4.2295966	3.365122	33.2754	0.80198765
576000	602.23	120	1074	1506.76	3.8832324	3.136082	28.435638	0.6104045
608000	544.31	120	963	1591.63	3.7426186	3.305152	37.077324	0.66561496
640000	583.04	120	843	1676.31	3.7485728	3.0675263	27.069067	0.49936032
672000	667.82	120	1217	1760.68	3.9106739	3.1350389	27.58908	0.3939984
704000	618.55	120	1166	1845.34	3.7669065	2.9777527	23.448734	0.5331768
736000	644.56	120	1198	1929.26	3.537627	2.71062	23.5466	0.5587437
768000	642.0	120	883	2013.35	3.566125	2.5766838	22.663113	0.5738765
800000	704.83	322	1214	2097.44	4.044331	3.1352742	26.902697	0.49066466
832000	690.99	133	1011	2181.43	4.128418	3.1794994	25.558872	0.3454879
864000	653.12	120	1082	2266.64	4.138294	3.0986512	23.217976	0.4833471
896000	641.75	120	1211	2350.63	4.1598873	3.3735065	27.6618	0.6481374
928000	648.62	120	1193	2434.13	4.1986194	3.4556177	25.653976	0.57697386
960000	632.58	120	1087	2518.38	4.097614	3.417914	21.64674	0.4475276
992000	672.97	120	1138	2601.79	4.658082	3.9029403	26.189133	0.46440583
1024000	766.51	120	1020	2685.75	4.4666514	3.6515918	26.321247	0.38468957
1056000	757.98	347	1207	2770.27	4.5059357	3.689039	23.658504	0.3503842
1088000	767.61	120	1232	2854.29	3.972805	3.4129834	25.142107	0.42845687
1120000	770.36	120	1229	2937.89	3.922359	3.531145	26.17911	0.41479307
1152000	777.48	372	1083	3024.81	4.153339	3.7204435	26.113422	0.45833293
1184000	787.38	388	1033	3110.99	3.961384	3.7445877	23.783424	0.42100167
1216000	793.87	374	1027	3218.28	4.405074	5.0288496	33.932823	0.3652023
1248000	796.16	120	1035	3302.82	4.0279245	4.4745917	34.92838	0.35985586
1280000	829.12	120	1209	3386.69	3.8529413	4.3888054	37.829113	0.3126585
1312000	769.9	120	1076	3472.5	4.1956115	4.612928	32.645622	0.40804553
1344000	777.47	401	1084	3557.19	4.003353	4.6609116	32.16318	0.29439867
1376000	781.17	381	1207	3641.87	4.2234793	5.534066	40.64672	0.45841092
1408000	783.91	387	1810	3724.42	4.338588	5.3679132	54.937943	0.35066715
1440000	755.33	395	1218	3808.0	3.209145	3.8172948	33.836586	0.29080316
1472000	717.64	120	1436	3891.67	2.8782237	3.5172362	32.661057	0.34870198
1504000	832.45	120	1433	3974.96	2.5114012	3.263306	37.541298	0.29626015
1536000	767.98	386	1188	4057.91	2.0971541	2.4584653	27.480598	0.295237
1568000	787.82	120	1215	4141.93	1.7662454	2.0827239	27.673647	0.2793941
1600000	833.53	120	1781	4226.73	1.9502854	3.2918248	38.955853	0.26075736
1632000	818.14	120	1370	4309.73	2.141082	3.4984434	40.607502	0.34394062
1664000	774.07	120	1185	4392.65	2.3431625	3.0791135	34.51779	0.26994604
1696000	774.22	120	1221	4476.0	2.4845917	2.6433046	26.088894	0.34927288
1728000	825.72	120	1790	4559.01	2.2247698	2.1857781	17.82007	0.18340543
1760000	788.97	-101	1209	4641.9	1.9745264	1.9660773	23.966772	0.25283223
1792000	805.04	120	1604	4726.18	1.9651356	1.6431878	17.938154	0.39886606
1824000	779.18	120	1035	4809.84	2.0556781	2.2480993	35.85998	0.2991947
1856000	846.42	120	1434	4893.04	2.1581519	1.9199804	23.640644	0.393491
1888000	797.77	120	1217	4977.15	2.0994337	1.9554591	18.453716	0.35904852
1920000	808.78	133	1208	5059.79	2.2242632	2.0951097	19.674345	0.36617047
1952000	875.31	120	1799	5142.8	1.985568	1.6913401	15.635629	0.30442855
1984000	815.34	120	1227	5226.41	1.8955164	1.9808881	31.820917	0.27061164
2016000	808.92	120	1225	5310.12	1.7766875	1.751486	23.44268	0.29914162
2048000	794.1	120	1225	5394.85	2.1206186	2.1241205	20.75916	0.30835512
2080000	831.71	194	1208	5480.03	2.0075495	2.0224752	33.05321	0.28034836
2112000	856.49	397	1225	5562.94	2.192801	2.4463983	36.775295	0.32300055
2144000	890.46	120	1828	5645.4	2.0139778	2.2304685	24.648355	0.31203395
2176000	845.1	384	2384	5727.91	1.763586	1.7020831	16.675238	0.31479335
2208000	835.2	120	1221	5810.96	1.7569183	2.1659684	39.33367	0.24796103
2240000	862.25	396	1217	5894.44	1.7968787	1.5965375	11.367138	0.26446456
2272000	836.45	120	1216	5978.36	2.1775098	1.8494093	14.440322	0.21724953
2304000	906.33	120	1220	6062.4	2.137301	2.3140051	41.68294	0.2520127
2336000	877.45	396	1212	6145.34	1.9424983	1.670022	15.57045	0.2848547
2368000	825.07	120	1768	6227.33	1.6130247	1.39988	14.569033	0.25901306
2400000	837.06	120	1469	6310.9	1.6389129	1.5958551	27.423767	0.21262701
2432000	873.08	120	1776	6394.95	1.6674197	2.0895455	43.1835	0.20913139
2464000	787.0	120	1101	6478.63	1.5501541	2.052149	33.451187	0.22053503
2496000	847.01	523	1219	6562.53	1.6452903	2.4655886	53.067253	0.2043699
2528000	826.35	585	1086	6646.44	1.4861487	1.7143502	19.008802	0.17329669
2560000	867.21	120	1216	6730.29	1.6083963	2.9452653	79.10141	0.22641948
2592000	885.43	133	1219	6813.41	1.5981548	1.6816028	26.005697	0.24199915
2624000	846.27	523	1206	6896.23	1.8466867	2.1013238	34.64728	0.23478177
2656000	829.58	133	1728	6979.59	2.0524967	2.2057188	35.70536	0.26298296
2688000	853.06	133	1220	7063.51	2.3806465	2.6696243	37.089516	0.29179442
2720000	834.3	120	1440	7147.76	2.3235195	2.7910442	33.968937	0.37314713
2752000	817.46	120	1212	7230.96	2.429855	2.610179	31.31638	0.35367584
2784000	902.01	120	1805	7314.72	2.5548303	2.742084	32.303684	0.36334312
2816000	849.19	120	1595	7398.48	2.590571	2.973169	46.3913	0.4087994
2848000	829.09	120	1217	7481.64	2.7401826	3.7373712	37.920048	0.2550907
2880000	830.74	680	1088	7564.77	2.6834419	3.521436	30.05625	0.24399939
2912000	830.7	676	1216	7648.43	2.3164244	3.3103688	28.8182	0.31103617
2944000	857.81	120	1236	7731.89	1.9219085	2.4974468	29.985804	0.30355883
2976000	934.38	120	1827	7816.15	1.5897382	1.7687886	19.725384	0.24778242
3008000	900.56	523	1783	7900.54	1.795073	2.2848935	29.43094	0.25807524
3040000	888.77	759	1817	7983.85	2.2120883	2.6257718	44.19706	0.27888924
3072000	831.96	383	1229	8066.13	2.136242	2.4278784	34.840614	0.2885499
3104000	864.98	120	1817	8149.53	2.0773818	1.9952688	23.618437	0.39084917
3136000	851.06	570	1771	8232.86	2.4348438	2.440624	33.392227	0.38956344
3168000	850.5	120	1800	8316.21	2.4625888	2.3268528	24.520618	0.54761475
3200000	885.26	603	1442	8400.52	2.459181	2.3875177	21.94508	0.43121713
3232000	839.19	603	1441	8484.1	2.6831775	3.1659067	36.28836	0.33506793
3264000	887.76	120	1835	8566.93	2.7247286	2.848601	19.402962	0.35036296
3296000	859.77	120	1748	8650.88	2.991649	3.199063	26.063814	0.49056947
3328000	908.67	120	1829	8734.53	3.519076	3.769595	27.447954	0.5493554
3360000	808.43	120	1219	8818.35	3.1510978	3.4392974	32.90795	0.57323456
3392000	840.28	120	1219	8902.12	3.002083	3.7084117	50.99246	0.36952597
3424000	927.38	570	1837	8985.74	3.0145526	4.3393135	57.934444	0.46355122
3456000	828.47	683	1219	9069.47	3.569621	5.661441	54.409306	0.38656986
3488000	802.86	133	1217	9153.12	3.4644413	4.8509126	37.683094	0.39954817
3520000	849.61	588	1218	9237.22	3.8353102	4.9423857	42.197872	0.4638648
3552000	888.73	754	1219	9320.76	3.3043287	3.8669517	30.911034	0.49871522
3584000	931.0	133	1218	9404.16	2.8901494	3.6669998	41.507065	0.4533698
3616000	850.39	120	1460	9487.86	3.1512585	4.0887036	49.60009	0.39079094
3648000	886.56	690	1747	9571.64	3.1802511	3.8169746	35.29126	0.5398557
3680000	806.28	120	1216	9655.87	3.2889519	3.9615843	34.6616	0.4642237
3712000	850.99	396	1221	9739.56	2.6769648	3.1174817	25.198307	0.42815113
3744000	853.5	120	1726	9823.07	2.1944244	2.8672917	46.33286	0.359998
3776000	887.79	120	1834	9906.98	2.2918673	3.0191512	37.08418	0.29685062
3808000	866.06	523	1835	9990.15	1.8641883	1.8894037	27.771214	0.39329782
3840000	936.6	772	1839	10073.86	2.1686964	2.124735	21.515526	0.40890744
3872000	853.54	754	1828	10157.61	2.0777464	1.7835842	17.13726	0.39299494
3904000	897.64	627	1822	10241.33	2.1289747	1.9455384	33.610924	0.45098883
3936000	889.57	120	1839	10325.17	2.3851109	2.5275269	36.77876	0.51800346
3968000	1057.68	120	2175	10409.33	2.6727207	2.7404401	32.06259	0.47599694
4000000	994.4	391	2128	10492.2	3.173688	3.4703171	29.118378	0.48323452
4032000	1021.84	120	1987	10576.01	2.9046974	3.6258628	41.95531	0.51210165
4064000	846.05	576	1839	10659.2	3.36719	5.004823	84.595146	0.6280907
4096000	833.09	120	2163	10743.91	3.6283734	6.0977526	74.745575	0.5025609
4128000	818.44	575	1223	10827.16	3.1681397	6.2262106	83.25023	0.5080461
4160000	796.78	120	1223	10910.98	2.4392688	3.8272026	37.26368	0.28682154
4192000	825.84	777	1831	10994.54	2.7653296	5.935773	71.51357	0.29240668
4224000	878.17	406	1827	11077.19	3.6925814	5.717292	73.49541	0.38584483
4256000	880.38	783	1826	11160.62	3.5322764	4.534068	42.297783	0.49123704
4288000	850.68	120	1707	11244.0	3.16633	3.6876416	30.553457	0.47587487
4320000	847.31	555	1815	11328.1	2.9325087	3.779414	50.62935	0.42821568
4352000	804.99	409	1459	11411.99	2.852557	4.4042425	66.68766	0.48461768
4384000	1095.52	523	1835	11495.16	2.8058603	3.2338543	45.522926	0.51257247
4416000	1062.93	396	1839	11578.75	2.90215	3.2628086	53.463013	0.4253062
4448000	1228.75	120	2420	11662.4	3.375577	4.5099635	52.37061	0.55084586
4480000	1111.85	773	2165	11745.72	3.9602451	5.8977437	63.932365	0.45856315
4512000	1101.01	576	1837	11829.38	4.363167	7.198785	69.47275	0.48318055
4544000	945.83	749	1831	11911.89	5.464498	8.984235	71.329254	0.44527233
4576000	1137.16	774	1842	11995.44	6.3075967	8.871932	86.71829	0.54971826
4608000	1049.95	523	1839	12078.98	7.119267	9.6050415	88.30973	0.9077018
4640000	971.29	582	1840	12162.91	6.7916346	8.488922	61.966187	0.71759266
4672000	966.74	370	1837	12247.63	5.971371	9.452153	86.92442	0.67766106
4704000	1027.8	120	1837	12331.36	5.2799287	8.304699	54.796307	0.53485465
4736000	920.23	120	1832	12415.32	4.2472568	7.5757027	66.35282	0.54288685
4768000	1341.92	382	2188	12499.12	5.005807	9.407418	83.87802	0.59994185
4800000	1183.19	778	2155	12582.68	4.5794487	8.780698	85.40486	0.4563191
4832000	1038.36	589	2022	12666.64	5.383745	9.4869795	88.026665	0.5048293
4864000	1041.52	120	1840	12750.6	5.464836	8.562954	79.91847	0.4813037
4896000	1183.69	120	2006	12834.74	5.504464	8.360349	99.52672	0.39017212
4928000	1262.21	523	2004	12918.21	6.5474277	10.399444	93.00178	0.58733976
4960000	1145.43	120	2014	13002.34	6.7408457	9.538494	79.7921	0.43996412
4992000	1112.75	578	1840	13085.55	7.48008	10.661664	79.47213	0.7283993
5024000	1043.23	120	2022	13169.14	6.635527	9.192939	96.33299	0.64262867
5056000	1144.61	120	2183	13253.29	6.947316	10.164561	93.77412	0.8713498
5088000	1317.75	120	1840	13337.15	6.9800057	10.692662	97.95702	0.6015699
5120000	1240.46	400	2010	13421.4	7.4110813	12.049592	109.76964	0.6414175
5152000	1254.8	400	2163	13505.29	6.9704766	10.349199	100.36682	0.7281762
5184000	1188.66	393	1839	13589.09	6.966024	10.39851	82.31779	0.7435665
5216000	1066.59	120	2135	13672.45	6.841831	10.142237	89.87264	0.9039458
5248000	1277.29	572	2189	13755.17	6.6129885	9.749765	88.130905	0.77183783
5280000	1426.58	577	2399	13839.02	5.8903193	8.979333	89.49273	0.90456384
5312000	1341.0	120	2161	13923.42	5.6568832	8.701994	108.85846	0.62607944
5344000	1333.3	412	2184	14007.53	5.6376104	8.499288	89.796745	0.84172964
5376000	1191.95	120	2418	14090.62	5.7247777	8.431138	92.011215	0.89152646
5408000	1123.74	120	2189	14173.55	6.2217903	11.645065	205.61186	0.9543068
5440000	939.07	120	2152	14256.64	5.7598195	9.064676	168.94182	1.0086938
5472000	1102.83	120	2192	14340.9	6.6461825	9.882371	110.33464	1.1737077
5504000	1142.29	120	2219	14424.5	7.618794	10.287305	86.13219	1.165158
5536000	1449.97	120	2229	14508.99	6.303136	7.5036206	72.06671	1.0568106
5568000	1421.56	382	2257	14592.75	5.363403	6.39611	86.39475	0.69984615
5600000	1394.73	400	2196	14676.49	5.9309187	7.3387213	125.22594	0.78876936
5632000	1389.49	120	2209	14760.14	6.468067	7.3070893	67.03492	1.0597272
5664000	1323.38	120	2417	14843.69	7.631326	8.609268	77.91822	1.180259
5696000	1349.13	383	2209	14927.36	7.1705585	8.065226	77.3421	0.94110084
5728000	1398.58	120	2216	15010.35	6.8286405	7.2420926	70.43614	1.099001
5760000	1347.92	120	2190	15093.04	6.9016414	7.5297785	72.930916	1.1032238
5792000	1521.3	578	2392	15177.1	7.081914	7.996862	98.87143	1.0199087
5824000	1461.16	120	2340	15260.52	6.567764	7.2397156	89.34255	1.0043064
5856000	1198.89	120	2184	15344.29	6.6374564	7.3984427	88.90904	1.1430118
5888000	1600.9	782	2219	15427.0	5.9267197	5.023842	50.71436	0.86318713
5920000	1526.31	120	2225	15510.7	5.425719	6.7981176	96.7064	0.72251916
5952000	1667.4	120	2345	15594.8	4.324443	4.966789	69.6407	0.7310668
5984000	1878.79	588	2418	15678.75	3.3202775	4.0848026	61.27214	0.46152946
6016000	1821.36	588	2410	15761.81	3.184156	4.043146	44.76491	0.44198507
6048000	1691.68	120	2410	15845.26	3.9265	5.413046	73.10811	0.46071512
6080000	1174.13	120	2196	15929.22	5.500014	8.341164	79.09763	0.57598865
6112000	1300.33	120	2416	16013.2	8.152815	13.174179	95.29218	0.41620988
6144000	1322.36	589	2322	16096.45	8.631251	11.425575	90.398834	0.82714343
6176000	1733.04	120	2219	16180.92	7.5542293	11.36664	96.71074	0.76653296
6208000	1869.81	588	2411	16264.34	4.768654	7.002098	72.640015	0.5281532
6240000	1875.83	120	2418	16347.72	4.1748533	8.074796	107.83778	0.59448695
6272000	1452.41	120	2783	16431.91	4.382343	10.416181	105.82698	0.38994795
6304000	1365.57	789	2189	16515.81	6.5368905	13.02694	112.86727	0.63311994
6336000	1519.86	381	2511	16600.34	8.623798	12.781924	86.596985	0.5300437
6368000	1546.61	793	2215	16683.6	7.870791	13.371664	146.32245	0.4402941
6400000	1594.05	412	2713	16767.5	7.8825984	13.681399	115.697876	0.26507425
6432000	1793.89	120	2756	16851.74	6.626802	12.701953	131.52913	0.41340178
6464000	1598.69	120	2409	16935.3	6.3294754	12.598564	98.44463	0.37967986
6496000	1656.42	120	2228	17019.39	5.813022	13.09252	138.19987	0.38409826
6528000	1396.37	120	2417	17102.48	6.418126	13.599485	114.51733	0.37923634
6560000	1619.04	120	2228	17185.52	6.5544224	14.033445	137.22375	0.3384838
6592000	1637.0	765	2411	17269.0	8.0764675	14.804081	106.120636	0.35195577
6624000	1639.94	396	2799	17352.34	7.489801	13.979977	122.20981	0.40223202
6656000	1402.21	463	2764	17434.53	8.457033	14.83748	160.42613	0.31937942
6688000	1497.63	120	2213	17517.62	9.095228	14.713268	108.21737	0.38573283
6720000	1336.57	120	2226	17600.95	8.803181	13.528623	94.90853	0.5269251
6752000	1127.06	696	2219	17683.92	10.391492	14.710396	152.44792	0.50588834
6784000	1147.74	133	2211	17767.57	10.66503	14.80952	102.643364	0.47730628
6816000	888.94	120	2407	17851.24	9.896844	15.200489	122.26642	0.55605024
6848000	1613.36	523	2702	17933.97	8.265622	13.866341	128.07819	0.67655563
6880000	1481.31	120	2732	18017.67	7.972921	13.686704	116.21533	0.66405314
6912000	1730.02	120	2797	18101.19	7.397188	12.452128	107.92239	0.52598995
6944000	1340.67	120	2771	18184.15	8.847141	14.43089	136.987	0.525216
6976000	1165.47	120	2380	18266.84	8.21925	14.036023	165.33072	0.5847993
7008000	1387.63	409	2418	18349.62	8.414792	13.691687	108.04482	0.5879548
7040000	1319.8	578	2794	18434.38	9.332447	14.06161	100.20703	0.7320506
7072000	1248.27	120	2690	18516.58	10.367776	15.432183	108.240204	0.8858242
7104000	1449.15	120	2769	18600.14	9.008563	13.758008	142.5095	0.7844149
7136000	1334.7	748	2787	18684.45	8.614656	13.5416975	131.91191	0.93427217
7168000	1161.41	120	2351	18768.29	8.936303	13.72949	122.781654	0.82748187
7200000	1562.85	120	2345	18851.98	9.839878	12.819731	104.96844	1.0652823
7232000	1613.58	120	2416	18935.54	8.520851	11.742887	112.29859	0.77213347
7264000	1341.06	120	2413	19018.45	7.4423804	10.420217	88.53958	0.628468
7296000	1191.77	587	2314	19101.68	7.293165	10.757084	85.68997	0.7936386
7328000	1450.42	773	2683	19184.76	7.248385	11.283647	134.27725	0.77146804
7360000	1622.67	393	2703	19268.58	6.7000194	10.699436	96.77173	0.56580913
7392000	1358.51	120	2753	19351.76	6.976527	11.606914	124.40532	0.6916125
7424000	1536.32	666	2803	19435.94	6.2172027	8.914357	80.80405	0.66747904
7456000	1319.57	120	2788	19518.41	5.9922667	9.295211	83.71198	0.65493345
7488000	1441.48	397	2418	19601.71	6.02164	8.635022	80.14521	0.48866832
7520000	1442.71	120	2789	19684.82	7.094037	9.890025	100.40156	0.79469824
7552000	1632.31	585	2418	19767.61	7.363872	9.670161	57.890217	0.64274955
7584000	1409.36	120	2797	19852.07	7.0339804	10.096702	90.512344	0.6874175
7616000	1460.65	396	2660	19935.46	6.7641068	9.064007	65.2066	0.71796685
7648000	1437.09	120	2227	20018.54	7.3223534	10.902965	101.81003	0.82307327
7680000	1502.31	579	2775	20102.09	7.4059925	9.235679	77.60265	0.776858
7712000	1346.58	578	2799	20185.25	8.017377	12.104934	151.80289	1.3370035
7744000	1552.7	779	2787	20268.99	7.4175105	9.645911	96.9059	1.3859602
7776000	1524.34	120	2418	20352.57	7.4193764	8.791575	81.315834	1.1584635
7808000	1448.13	120	2352	20435.16	7.6839743	8.621525	89.1447	0.96498966
7840000	1386.69	120	2418	20518.56	7.56145	9.01144	111.93074	1.2690474
7872000	1397.95	120	2419	20602.06	6.633947	7.1901217	47.632877	1.1130475
7904000	1717.31	581	2418	20685.07	6.6027374	8.178496	63.14296	1.1157056
7936000	1401.24	120	2420	20767.86	6.335551	9.696417	138.0332	0.9646026
7968000	1576.85	-69	2418	20850.44	5.745778	7.311799	69.115814	0.89118844
8000000	1394.89	120	2802	20933.74	5.700041	6.9444184	71.675575	0.8746276
8032000	1792.85	120	2746	21018.3	6.1427593	8.211692	93.344955	0.94569993
8064000	1859.47	584	2794	21103.4	6.1141787	8.211273	95.91136	0.7740487
8096000	1538.49	120	2792	21186.95	5.8886523	7.507648	87.85167	0.8269385
8128000	1601.31	120	2781	21269.78	5.0229836	6.1397486	59.065056	0.7705841
8160000	1882.71	120	2419	21353.19	4.730817	5.580283	89.14014	0.7323966
8192000	1661.78	120	2731	21436.49	5.122919	6.1895823	73.837845	0.7443528
8224000	1665.67	397	2418	21519.52	5.540763	6.2462583	92.845245	0.6810621
8256000	1702.62	120	2771	21603.36	5.2170305	6.2468843	80.97247	0.7450874
8288000	1833.08	120	2421	21686.49	6.032534	7.477676	79.95022	0.7432245
8320000	1560.34	120	2421	21769.72	6.3971076	7.909698	65.155	0.7464395
8352000	1660.95	120	2798	21852.74	8.748063	11.909398	117.674774	0.7845785
8384000	1606.84	410	2798	21935.88	9.240053	12.512244	89.24076	0.7001456
8416000	1724.34	194	2805	22022.14	10.027597	12.970764	98.01623	0.95087814
8448000	1730.89	575	2785	22106.69	9.131529	12.656835	80.35546	0.59606576
8480000	1864.75	120	2804	22191.24	8.704419	11.709507	71.94129	0.6758076
8512000	1734.27	669	2802	22275.05	9.102582	11.992557	91.33169	0.75320315
8544000	1320.11	120	2802	22359.48	7.9845953	10.917993	116.19783	0.92994
8576000	1369.97	120	2801	22442.44	8.277521	9.813649	80.95178	0.95417064
8608000	1507.14	523	2783	22526.6	7.898201	10.854134	126.59628	1.2374902
8640000	1759.28	273	2802	22609.21	7.4359894	10.060283	101.09624	1.0369052
8672000	1619.46	-101	2796	22693.55	7.434795	10.322735	128.92175	0.67074394
8704000	1822.11	120	2807	22777.2	7.179821	12.478526	108.334305	0.7126863
8736000	1760.76	764	2802	22860.87	8.294844	13.330264	164.02888	1.0051371
8768000	1369.21	120	2758	22944.82	7.384397	10.574141	150.42723	0.9997157
8800000	1836.41	589	2790	23027.71	8.660145	12.502877	126.45959	0.77360153
8832000	1551.23	396	2798	23110.65	8.500404	12.665375	129.08458	0.852932
8864000	1473.43	120	2420	23193.38	9.384226	13.452091	130.72243	0.7248185
8896000	1475.72	403	2774	23277.11	8.514557	11.248095	95.717674	0.828016
8928000	1432.65	386	2756	23360.97	9.72317	12.643729	139.01462	1.0194477
8960000	1443.36	120	2765	23444.06	9.514899	11.512498	106.31008	0.6238298
8992000	1429.19	560	2418	23527.31	9.933491	11.677177	118.64072	1.000942
9024000	1520.52	575	2790	23610.83	9.965689	11.0566	74.220436	1.1817394
9056000	1541.14	120	2802	23694.58	9.588496	10.61285	74.72761	0.9765112
9088000	1678.46	577	2801	23777.73	8.817501	10.180373	79.57192	0.96364427
9120000	1186.36	120	2419	23860.0	8.384578	8.576338	78.70831	1.111383
9152000	1295.57	523	2418	23942.78	8.104046	9.367425	94.35359	1.0388738
9184000	1512.9	113	2785	24026.26	8.189307	9.738718	93.62935	0.8433598
9216000	1330.14	385	2796	24109.38	8.797537	10.817939	81.15561	0.99675494
9248000	1609.5	120	2792	24192.01	9.008582	10.554896	68.94108	1.0920078
9280000	1346.67	120	2790	24275.21	9.296242	11.239757	76.91119	0.8369132
9312000	1534.36	120	2803	24360.5	10.212586	13.587962	132.83855	0.8618802
9344000	1422.43	120	2803	24444.26	9.107234	11.594225	74.30267	0.73053783
9376000	1113.84	771	2768	24527.63	9.061911	11.613278	109.91595	0.8526733
9408000	1189.77	566	2803	24612.24	8.839556	11.395122	87.02675	0.7773516
9440000	1048.5	120	2803	24694.95	9.646371	13.067441	111.403854	0.96672183
9472000	1211.57	-69	2793	24778.34	8.778819	11.063565	75.86146	0.788203
9504000	1539.39	120	2804	24865.36	7.074799	9.921153	92.12958	0.9288361
9536000	1078.55	120	2797	24948.84	5.950216	7.0386286	90.48297	0.9650378
9568000	1056.37	770	2185	25031.32	5.0896454	6.597688	96.69024	0.7328351
9600000	1034.05	120	2219	25115.24	4.1214275	5.402233	69.764534	0.6036625
9632000	1210.54	120	2747	25198.69	3.5837626	4.9174013	74.285614	0.44321972
9664000	1026.45	580	2802	25281.64	5.565964	8.443056	75.84035	0.54336053
9696000	933.88	120	2759	25365.11	6.8847947	8.993704	70.04179	0.8036139
9728000	1099.89	120	2774	25448.52	7.850138	9.603283	74.90641	1.0609694
9760000	1125.91	576	2788	25532.29	7.953005	9.351986	77.965195	1.0903636
9792000	909.37	572	2801	25616.31	6.5389094	6.492998	62.865376	0.6517979
9824000	1084.39	570	2351	25699.07	6.1673746	6.457931	55.348644	0.8059775
9856000	1053.44	405	2414	25781.49	5.3224134	5.889809	82.06634	0.7957858
9888000	1088.63	120	2792	25865.29	5.6483445	5.8513246	55.495205	0.76145244
9920000	1377.2	562	2801	25950.77	5.873876	5.780939	57.834343	0.5189872
9952000	1110.41	660	2780	26035.41	5.657399	7.082519	124.43805	0.49557203
9984000	1208.76	120	2338	26118.32	4.752665	4.862439	45.307335	0.6895077
10016000	932.93	120	2344	26201.18	5.3886104	5.3454547	81.721886	0.9704877
10048000	982.0	572	2346	26283.86	5.4663095	5.9572425	86.80687	0.7811757
10080000	1433.37	340	2794	26368.02	5.0853252	4.6794553	77.28505	0.9888201
10112000	1109.13	120	2736	26450.5	4.7122602	4.8123217	75.05861	0.84972847
10144000	1092.93	576	2797	26534.84	4.6850324	4.8305454	71.1244	0.8162492
10176000	1359.23	27	2801	26619.35	4.4002132	4.198114	57.08104	1.0679094
10208000	1409.67	27	2802	26701.53	4.7053466	4.7462626	60.511105	1.0934894
10240000	1237.14	27	2802	26783.79	4.388456	5.0865507	97.78026	0.41722113
10272000	1231.4	27	2780	26866.39	4.357018	6.132224	72.16917	0.46572936
10304000	1302.17	27	2803	26950.07	3.5926647	4.2332563	51.336704	0.38507327
10336000	1538.48	27	2796	27034.37	4.577417	5.4073596	77.77369	0.520637
10368000	1478.89	27	2799	27118.76	5.2157845	6.3862658	80.050415	0.47988132
10400000	1366.09	27	2804	27201.37	5.0993843	5.121465	43.670692	0.71603537
10432000	1188.45	27	2801	27284.79	5.658456	8.39265	150.84593	0.76991904
10464000	1667.02	27	2804	27371.58	6.099875	7.3848324	81.19823	0.9452754
10496000	1540.93	406	2805	27457.1	6.8143706	7.772674	91.381256	1.3495674
10528000	1336.1	375	2801	27541.19	6.0337853	6.0853934	78.26033	1.2677388
10560000	1456.57	388	2800	27625.09	6.762179	6.3193398	80.468155	1.3348613
10592000	1507.52	386	2800	27711.04	7.768386	8.664236	72.81622	1.5655402
10624000	1725.72	386	2803	27797.58	9.14485	10.398438	115.5832	1.3854748
10656000	1994.45	400	2805	27883.67	7.7835345	9.226456	98.25491	1.1698269
10688000	1979.67	120	2802	27970.76	5.8679814	6.5660863	67.77134	0.76238525
10720000	2109.49	120	2804	28059.3	4.5960507	8.092409	105.28124	0.467772
10752000	2086.93	120	2804	28149.2	4.18848	7.1277804	108.678474	0.45293424
10784000	2338.26	120	2803	28235.76	3.9590533	7.991338	127.7381	0.2682449
10816000	2185.78	120	2804	28321.42	2.8508222	3.937066	51.231247	0.32160115
10848000	2166.25	588	2804	28408.86	2.2726066	2.9454875	35.809353	0.26931483
10880000	1912.96	588	2805	28496.53	3.670478	5.560714	60.821434	0.4342621
10912000	2197.69	782	2804	28582.35	5.0487294	9.625671	190.79715	0.49891436
10944000	2367.62	120	2804	28672.45	4.1855993	7.370247	90.89043	0.41817182
10976000	2135.81	120	2804	28759.65	3.7100446	6.766568	106.99312	0.32898033
11008000	1889.76	574	2805	28848.71	2.7380176	6.8447795	172.41898	0.2816041
11040000	2143.66	120	2804	28936.45	3.0582044	7.0274944	138.23471	0.2873665
11072000	2189.52	120	2804	29022.03	2.6646504	3.8812096	38.91999	0.3173265
11104000	2216.86	120	2804	29112.28	2.6843023	5.944118	140.42998	0.3656319
11136000	2103.15	716	2805	29200.46	2.9545093	5.857182	137.44824	0.3600589
11168000	2064.87	120	2805	29290.1	3.1880996	5.779954	118.48221	0.41086555
11200000	1974.42	133	2805	29377.03	3.220168	4.9671936	93.30345	0.3441893
11232000	1774.1	133	2804	29462.96	4.544819	10.274797	149.46745	0.43882293
11264000	1787.71	120	2804	29550.18	6.0155773	12.673305	147.2605	0.440776
11296000	1712.75	120	2803	29635.19	6.0881076	11.249372	122.21007	0.5034672
11328000	2117.24	582	2804	29724.09	5.570329	10.324211	153.39862	0.48030376
11360000	2203.06	120	2804	29811.83	5.1049447	9.012056	90.56502	0.37554416
11392000	2157.14	120	2805	29901.35	4.063401	8.393362	122.589775	0.4303977
11424000	2205.0	120	2804	29989.12	3.5284424	7.9298663	112.650604	0.43925363
11456000	2216.0	575	2805	30079.5	2.907913	7.1416717	101.91845	0.34636799
11488000	1915.44	793	2803	30164.07	3.7132897	9.662514	131.27435	0.31146353
11520000	2016.92	589	2805	30252.14	4.0612526	9.691697	95.08776	0.31846267
11552000	2361.27	589	2805	30343.97	3.9481473	11.2159195	146.44952	0.31876794
11584000	1781.84	120	2804	30430.64	3.4414697	8.135306	104.817566	0.31413707
11616000	1947.97	588	2804	30519.53	5.275187	12.234801	126.23242	0.35577956
11648000	1898.97	724	2804	30607.03	5.3533754	10.499624	142.06606	0.28200126
11680000	1711.21	120	2803	30692.93	5.9128294	11.323595	116.232216	0.30926484
11712000	1938.98	120	2804	30778.51	5.992056	10.606615	99.01452	0.4605823
11744000	1875.1	588	2804	30865.49	6.3004813	12.418054	119.89172	0.50485086
11776000	1964.0	120	2805	30954.95	5.6610575	12.106059	142.57553	0.49053216
11808000	2069.57	120	2804	31042.99	5.200785	10.882352	111.102264	0.46528003
11840000	2141.27	120	2807	31130.21	4.705015	9.686998	128.7523	0.46500218
11872000	1954.07	781	2805	31216.46	5.17063	9.851541	93.41819	0.40024877
11904000	2075.22	770	2805	31307.46	4.066527	7.7529383	86.388145	0.428725
11936000	2451.2	714	2804	31397.43	3.6527364	7.739548	64.84944	0.40835893
11968000	2118.18	588	2804	31486.64	4.0681133	8.994034	98.70531	0.29233834
12000000	1955.22	120	2803	31573.91	3.7093515	6.7835946	88.40025	0.4164339
12032000	2005.78	334	2804	31660.87	3.8574688	8.154211	131.33669	0.38338792
12064000	2063.3	766	2804	31749.53	4.004726	7.4425955	105.41416	0.52271056
12096000	2071.28	588	2804	31838.73	3.649251	6.6337385	75.82953	0.31493345
12128000	2083.4	120	2804	31928.41	3.8870878	7.821123	102.68401	0.5123694
12160000	2033.27	120	2804	32018.93	3.904144	6.214844	84.21468	0.53030396
12192000	2116.9	120	2804	32108.97	3.3896585	7.0625544	138.95831	0.31605613
12224000	1618.51	120	2805	32195.52	5.3268614	10.599308	138.88412	0.41450536
12256000	1912.14	120	2804	32283.35	5.7614746	13.002246	165.46535	0.45991755
12288000	1777.46	120	2803	32369.96	5.332758	8.749218	108.7033	0.5004461
12320000	1409.62	120	2803	32455.71	7.432605	11.68492	146.90852	0.61372536
12352000	1535.31	120	2803	32544.85	8.527383	10.69705	94.32185	0.9206057
12384000	1701.36	120	2804	32632.73	10.348311	14.944565	152.77098	0.73625946
12416000	1721.98	120	2803	32721.16	8.762184	11.345856	117.10592	0.59725827
12448000	2180.15	120	2804	32813.39	7.2391653	8.440197	68.99713	0.37520188
12480000	2175.45	120	2803	32902.78	6.1195116	8.671537	96.82896	0.45379406
12512000	2043.07	120	2803	32991.15	5.04981	5.8907347	62.960735	0.4158764
12544000	2216.2	120	2803	33082.07	5.888177	8.716274	114.19289	0.4199674
12576000	2270.16	120	2803	33172.1	4.802146	5.710946	53.325066	0.4306305
12608000	2032.05	120	2804	33260.24	6.3018985	9.708939	153.02094	0.4406896
12640000	2184.59	588	2803	33349.09	6.618808	10.036306	217.66505	0.5644124
12672000	2163.76	588	2803	33439.76	5.597582	6.589875	70.43521	0.48643166
12704000	2299.78	728	2804	33531.27	6.4526744	9.810495	136.8047	0.6498578
12736000	2279.98	577	2804	33622.64	6.385547	8.557857	110.14538	0.64015126
12768000	2175.75	779	2805	33710.66	6.923504	11.687394	171.55585	0.42457834
12800000	1974.52	120	2802	33797.71	7.340541	8.418225	93.94136	0.6185947
12832000	2079.17	120	2805	33883.42	7.8789454	10.000099	114.13908	0.7200512
12864000	2175.73	675	2805	33973.53	6.7695274	8.371559	84.18684	0.6448639
12896000	1960.95	549	2804	34061.48	5.780995	6.819024	71.111435	0.5024195
12928000	1914.85	549	2804	34151.41	6.8762755	9.031987	95.708206	0.6341972
12960000	1816.28	582	2803	34237.01	9.230491	11.872991	124.14196	0.6486842
12992000	1681.92	554	2804	34322.46	10.282371	12.67463	116.70651	0.61031616
13024000	1690.11	290	2803	34410.49	9.260127	10.657903	98.21953	0.5745015
13056000	1807.73	27	2802	34498.46	7.5378194	10.496042	150.3126	0.7997186
13088000	1729.5	120	2803	34584.69	7.7504725	10.174294	136.84204	0.92277384
13120000	2051.58	120	2803	34673.0	7.602442	10.849935	124.5328	1.053303
13152000	2195.66	120	2803	34762.24	6.158666	7.6135974	71.75683	0.6990491
13184000	2373.92	571	2804	34854.67	5.5111628	8.140637	159.65227	0.6312684
13216000	2045.55	383	2805	34942.53	4.7956843	8.125058	158.19514	0.37684125
13248000	1685.32	120	2804	35029.5	6.821621	11.597864	175.38312	0.5986713
13280000	1989.57	589	2804	35119.06	6.193284	8.228933	164.84766	0.8555585
13312000	1605.73	120	2804	35207.45	8.110804	10.223749	166.42226	0.912905
13344000	1946.49	120	2805	35297.88	8.22167	9.187767	97.88871	0.93742245
13376000	1894.18	120	2806	35387.9	7.706154	8.2880535	65.86842	0.57527435
13408000	1920.11	763	2803	35475.68	7.0603046	8.98478	146.27441	0.82155
13440000	2145.75	740	2805	35566.4	6.554917	8.981802	121.56607	0.772663
13472000	2102.59	120	2802	35655.6	5.909243	7.3129916	70.13311	0.77393997
13504000	2119.85	120	2803	35745.71	5.85788	8.993395	93.78287	0.5857225
13536000	1980.67	120	2803	35833.93	6.6137767	9.691748	72.77855	0.6379794
13568000	2309.85	588	2804	35923.74	4.9946737	8.068294	89.876785	0.56634235
13600000	2151.9	580	2804	36013.54	4.044841	6.6274166	90.819725	0.46057904
13632000	1991.36	397	2803	36103.59	4.1212497	7.0541563	78.012215	0.4754448
13664000	2095.52	791	2804	36193.03	3.6228776	5.852497	73.73217	0.36775637
13696000	1921.95	778	2804	36283.09	4.193489	5.87692	58.476807	0.58055437
13728000	1659.77	120	2803	36371.28	4.092807	7.3099456	132.95425	0.4787872
13760000	1902.45	120	2802	36459.66	5.230001	8.28727	125.07932	0.5810677
13792000	2320.8	120	2805	36552.24	4.244347	6.747918	111.35049	0.65866613
13824000	2229.33	760	2805	36641.78	4.439876	8.469578	104.55623	0.63313866
13856000	2299.4	589	2805	36733.34	3.9975963	9.195303	157.79416	0.5807961
13888000	2349.6	406	2805	36824.28	3.4239829	7.440282	103.84989	0.34439874
13920000	2426.56	406	2805	36915.48	2.984891	6.018929	104.4125	0.29076487
13952000	2500.69	406	2805	37008.65	3.1823652	6.941261	85.12236	0.36844242
13984000	2448.06	574	2805	37100.33	2.552152	3.8841393	77.595474	0.32507083
14016000	2287.44	120	2804	37190.21	3.9709337	8.829377	154.12593	0.45785195
14048000	2301.63	791	2804	37280.85	3.145133	6.678246	103.26709	0.38635823
14080000	2185.41	588	2804	37372.61	3.8022249	8.632716	89.431244	0.41254073
14112000	2358.42	588	2805	37462.5	3.5837235	7.4962177	105.66855	0.42982015
14144000	2114.46	588	2805	37552.08	3.7961216	7.8453937	86.83964	0.3652198
14176000	2156.87	120	2805	37642.18	3.7679513	7.6152334	122.62782	0.34389207
14208000	2074.6	120	2805	37730.55	3.5443099	6.2372317	119.43638	0.41825318
14240000	2096.06	120	2805	37821.32	3.8095567	5.7761226	69.39277	0.33555505
14272000	1912.87	120	2805	37907.84	3.4051337	5.2111673	92.77248	0.41996646
14304000	2240.9	120	2805	37998.57	4.807107	11.008126	171.13177	0.5771097
14336000	2248.71	776	2804	38087.77	3.6722276	8.623522	133.00746	0.39786917
14368000	2179.12	120	2804	38173.76	3.37704	7.247163	159.72624	0.30782655
14400000	2048.51	120	2804	38263.45	3.2003086	4.6212206	68.57591	0.42907977
14432000	2254.9	120	2805	38354.35	3.1455343	6.538425	135.27248	0.4030509
14464000	2234.71	588	2805	38443.49	3.3134637	6.182086	67.744774	0.36883503
14496000	2187.79	120	2805	38533.14	3.8399458	7.627427	94.65526	0.40652576
14528000	2362.11	120	2805	38624.02	3.3411381	8.773836	159.29976	0.29551637
14560000	2206.51	740	2805	38713.68	3.3553717	7.096301	163.20767	0.44525284
14592000	2236.4	120	2805	38804.46	3.3158	7.4327936	148.391	0.38554972
14624000	2210.25	120	2803	38895.68	3.5049698	7.9975114	147.3873	0.48099655
14656000	2230.43	120	2805	38987.63	3.1302526	4.7176604	65.99686	0.37566867
14688000	2147.48	120	2805	39078.39	4.5387	8.639405	128.9789	0.67814445
14720000	2047.44	120	2804	39165.86	3.9079614	6.518295	81.53693	0.41852728
14752000	2176.46	412	2803	39258.07	3.7214189	6.388035	76.48728	0.42107642
14784000	2317.3	574	2804	39346.73	3.035822	4.7214203	77.200745	0.38850194
14816000	2289.74	120	2803	39436.47	2.8028414	3.6628656	45.82811	0.43919748
14848000	2148.32	412	2803	39528.12	3.1268516	6.4338884	103.96882	0.45234102
14880000	2074.06	576	2804	39618.53	2.7468252	3.928806	61.631863	0.45588416
14912000	2019.24	120	2804	39708.86	3.8806968	6.724727	112.80298	0.5054245
14944000	2175.09	753	2804	39799.78	3.799531	7.9936147	104.75061	0.30663186
14976000	2281.18	120	2803	39890.65	4.294556	8.819093	89.26758	0.4077255
15008000	2098.18	120	2803	39981.98	4.2955146	9.75534	140.29102	0.26713347
15040000	2318.64	589	2805	40073.32	3.8931816	7.9410634	115.01535	0.37695268
15072000	2554.04	781	2805	40165.59	3.2172604	6.476359	83.79527	0.34751958
15104000	2189.52	692	2804	40254.36	2.9945903	5.645692	127.2311	0.37710536
15136000	2015.13	576	2805	40341.91	2.9389672	5.9374413	122.700676	0.31632438
15168000	1867.92	120	2805	40433.39	3.946601	6.6046743	89.8364	0.40462908
15200000	1985.82	120	2804	40525.02	5.081292	10.260551	155.09993	0.6225258
15232000	2121.04	575	2804	40614.33	5.3080754	10.326615	156.37834	0.52001965
15264000	2217.45	396	2805	40702.38	4.5188136	7.2906227	148.81168	0.43243483
15296000	1757.56	120	2804	40790.61	5.729082	7.1747737	132.97108	0.7618128
15328000	1771.79	380	2804	40878.25	5.713797	7.3839	134.28688	0.43146166
15360000	2004.89	120	2802	40967.64	5.6675086	5.5027585	51.994873	0.7698935
15392000	2196.26	120	2804	41057.81	6.00422	8.845914	88.25461	0.61486936
15424000	1828.35	120	2805	41147.26	5.3619394	6.692941	80.504776	0.66133976
15456000	2042.0	120	2804	41237.54	4.9362087	7.0269017	113.72942	0.59608436
15488000	2332.78	565	2804	41327.57	4.8390985	6.3644814	120.63142	0.5636127
15520000	1961.56	565	2805	41414.49	5.7616234	8.17647	107.35759	0.6321596
15552000	1879.68	579	2805	41503.53	4.570125	5.4378343	60.774944	0.44184318
15584000	1703.63	113	2804	41590.68	5.5562854	9.74664	158.97934	0.59165
15616000	1596.82	240	2806	41679.22	4.9220285	8.598332	110.924866	0.4901161
15648000	1851.54	384	2805	41767.5	4.6122932	8.870077	141.01917	0.5608134
15680000	1762.91	589	2801	41856.89	4.8707914	8.740973	128.77467	0.65540755
15712000	1956.24	113	2805	41946.52	5.144637	10.758124	134.5373	0.3194756
15744000	1227.43	768	2802	42034.34	5.506548	10.033774	150.49562	0.38705325
15776000	1170.21	579	2802	42121.01	6.288427	10.103656	145.43051	0.4193533
15808000	1792.05	579	2804	42211.38	5.818465	7.8780465	103.242134	0.49619335
15840000	1961.25	120	2803	42299.66	5.555536	7.94763	125.115715	0.4651529
15872000	1870.04	120	2805	42391.0	4.9651904	7.505143	95.42942	0.6029586
15904000	1935.53	120	2804	42478.23	5.0918775	9.599131	141.7251	0.4285748
15936000	1487.75	120	2803	42566.03	5.024502	8.106193	154.95027	0.50834405
15968000	1461.7	120	2803	42652.93	5.684971	9.144459	128.67213	0.76419544
16000000	1681.86	763	2801	42742.97	6.236137	7.550372	94.21408	0.63168836
16032000	1414.74	589	2804	42829.62	5.532685	6.412479	88.481575	0.62243897
16064000	1530.82	120	2804	42917.92	4.6026554	4.698652	45.00641	0.673087
16096000	1989.79	120	2804	43008.66	4.1695437	4.936264	61.929752	0.65847
16128000	2348.56	790	2803	43100.67	4.0332603	5.477915	64.014336	0.54906374
16160000	2132.5	585	2804	43191.31	3.779709	5.0331283	65.56199	0.49638265
16192000	1705.5	763	2804	43280.55	4.237392	6.5323873	111.5768	0.6152611
16224000	1753.59	120	2804	43370.24	5.741129	7.951939	114.90323	0.6354102
16256000	1718.49	120	2804	43460.83	6.048212	6.4731317	89.34098	0.78913844
16288000	1419.33	113	2804	43548.88	6.7905097	8.323622	116.919106	0.8908558
16320000	1613.76	120	2804	43637.46	6.4868846	6.659807	62.66763	0.7162248
16352000	1164.9	120	2802	43724.62	5.834116	7.8728037	137.70416	0.8856801
16384000	955.1	120	2798	43809.74	5.050194	6.462738	115.748535	0.69645214
16416000	1411.15	781	2803	43897.84	4.784898	6.1482887	107.73259	0.5167936
16448000	1651.75	412	2803	43987.01	4.5748715	5.7979207	73.18826	0.46348596
16480000	1984.27	720	2803	44079.0	4.75316	6.6476526	103.76533	0.54242694
16512000	2286.77	120	2804	44170.51	3.443338	5.478543	84.145355	0.45988947
16544000	1988.09	120	2804	44260.3	3.454213	4.2201924	38.77423	0.43765312
16576000	2104.83	120	2805	44349.32	3.8288193	7.5691366	142.13141	0.36036465
16608000	1903.4	120	2805	44439.3	4.000884	8.337181	155.93358	0.43677443
16640000	1762.29	120	2803	44530.77	3.8342118	5.771127	69.74318	0.47095883
16672000	1898.3	120	2804	44619.98	4.3878055	6.790195	74.18006	0.37178677
16704000	1950.17	120	2803	44708.66	5.191809	8.366187	98.852104	0.5152372
16736000	2065.61	120	2804	44798.8	6.512551	10.791042	105.27813	0.58352256
16768000	2034.02	523	2805	44885.55	5.3777575	8.593309	86.95055	0.40558368
16800000	1883.8	120	2805	44974.67	5.6839185	8.496455	86.76895	0.53213125
16832000	2311.05	120	2805	45065.92	5.662371	9.0713415	74.902435	0.4184862
16864000	2375.06	120	2803	45156.5	5.4137053	8.90508	86.864204	0.41931462
16896000	2287.49	793	2803	45245.59	3.4801016	5.8633375	59.05029	0.28598148
16928000	2353.37	120	2803	45336.23	3.4214435	7.895214	117.63221	0.3773067
16960000	2190.52	120	2803	45425.2	3.4591427	8.678122	130.73734	0.39410794
16992000	1861.7	120	2805	45512.73	3.2837403	8.167156	151.52884	0.42203167
17024000	2134.53	120	2804	45601.72	3.5612917	8.175522	153.49257	0.27538124
17056000	1635.56	120	2805	45690.11	3.6658404	7.280635	97.11191	0.34382778
17088000	2169.82	120	2804	45779.74	4.104212	6.806165	77.818275	0.3596686
17120000	2292.56	589	2805	45871.27	3.5594356	5.2373257	80.67298	0.42885318
17152000	2375.38	589	2805	45962.52	3.01483	4.8478575	60.9133	0.2993256
17184000	2270.89	774	2805	46054.46	4.1078625	8.621477	114.6239	0.32216775
17216000	2235.05	120	2805	46145.64	3.4276686	6.93568	88.10204	0.33984196
17248000	2414.23	789	2805	46237.67	2.9178038	5.7141666	79.37019	0.22585772
17280000	2197.82	744	2805	46330.11	3.0224767	6.0038733	102.58674	0.3254474
17312000	2123.62	579	2803	46419.71	3.8910317	8.021357	92.8316	0.28364462
17344000	2465.43	120	2805	46511.91	3.5950391	8.111994	110.87272	0.29077524
17376000	2573.84	120	2803	46606.17	2.5586398	6.784618	132.5898	0.22135437
17408000	2445.52	708	2803	46696.73	2.2112162	6.4121737	146.69432	0.2027711
17440000	2236.13	120	2805	46785.84	2.0449126	7.5171556	178.9442	0.19269976
17472000	2229.26	790	2806	46875.04	3.2899199	14.200276	316.01755	0.25014383
17504000	2265.77	120	2804	46967.39	3.0036914	7.198365	93.93955	0.30598924
17536000	2319.65	760	2805	47060.49	3.5073326	7.0123487	104.25024	0.3930015
17568000	2464.08	120	2806	47153.24	3.6239672	7.5671115	86.533066	0.3259434
17600000	2362.13	120	2804	47246.35	2.3672628	3.71448	49.562374	0.24769317
17632000	2311.0	120	2804	47335.71	2.4971714	5.8576326	83.50839	0.302845
17664000	2250.79	625	2804	47427.37	2.474333	4.422192	57.96006	0.2562179
17696000	2079.84	120	2804	47513.93	2.8978834	5.0889387	59.559185	0.2904178
17728000	1885.98	120	2803	47603.1	3.867583	8.566268	144.9	0.51574874
17760000	1872.51	120	2802	47695.22	4.3082957	6.0390153	65.48435	0.4730717
17792000	1761.18	579	2804	47782.09	4.7885265	6.5918527	130.95563	0.48410642
17824000	1537.55	120	2803	47869.23	5.677357	8.233717	116.86754	0.69616497
17856000	1950.03	772	2804	47960.53	5.201195	6.781528	89.42487	0.55409276
17888000	2108.41	773	2804	48049.61	4.545326	6.6156425	85.86709	0.47543678
17920000	1516.83	589	2804	48136.51	3.9889405	6.6464524	93.69702	0.37401575
17952000	1919.59	579	2804	48226.02	4.953292	9.352141	101.296005	0.2735064
17984000	1970.4	120	2804	48315.79	5.6418896	9.82065	98.58114	0.33073008
18016000	2285.12	730	2804	48408.9	5.1321974	8.806367	89.18331	0.29192123
18048000	1784.82	772	2805	48499.43	4.4484034	7.059902	67.32601	0.34074444
18080000	1822.25	579	2804	48589.29	4.4985294	6.8514647	81.293755	0.40707678
18112000	1904.41	120	2805	48679.83	4.5775275	6.273632	72.809494	0.47902757
18144000	2038.46	781	2805	48768.62	5.107759	7.1320953	68.43692	0.5082936
18176000	2382.49	793	2804	48857.24	3.440481	6.339479	81.723335	0.2819578
18208000	1796.47	120	2803	48945.38	4.179333	8.271462	149.68115	0.39096135
18240000	2075.08	412	2804	49035.92	4.5901165	7.922791	101.08227	0.51057506
18272000	2019.41	120	2804	49126.11	5.6294756	7.3981447	80.139	0.7685959
18304000	2225.83	120	2804	49215.61	5.6763244	8.39315	137.38469	0.7798852
18336000	1878.42	120	2803	49304.65	5.9519997	7.931046	97.47011	0.92043054
18368000	1699.42	556	2803	49394.25	6.6350703	7.9801936	110.85089	0.8949642
18400000	1825.31	556	2803	49481.89	7.550135	6.9708195	69.801056	1.0100658
18432000	1756.19	120	2804	49570.38	6.7973976	8.269615	121.246796	0.8817326
18464000	1922.44	120	2805	49661.52	6.5477295	9.050109	135.06741	0.9742843
18496000	2263.95	580	2804	49753.54	5.8173537	8.62221	110.06858	0.7132729
18528000	2048.45	120	2803	49842.71	4.523736	6.387742	102.15641	0.46542194
18560000	2082.23	120	2803	49934.12	3.8089223	6.760783	137.67667	0.53270286
18592000	1897.59	406	2804	50025.04	4.3141537	7.761685	132.57968	0.3982835
18624000	1937.6	777	2803	50115.18	7.1413736	14.322846	135.29251	0.84189546
18656000	2062.04	781	2803	50205.44	7.858872	12.493455	97.18529	0.6583792
18688000	1853.94	120	2804	50296.38	6.494759	9.929212	77.61934	0.6713438
18720000	2147.88	120	2804	50387.1	6.7203016	10.361418	88.11345	0.5914948
18752000	2164.0	194	2804	50477.56	4.531582	7.396338	98.19377	0.46338427
18784000	2062.13	120	2805	50568.47	4.6380243	8.636456	93.21877	0.54836833
18816000	2102.3	570	2805	50658.06	4.325623	8.142734	104.051994	0.52420306
18848000	1684.66	120	2804	50747.3	4.671015	10.819708	115.90584	0.58155066
18880000	1866.08	579	2804	50838.16	6.3720965	16.062498	143.48703	0.52690464
18912000	1918.73	579	2804	50926.22	7.5924735	15.636065	178.48871	0.56178486
18944000	2269.91	523	2803	51014.49	7.4615965	13.127643	162.71353	0.6597624
18976000	2014.32	523	2804	51104.78	6.7590094	13.383049	152.48172	0.62370646
19008000	1954.04	120	2804	51194.87	6.4014254	10.962452	141.60762	0.5805426
19040000	2009.73	779	2803	51286.32	6.192475	10.361266	112.191246	0.64394546
19072000	1855.16	120	2804	51375.32	7.7451324	14.328455	172.36484	0.7881961
19104000	1792.2	785	2803	51464.76	8.452318	13.800876	114.51422	0.52812654
19136000	2038.63	120	2803	51556.41	7.421953	12.936769	116.37737	0.5680683
19168000	2184.35	792	2803	51645.3	6.378471	11.922298	109.07598	0.43722218
19200000	2101.03	773	2803	51734.57	5.9594946	11.424541	123.60915	0.3669306
19232000	1973.92	120	2803	51823.8	5.826894	9.812433	117.18369	0.666106
19264000	1856.77	523	2803	51911.23	5.2548923	8.881656	122.96111	0.3977797
19296000	2202.95	769	2804	52000.72	5.139739	8.538517	85.36219	0.73716235
19328000	2167.1	523	2804	52090.0	6.013579	9.7897415	109.45209	0.6995188
19360000	2075.62	120	2803	52179.55	6.111464	9.893023	105.25282	0.53453934
19392000	2297.51	120	2804	52270.18	5.8295274	9.7886915	121.95234	0.6109152
19424000	2300.49	579	2804	52359.84	4.7113724	7.9816637	104.21056	0.49677613
19456000	2458.43	120	2804	52451.53	4.4867663	7.3003354	104.79901	0.619661
19488000	2318.94	120	2804	52542.31	4.356175	8.842617	145.41725	0.46078944
19520000	2445.06	570	2805	52632.85	3.609761	5.634494	64.48785	0.5121112
19552000	2180.56	120	2803	52723.78	4.0077314	8.7028885	190.00533	0.4475914
19584000	2326.93	120	2803	52814.1	4.0864	8.110144	133.63585	0.5065618
19616000	2392.57	576	2804	52904.77	4.166458	9.148568	133.06429	0.37956777
19648000	2122.13	120	2804	52995.18	4.1723094	9.223951	181.467	0.48663735
19680000	2109.23	120	2803	53086.15	4.9661326	8.826139	117.02204	0.62982035
19712000	2285.92	120	2803	53175.86	4.676919	6.32765	84.17256	0.6831939
19744000	2445.76	120	2803	53267.06	4.571038	6.685276	97.11821	0.5243093
19776000	2201.95	120	2805	53357.72	3.4426513	6.1445293	136.96362	0.42579213
19808000	2210.7	581	2804	53447.83	4.3159237	7.951348	139.73015	0.6291591
19840000	2356.89	778	2804	53539.36	4.0047297	6.2749066	102.9826	0.62851423
19872000	2499.25	794	2803	53630.86	4.311464	7.157686	86.58814	0.6386639
19904000	2336.0	120	2803	53721.19	3.9452884	7.9091053	131.18224	0.513262
19936000	2166.96	120	2802	53811.48	3.661726	7.8330364	133.48335	0.37694138
19968000	2278.63	120	2804	53900.74	3.7409914	7.0480895	94.24301	0.56486917
20000000	1900.44	120	2806	53991.81	4.80783	8.152595	96.54912	0.55716455
