TotalEnvInteracts	AverageEpRet	MinEpRet	MaxEpRet	time	Averageloss	Stdloss	Maxloss	Minloss
32000	376.17	241	1344	75.86	0.32652945661200333	0.26038436957070826	2.2025466	0.010127568
64000	385.81	241	1372	159.31	1.0215361938476561	0.885925271355198	7.09253	0.10018304
96000	358.85	241	1179	245.94	1.9213936767578126	1.3563981863888872	8.5330715	0.23182087
128000	396.98	241	1368	331.29	3.1870693359375	2.1735871174239256	13.37494	0.28732586
160000	339.44	240	963	418.67	4.1450087890625	2.6226420771511596	20.049875	0.5168752
192000	403.13	240	1392	505.81	5.195951171875	3.3382709198588123	22.000898	0.76287603
224000	362.62	240	904	593.16	6.16632470703125	3.848896706768707	23.061867	0.6830461
256000	380.93	240	1377	680.26	6.0213720703125	4.042645473186463	26.600016	0.82057667
288000	373.26	240	958	767.83	6.637548828125	4.920417442910713	39.579365	0.818457
320000	399.71	240	1490	854.25	6.18009765625	4.536680797262465	26.089396	0.8293186
352000	393.42	240	1609	941.12	5.74289501953125	4.449074693124403	28.599598	0.6235521
384000	317.48	240	1490	1027.76	5.306052734375	4.163124483936314	25.030102	0.74373496
416000	355.75	240	1075	1114.27	5.106712890625	4.233001852999831	27.572548	0.5586175
448000	479.52	240	1246	1200.53	4.73843017578125	3.901625012014225	23.454437	0.5258366
480000	447.39	240	1080	1286.62	4.34101513671875	3.3655182202188416	27.317432	0.66876614
512000	421.36	240	951	1372.71	4.52708251953125	3.774676103654458	33.67605	0.55701953
544000	460.81	257	990	1459.08	4.431064453125	3.561549078131242	27.087423	0.581228
576000	406.47	240	1240	1545.64	4.51830224609375	3.7121685458098477	30.364082	0.5995076
608000	400.23	240	904	1631.08	4.832212890625	3.6398090555601263	29.334003	0.6017955
640000	404.1	240	819	1716.44	4.4286298828125	3.214467721781477	26.509434	0.8012661
672000	407.74	240	820	1800.7	5.054591796875	3.4993964323330102	31.067568	0.8528235
704000	311.67	240	639	1884.97	4.6880859375	2.90691591833166	21.20752	0.863733
736000	363.38	240	952	1969.48	4.9158603515625	3.0456297134685464	22.074574	0.89789826
768000	309.24	240	626	2054.72	5.91612890625	3.4738037509335498	30.967196	1.1675272
800000	329.21	240	915	2139.63	6.2916162109375	3.5578217638219316	25.916895	1.289605
832000	287.23	240	902	2224.44	6.92895947265625	3.803157097235138	23.671383	1.4797096
864000	297.28	240	557	2310.61	7.61760546875	4.294265798713442	27.442242	1.2789936
896000	429.7	240	1394	2395.8	6.87423876953125	4.360096938429236	30.458115	0.80434394
928000	353.42	240	912	2481.44	6.50421484375	4.491387591825048	33.25179	0.80160713
960000	329.84	240	632	2567.56	6.41879150390625	4.865976223675472	43.025063	0.8796592
992000	373.07	257	634	2652.88	6.94343310546875	4.934304741425078	27.062176	0.718801
1024000	467.07	240	947	2737.47	6.8888154296875	5.519249871189472	30.750147	1.0693672
1056000	401.79	240	715	2822.36	7.006599609375	5.545633487821748	41.365032	0.937022
1088000	390.82	240	960	2907.22	6.4932763671875	5.288662512571113	39.212326	0.7692865
1120000	449.1	256	972	2991.92	6.2996552734375	4.986136444244682	30.17232	0.75732404
1152000	579.44	240	1384	3077.88	6.3180380859375	5.399234248368003	37.27026	0.96924484
1184000	356.63	240	820	3162.45	6.679939453125	5.700013706123872	39.29266	0.869669
1216000	416.44	240	869	3246.7	6.63753125	5.378002794950929	45.73944	0.91251683
1248000	404.78	256	962	3331.24	6.0260390625	5.078456719934708	57.559105	0.801836
1280000	603.9	240	1363	3415.77	5.97056982421875	4.6138645508673095	30.323814	1.1096374
1312000	522.8	240	1257	3500.59	5.5560498046875	4.1944829836345745	27.294334	0.8776764
1344000	519.63	240	1047	3586.16	5.9090537109375	4.411374236703343	36.941307	0.8794358
1376000	487.26	240	1385	3671.36	5.5573232421875	3.924269189527523	25.954144	1.1033566
1408000	422.2	240	556	3756.67	5.4914775390625	3.941623584815653	35.59508	0.9883395
1440000	528.52	240	964	3841.4	5.4203349609375	3.953746245651079	32.75567	1.0935981
1472000	473.72	240	913	3926.66	5.7704990234375	4.160758363117234	31.08239	0.97499186
1504000	338.41	240	730	4011.11	5.729552734375	4.10787876753319	31.517075	0.8816018
1536000	438.23	240	1399	4096.2	5.9406875	4.375551304550091	31.39075	0.6910103
1568000	366.56	240	821	4181.27	6.25278271484375	4.547753351587462	34.46701	1.0505028
1600000	297.09	240	867	4266.41	6.4787724609375	4.426376904421945	33.015675	0.8648907
1632000	356.73	240	911	4351.43	6.407689453125	4.458707903852304	38.624027	0.7377727
1664000	450.47	240	911	4436.51	6.66512353515625	4.714842338960021	40.676918	1.2613528
1696000	419.86	240	886	4521.61	6.68719970703125	4.527536409295899	30.75956	1.2491574
1728000	400.73	240	913	4606.97	6.60685693359375	4.4925772113565285	32.54384	1.1022384
1760000	282.14	240	613	4691.51	7.116138671875	4.796369680224305	31.122066	1.4264091
1792000	512.42	240	1349	4775.5	7.073650390625	4.997854813254883	36.956944	1.228604
1824000	452.06	240	950	4860.14	6.919033203125	4.737564931942885	37.6576	1.1612412
1856000	417.65	240	950	4945.52	7.31425390625	5.084340042903799	43.666588	1.1711308
1888000	400.74	240	1248	5031.15	6.8891708984375	4.898774958471761	37.30885	1.090466
1920000	311.25	240	915	5116.52	7.44293798828125	5.171682964712744	33.92794	1.2778974
1952000	365.29	240	901	5202.0	7.3799580078125	5.238434433349338	36.058426	1.2094407
1984000	370.77	240	1401	5287.08	7.5160146484375	5.84811200837501	41.04562	0.97485244
2016000	339.3	240	945	5372.53	7.7143955078125	5.984085012556222	46.09706	1.353285
2048000	373.14	240	962	5457.67	8.4061328125	6.372277604985521	53.35987	1.2635508
2080000	401.5	240	984	5542.58	8.77454296875	6.971002999031058	52.270622	1.2946563
2112000	378.06	240	1407	5627.32	9.303001953125	7.584461912357395	55.74357	1.1927443
2144000	475.42	240	1237	5712.27	9.453826171875	7.60289983739757	52.010796	1.4963257
2176000	508.23	240	1400	5797.69	10.4186201171875	8.187531488489068	58.49233	1.5395842
2208000	507.41	240	947	5882.64	10.3765634765625	8.351099291410682	85.57445	1.2567232
2240000	422.56	240	1087	5967.61	10.1746044921875	8.285551241468488	62.006393	1.3875908
2272000	526.42	240	817	6053.01	11.1864755859375	8.288694295544987	73.909355	1.5831003
2304000	443.3	240	1121	6137.99	11.641244140625	8.591104592833217	66.37174	1.6447344
2336000	459.11	240	1365	6223.12	11.87261328125	9.011907054003608	62.22165	1.5910131
2368000	472.06	240	1250	6308.64	12.1626484375	9.29447080257935	63.02872	1.6748874
2400000	398.71	240	1381	6393.7	12.134005859375	9.872936493262783	61.07154	1.4395363
2432000	443.31	240	1244	6479.5	12.472490234375	10.132439396561916	61.144516	1.2681696
2464000	425.27	240	1244	6565.15	11.2635732421875	9.500723656648477	64.67133	1.4813547
2496000	457.68	240	955	6650.37	12.282810546875	10.814171113636034	96.54822	1.3660171
2528000	272.07	240	1344	6735.9	11.771685546875	10.236676554184957	77.34038	1.0002956
2560000	447.3	240	917	6821.55	12.313921875	11.190398367573874	74.143906	1.0915127
2592000	431.51	240	1414	6906.6	10.903787109375	10.130805434416358	68.79991	1.2104039
2624000	439.67	240	1533	6991.14	10.42490625	10.135593223881866	76.79423	1.1226053
2656000	403.37	240	1053	7075.14	9.71421484375	8.711730597303845	58.581345	1.2285608
2688000	425.14	240	900	7159.24	9.4790390625	9.190887980766602	78.44565	0.9258026
2720000	526.26	240	1476	7242.96	10.25044140625	9.3805446103891	58.42846	0.91937184
2752000	529.39	240	1396	7328.72	9.792650390625	9.268498816556	75.91996	1.3889074
2784000	615.02	240	1412	7414.16	9.039634765625	8.374884327559396	63.752777	0.9810522
2816000	574.37	240	1368	7499.5	7.89213671875	7.211277788558003	49.22788	0.90010774
2848000	625.4	240	1411	7585.11	7.529166015625	7.079173901310802	54.06642	0.88414335
2880000	455.22	240	1384	7670.01	7.18099169921875	7.049643164728269	47.376038	1.0533297
2912000	376.47	240	1364	7754.64	7.6491220703125	6.883550932295046	58.192078	1.1203508
2944000	547.62	240	1555	7839.21	7.3394775390625	6.4001889010208135	51.591957	1.2182009
2976000	581.95	240	1399	7923.9	6.938212890625	6.261262664690725	55.72973	0.98945624
3008000	532.81	240	1382	8009.33	6.497091796875	5.78390479585375	61.429016	0.89806914
3040000	487.68	240	1388	8094.21	6.4916650390625	5.413923744614436	42.5197	1.1228634
3072000	329.29	240	1525	8179.31	7.05453271484375	5.868206843874882	41.819214	1.074372
3104000	563.9	240	1617	8264.78	7.4713076171875	6.4841055666915235	45.28686	0.72405434
3136000	392.51	240	1362	8349.92	7.73939599609375	6.161540873637048	46.84915	1.0196602
3168000	484.31	240	1401	8435.64	8.0413740234375	6.534541036867088	46.518387	1.4343605
3200000	473.29	240	917	8520.26	7.93847607421875	5.900086069287465	39.143085	1.078107
3232000	469.78	240	1399	8605.69	8.062673828125	6.462110421042804	47.8846	0.9042342
3264000	581.97	240	820	8691.88	8.197830078125	6.5810737155877534	49.323994	1.0792885
3296000	524.0	362	1421	8777.91	8.1105986328125	6.689492693769835	49.929523	0.78841865
3328000	642.84	259	1414	8863.61	8.0408251953125	6.872774639837974	52.730354	0.8702861
3360000	644.75	449	1390	8949.15	8.4343955078125	7.296517255684386	44.848114	1.0164652
3392000	634.46	240	988	9035.28	8.5401396484375	7.063804636136251	53.240215	1.1748786
3424000	543.24	240	1396	9120.02	8.347802734375	6.717021870777257	51.33028	1.0696754
3456000	650.23	263	1416	9205.31	9.3983837890625	7.598952179001392	50.145187	0.84934175
3488000	694.2	365	1382	9291.14	9.5424765625	7.825	45.160244	1.0607551
3520000	459.01	263	927	9375.76	9.197859375	7.118927510956268	39.86718	1.4107863
3552000	645.86	365	1422	9461.08	8.9590048828125	7.246589445646138	46.033783	1.3060582
3584000	758.17	257	1620	9547.06	8.617248046875	6.424645235828201	43.45308	1.2880632
3616000	885.94	365	1680	9632.94	8.1332734375	6.276254854608758	57.78611	1.0245389
3648000	835.04	365	1415	9718.63	8.018822265625	6.204562648265388	46.446426	1.2969284
3680000	722.41	263	1474	9804.31	7.80867822265625	6.5129798287726945	45.238895	0.6852381
3712000	900.01	365	1614	9889.8	7.15326171875	5.906894144768467	49.99305	1.1440572
3744000	824.98	435	1514	9974.45	7.4154755859375	5.968946986278233	38.64634	1.0327725
3776000	769.55	365	1431	10059.28	7.7624326171875	7.181959821316185	57.370613	0.94588816
3808000	726.83	263	1435	10145.29	7.831279296875	6.839998400950106	64.05897	0.99299705
3840000	774.5	263	1621	10230.88	7.53770166015625	6.616417199852198	46.513107	0.8901259
3872000	647.51	263	1423	10316.49	8.74047265625	7.855861167784217	47.834885	1.048017
3904000	712.94	264	1399	10402.08	8.4516181640625	8.305697874802576	69.16638	1.0729742
3936000	676.56	371	1435	10487.15	9.1411630859375	9.027073428719852	70.05303	1.053477
3968000	580.68	371	1433	10572.14	8.4729697265625	8.41410088779544	56.75066	1.1007404
4000000	854.68	240	1734	10657.11	8.7339140625	8.81890547347005	66.0372	1.2104323
4032000	851.25	240	1423	10742.05	8.552271484375	8.693541963722266	60.244663	1.3512609
4064000	776.63	365	1479	10827.22	9.112052734375	8.711018076981588	65.7362	1.3395395
4096000	778.49	371	1424	10912.68	9.218357421875	8.999213507301624	74.35466	1.1271002
4128000	857.93	240	1417	10998.44	8.9936298828125	8.431956049013776	67.76824	1.3291752
4160000	917.25	240	1485	11083.93	9.514294921875	8.484495510193874	64.289536	1.0621537
4192000	963.21	240	1611	11169.1	9.8799423828125	9.310687743126175	89.46973	1.2223618
4224000	878.63	240	1428	11254.0	9.7517177734375	8.619486462371178	64.75068	1.3581784
4256000	840.76	240	2125	11340.07	9.609142578125	8.991374338776025	80.862656	1.417938
4288000	649.93	240	1422	11425.03	11.058603515625	9.550715369149056	67.17862	1.5924008
4320000	779.95	240	1544	11510.87	10.4330166015625	8.954154936396845	99.095955	1.7619879
4352000	987.79	360	1819	11595.94	11.087326171875	9.626779867899755	104.933334	1.8413262
4384000	990.86	240	1635	11681.3	11.388234375	9.456275198247987	74.04192	1.7773917
4416000	595.95	240	1492	11766.74	11.849498046875	10.103455473252703	95.63853	1.6044929
4448000	546.96	240	1493	11851.98	12.291357421875	9.46771652775895	70.80354	1.754059
4480000	435.51	240	1251	11937.34	12.9468388671875	10.385242684935196	73.48365	1.8430194
4512000	700.3	240	1586	12022.09	15.583306640625	13.984614872244427	91.947784	1.9914887
4544000	384.45	263	1252	12107.51	15.007150390625	14.09269258782721	101.81733	1.3953335
4576000	443.48	263	1561	12193.36	17.433578125	15.89672725752065	127.62683	1.839428
4608000	330.83	257	1423	12279.72	18.759853515625	15.883048648637956	98.587875	1.4230685
4640000	804.87	240	1544	12364.39	19.3858671875	16.017099261414348	130.0881	2.4591196
4672000	319.69	258	1256	12450.42	19.77906640625	17.16966802241674	123.06915	2.2190018
4704000	846.25	240	1623	12536.46	20.4854140625	17.76675969331493	150.18483	1.142715
4736000	438.15	240	1592	12622.29	19.05103125	17.13885206190893	108.202354	1.9223734
4768000	824.43	240	1692	12707.55	19.18560546875	17.52305802364416	117.04254	1.4561017
4800000	914.21	240	1625	12792.93	21.2806015625	19.94454264328967	122.47624	1.6880662
4832000	494.66	240	1611	12877.72	20.4095703125	18.10501484395967	109.08615	1.7095463
4864000	588.99	240	1689	12963.28	19.62759765625	18.50452225133089	129.74307	1.928117
4896000	670.73	263	1487	13048.17	20.12340234375	17.819061072346095	113.84253	1.4583004
4928000	622.36	263	1436	13132.92	19.822900390625	17.76797241527575	136.31917	1.562671
4960000	813.74	240	1620	13217.93	18.21728125	16.979898041507788	102.57172	1.8185747
4992000	1000.03	240	1622	13303.46	17.5937109375	16.764986765577838	107.91977	1.8643314
5024000	984.56	263	1625	13388.43	18.51323046875	17.31055675014527	136.02821	1.9182978
5056000	974.2	240	1623	13475.28	16.94689453125	17.6122152212605	124.95146	2.153193
5088000	880.88	240	1622	13564.78	18.3013671875	18.877282974517282	122.95431	2.2303143
5120000	869.76	257	1433	13650.3	16.1724365234375	17.10652287871501	109.40692	2.184007
5152000	926.32	362	1620	13735.91	14.921759765625	16.177664000095934	101.58501	1.9414337
5184000	1059.71	263	1621	13820.99	16.0190234375	16.34391037206213	140.3024	2.373572
5216000	627.14	240	1669	13906.43	15.3488291015625	16.588460786040397	171.3105	1.4484098
5248000	748.69	263	1623	13991.62	17.073904296875	18.202002808757065	108.04431	2.494279
5280000	889.13	263	1696	14076.86	17.12615234375	17.628534220121647	141.7856	2.120935
5312000	659.69	263	1614	14161.86	17.1584296875	17.404560286028484	164.13742	2.1405287
5344000	470.03	263	1620	14247.67	15.78296875	16.947781934518748	132.05478	1.9447895
5376000	464.53	240	1621	14332.85	18.2375859375	18.88790287459145	130.53622	1.9366091
5408000	515.11	241	1689	14418.19	19.1425625	18.510459880834944	134.02173	2.0899029
5440000	798.1	240	1611	14503.01	18.431041015625	18.078212024423213	122.079834	1.9486449
5472000	630.02	263	1694	14588.16	16.567654296875	15.44797417948386	88.59472	1.641331
5504000	646.92	240	1619	14673.66	19.303294921875	17.706780127962283	117.87891	1.5958956
5536000	672.08	257	1611	14758.5	18.459181640625	17.867280675861114	132.97766	1.0823094
5568000	1086.07	240	1622	14843.85	17.5333203125	16.607547230099936	111.80117	1.713785
5600000	912.63	240	1624	14929.4	18.93541015625	17.099819991742603	135.91327	1.4812386
5632000	706.65	240	1691	15014.74	18.38716015625	16.881255322102085	101.344246	1.6870294
5664000	666.36	240	1579	15099.85	18.82090625	17.244147557939765	103.46523	2.0444903
5696000	719.82	240	1682	15185.32	20.005697265625	19.426542731531	161.33934	1.9693836
5728000	881.77	258	1692	15270.94	19.194244140625	19.021048374103884	171.4415	1.7927308
5760000	845.37	240	1620	15356.41	17.91509375	16.987189106794567	134.02925	1.3898757
5792000	754.05	240	1494	15441.68	19.1855859375	19.26899549794955	157.8959	1.9003006
5824000	1016.47	371	1614	15526.78	18.707419921875	18.271822569191066	111.42789	1.4611427
5856000	875.01	240	1695	15611.9	18.79704296875	19.35533841088809	162.5582	1.5967028
5888000	868.52	240	1775	15697.37	17.59080859375	17.386527650741538	129.97583	1.2121793
5920000	794.92	240	1620	15782.54	16.651498046875	16.208007280353744	102.50638	1.7897091
5952000	844.61	240	1687	15867.66	16.881515625	17.650267349249983	138.42102	1.757138
5984000	788.05	240	1611	15953.13	16.045755859375	16.94302308473904	126.17731	1.63796
6016000	690.99	240	1611	16037.94	16.3907109375	17.212086959459622	139.71608	1.5754666
6048000	814.55	240	1621	16122.89	15.8808642578125	16.241996105774685	131.0123	1.4595425
6080000	508.45	240	1611	16208.12	15.4790791015625	16.488136833796595	173.79086	1.4898851
6112000	396.47	240	1611	16293.63	17.27484375	18.952472628921008	121.72524	0.88749397
6144000	737.92	240	1617	16378.2	17.750021484375	18.929441354672885	129.20567	1.649242
6176000	598.59	240	1611	16463.05	18.661638671875	20.38624229719641	135.96729	1.0123875
6208000	669.39	240	1621	16548.28	18.1949296875	20.558989821973256	134.87927	1.5862166
6240000	673.13	240	1623	16633.8	19.1758203125	21.253592343413384	142.60493	1.5368837
6272000	966.97	240	1625	16718.65	20.005859375	23.140596092149398	148.60538	1.1985829
6304000	822.81	240	1622	16803.76	19.95925	22.467529347927865	191.77481	1.1685996
6336000	973.43	240	1695	16888.45	20.215115234375	22.526078636771203	189.03773	1.7897707
6368000	982.94	240	2127	16972.46	20.178943359375	20.776274780383513	137.60286	1.4752235
6400000	931.61	240	1625	17057.5	19.744359375	20.60070311300078	145.04865	1.8190857
6432000	838.48	240	1620	17142.21	20.755462890625	21.896241829364236	148.88031	1.6925944
6464000	876.84	240	1622	17227.78	20.260271484375	21.970504375184472	148.52295	1.5704334
6496000	1154.91	240	1624	17312.28	20.5448515625	22.34344283005643	156.72894	1.2591889
6528000	1055.33	328	1435	17396.42	19.26958984375	21.5954841923028	139.42462	1.3511375
6560000	1143.6	240	1492	17481.03	20.932197265625	22.74617825042264	158.27975	1.9483504
6592000	1270.75	544	1693	17565.65	19.539037109375	19.896918731301085	132.27182	1.7288804
6624000	1066.2	455	1623	17650.18	18.37705078125	18.287981880185686	151.61374	2.029588
6656000	1123.87	371	1814	17735.27	16.579484375	16.564232928210107	139.99004	1.3516788
6688000	867.08	240	1620	17820.55	15.609556640625	14.472389661006229	100.283035	1.4006451
6720000	1158.99	240	1695	17905.65	14.6849228515625	14.353078393675693	130.56573	1.4492567
6752000	1261.15	371	1693	17989.66	13.623126953125	12.937265698361458	88.40585	1.7587891
6784000	1270.57	371	1695	18074.34	11.8420048828125	10.21865481607046	73.582924	1.8978974
6816000	1273.68	371	1695	18159.9	9.958751953125	9.916831493728226	80.31473	1.6034609
6848000	1228.91	240	1695	18245.92	9.960046875	9.63666581992963	77.19759	1.2997419
6880000	1128.32	371	1624	18331.24	9.6908876953125	10.758511165584205	98.53738	1.3634038
6912000	1184.2	241	1622	18415.99	8.5831640625	9.486673630019112	91.9379	1.4967146
6944000	1224.47	241	1623	18501.28	7.70536181640625	8.575338914585242	113.740364	1.2848474
6976000	1242.05	257	1435	18586.1	7.31157470703125	7.557748507326768	78.570015	1.3243454
7008000	1123.89	371	1435	18671.16	6.8958740234375	8.388951532372802	105.82606	1.1976523
7040000	1271.35	240	1693	18755.95	7.2366357421875	8.560041161554073	99.43124	1.2611787
7072000	1203.15	240	1624	18841.02	6.844076171875	8.432121433838581	94.09366	0.88662314
7104000	1166.79	240	1623	18925.17	6.2509912109375	7.571324397025926	95.593796	1.0312192
7136000	1232.36	240	1622	19010.02	6.8764814453125	8.66401682246751	132.23685	1.1384118
7168000	1258.52	388	1624	19096.22	5.51086767578125	6.348726496314044	89.18527	0.838427
7200000	1141.11	240	1600	19182.4	5.23350390625	7.193714976022473	89.62084	0.85947317
7232000	1288.01	371	1621	19267.54	5.2825439453125	6.717058798778674	89.78473	0.8043079
7264000	1222.57	240	1623	19352.52	5.82113037109375	7.905248948483533	90.9789	0.6913573
7296000	1151.37	240	1752	19436.87	5.65537646484375	7.7488976030465135	88.97413	0.7302502
7328000	1162.49	257	1626	19521.61	5.2537099609375	6.830460269996451	114.04217	0.66635126
7360000	1240.08	347	1624	19606.73	5.38258349609375	6.294652988846963	60.661644	0.5520323
7392000	1002.45	240	1591	19691.58	5.9683603515625	8.274411327248604	98.037994	0.59469616
7424000	1204.72	371	1622	19777.11	5.686658203125	7.14106412763532	80.986404	0.73568094
7456000	1246.59	240	1624	19862.82	6.72824755859375	8.7179242440503	114.92325	0.6499916
7488000	1249.0	240	1930	19948.32	6.1232861328125	7.026497282608171	70.29457	1.0447799
7520000	1075.92	371	1691	20033.43	5.8166806640625	7.709357645906694	127.158	0.7342066
7552000	1179.94	240	1626	20118.13	7.30161767578125	10.643035428156763	99.77523	0.7715203
7584000	1290.58	240	1624	20203.54	7.3082392578125	10.848983247290965	102.12601	0.88376284
7616000	1255.57	240	1624	20289.8	6.374361328125	8.450109559200992	105.409805	0.82830393
7648000	1140.13	240	1770	20374.9	7.30143994140625	10.985230496557639	132.01665	0.98995644
7680000	1281.06	240	1999	20460.07	7.306783203125	10.37275314525994	85.525406	0.7086282
7712000	1326.79	259	1920	20545.13	7.1857548828125	10.491951528433592	130.53671	0.76871943
7744000	997.97	240	1624	20630.45	8.466765625	12.181715293832802	117.00267	0.61594176
7776000	503.91	240	1952	20715.56	8.860447265625	14.526238652004862	132.62431	0.8672413
7808000	708.41	240	1433	20800.89	13.914947265625	25.746413585196677	214.31921	0.97656953
7840000	1097.82	240	1695	20886.5	17.057521484375	29.452976292728042	255.74712	0.9921944
7872000	943.6	240	1588	20972.05	17.405798828125	25.69118525876142	216.63025	1.0992589
7904000	373.78	240	1611	21057.6	20.43771875	27.40336430075694	199.78311	1.116065
7936000	678.17	240	1621	21143.75	22.21533984375	26.39179796830826	149.86618	1.0799067
7968000	1162.97	240	1694	21229.34	23.39598828125	26.865116787388065	165.25336	1.0042441
8000000	1192.09	240	1800	21315.48	20.79158984375	26.765654297999145	150.4475	1.0830455
8032000	954.43	240	1622	21401.49	22.62495703125	27.650359400919186	174.5773	1.0605879
8064000	916.69	240	1435	21486.83	22.00805859375	26.70506155207286	183.36826	0.8099053
8096000	969.64	240	1617	21571.57	26.193236328125	29.950511264417507	225.85942	1.2467024
8128000	730.11	240	2118	21657.12	22.8755078125	25.7826746576068	165.51823	1.2743616
8160000	996.91	240	1673	21742.57	24.1496796875	26.96410345255336	182.64249	1.3368523
8192000	932.02	240	1494	21828.12	25.697322265625	28.24218697268326	197.72874	1.6775093
8224000	745.45	240	1624	21913.22	25.898962890625	29.22384193599466	185.22615	1.772005
8256000	827.64	240	1435	21998.51	27.96094140625	30.6530544970644	225.42967	1.798997
8288000	661.27	240	1624	22084.31	29.4218671875	33.047049792681946	235.17754	1.8486743
8320000	566.11	240	1435	22169.76	25.01855078125	28.491955004878132	205.7379	1.761101
8352000	841.66	240	1427	22254.9	25.470625	28.46788431724423	223.19177	1.9341011
8384000	1104.66	240	1435	22340.49	24.128076171875	28.397275397474314	212.95724	1.2901592
8416000	630.84	240	1435	22425.94	24.212080078125	28.606830478051915	252.30511	1.7321522
8448000	699.72	240	1618	22510.84	23.52355078125	27.00346389817425	215.90152	1.4994404
8480000	937.86	240	1818	22594.04	23.91762890625	28.502755349264042	165.02272	1.4854976
8512000	754.27	240	1817	22677.15	24.643580078125	30.287961717487693	232.16107	1.4460717
8544000	922.82	240	1621	22760.98	26.88872265625	31.693464428806138	227.21863	1.3938136
8576000	764.29	240	1435	22845.64	23.030162109375	27.18811321147534	202.72028	1.3441201
8608000	784.31	240	1623	22930.71	22.2317109375	27.090383441361624	207.5599	1.4063675
8640000	981.77	240	1622	23015.48	23.18148046875	32.24511494009597	341.0611	0.7588064
8672000	1143.52	241	1624	23100.68	24.636814453125	31.394943860437145	220.41953	1.0781441
8704000	1210.21	241	1624	23185.89	21.27523828125	30.239197451321356	246.51405	0.99367315
8736000	643.46	240	1611	23270.87	22.54186328125	31.20353846120661	219.31546	1.2285824
8768000	578.11	240	1694	23355.46	19.93553125	27.302416330793875	193.3111	0.88146377
8800000	764.24	241	1776	23438.61	21.25803125	29.707219240447262	199.53691	0.9543925
8832000	974.97	240	1611	23522.81	20.24479296875	26.79970498904792	168.52808	0.9019282
8864000	1103.68	240	1936	23604.92	19.68880859375	27.88997131586908	174.87735	0.92499375
8896000	688.22	240	1696	23686.92	19.64841015625	26.394776945448886	149.50366	0.973333
8928000	276.36	240	1251	23770.03	22.058302734375	30.903297760918655	243.08511	1.1541607
8960000	893.86	240	1693	23853.86	21.80982421875	27.853850721219857	167.12634	0.80259085
8992000	912.0	241	1624	23938.09	21.237091796875	28.11488707073176	234.24756	0.91560817
9024000	816.18	240	1611	24021.49	21.26812890625	27.20651461506968	221.52036	1.0293516
9056000	783.92	240	1437	24104.86	21.52823828125	28.532423442462786	184.04822	0.9319916
9088000	731.33	240	2017	24189.66	20.54896484375	26.90413769292746	167.04973	1.2670121
9120000	792.64	241	2234	24274.83	22.64030078125	29.97161052562908	243.33717	1.1517602
9152000	879.93	240	1437	24360.34	21.558353515625	30.000796864416785	219.53955	1.0148883
9184000	807.06	240	1745	24445.35	21.514767578125	28.61394546370703	195.54721	0.9423718
9216000	776.52	240	1961	24530.86	21.371505859375	29.038700470234545	264.26376	1.045749
9248000	544.75	240	1611	24614.29	21.44658203125	27.467191793119298	177.89754	1.1145728
9280000	635.82	240	1693	24698.48	21.606568359375	27.68998690862818	201.2365	1.1211197
9312000	394.69	240	1685	24782.84	21.542927734375	27.601568116684966	244.5706	1.0595341
9344000	1097.02	240	1694	24867.96	22.82506640625	28.444920460426673	195.09155	1.0472932
9376000	1154.26	388	1680	24953.01	21.9746015625	25.390364806359123	171.77434	1.2827928
9408000	1306.49	263	1694	25038.13	20.11991015625	26.957678637078526	256.2941	1.0941392
9440000	1256.27	241	2009	25123.54	20.5350546875	27.315472950326157	198.84517	1.2118518
9472000	1289.72	240	1718	25207.97	20.7275390625	26.065143151342944	181.60703	1.1895808
9504000	1240.73	240	1721	25293.23	17.92908203125	23.09920859033919	191.65155	1.3376427
9536000	1106.51	241	1611	25378.12	17.2619453125	23.172718334282667	196.58704	1.23702
9568000	1159.2	241	1817	25463.58	17.475396484375	24.62132206036061	277.02255	1.2161512
9600000	1153.56	240	1695	25548.59	15.083427734375	22.66645994084652	185.22379	1.2379664
9632000	1172.81	240	1693	25633.83	14.3654609375	21.96426358883903	249.10175	1.2456049
9664000	1223.27	373	2112	25718.99	12.6350234375	19.070348384337397	167.37402	1.1177702
9696000	1235.76	240	1824	25804.4	12.6933662109375	18.682782849457947	171.87408	1.0563208
9728000	1249.3	365	1817	25889.83	11.60558984375	18.545578987996034	187.68951	1.0725319
9760000	1281.47	365	1697	25974.83	10.0950205078125	15.138798457935822	135.02354	1.1565967
9792000	1303.61	263	2124	26059.16	7.6022021484375	11.174634362027243	135.25462	0.8724553
9824000	714.38	240	1611	26144.12	8.7131484375	15.76269775847396	134.95203	1.2322081
9856000	749.78	240	1945	26229.01	12.294603515625	22.45412128095865	181.38524	0.9381677
9888000	1050.34	240	1694	26313.94	11.821701171875	19.630773036230643	149.45097	1.2006061
9920000	684.55	240	1696	26398.43	12.6177978515625	17.42723264032474	125.74167	1.1921198
9952000	931.35	240	1694	26482.19	11.804451171875	15.146046823346348	117.492096	1.1601799
9984000	623.25	240	1422	26565.96	14.248056640625	17.554122557108915	128.64322	1.075496
10016000	787.34	240	1687	26650.39	14.415091796875	19.259823792028836	145.34613	1.1745818
10048000	391.18	240	1611	26733.09	17.544005859375	23.69907434901203	163.2214	1.1167054
10080000	606.72	240	1423	26817.56	17.52679296875	24.26822511021356	165.04517	0.98266053
10112000	390.47	240	1423	26900.62	20.50369140625	25.525269342359543	167.96793	1.4218462
10144000	551.23	240	1830	26985.6	19.183123046875	28.184447173929097	288.4377	1.0521398
10176000	501.2	240	1811	27071.39	25.48223828125	34.436877036107674	202.74524	1.03958
10208000	546.75	240	1618	27156.11	22.735515625	32.176509288609914	224.28552	0.83562505
10240000	625.58	240	1421	27241.59	24.105591796875	34.558287717998994	317.55362	1.2818471
10272000	360.34	240	1611	27326.76	24.08919921875	36.5530829753114	333.7599	1.1271176
10304000	636.75	240	1712	27411.95	27.2798359375	39.64799175242045	283.24542	1.3713932
10336000	676.3	240	1423	27497.31	25.506380859375	37.17995427646462	297.95898	0.96965057
10368000	777.13	240	1619	27582.84	23.93694921875	35.25627071883809	226.49152	1.1453418
10400000	499.78	240	2013	27667.92	25.211861328125	37.979589913531186	307.5499	0.84490705
10432000	874.43	240	1430	27753.12	25.9574921875	36.42287914209968	271.1088	0.97638655
10464000	956.52	258	1958	27838.35	23.67045703125	30.82614657234991	206.8197	1.5762672
10496000	1202.66	365	1832	27922.42	28.02164453125	35.71681676745563	231.61826	1.5020878
10528000	1148.92	240	2004	28005.07	25.37183203125	33.57360011973694	228.14229	1.7934567
10560000	729.93	240	1611	28089.54	26.08763671875	32.4883863865228	262.5448	1.59696
10592000	800.39	240	1594	28174.92	24.54410546875	31.658227603578823	218.87093	1.4100485
10624000	1154.45	240	2126	28259.13	26.217078125	33.18149333589433	232.3588	1.2790214
10656000	953.67	241	1437	28342.62	22.17676171875	28.338178752347513	171.61043	1.3305334
10688000	903.05	263	1427	28427.36	19.8750703125	24.393449428073925	149.7178	1.5145315
10720000	718.29	263	1625	28512.24	19.105640625	24.888162346786473	213.94409	0.978632
10752000	508.9	240	1423	28596.63	19.3555234375	22.97874833405858	176.18495	1.7318871
10784000	771.54	257	1433	28681.92	19.3272109375	23.379868476961114	215.71902	1.5384142
10816000	739.85	263	1619	28766.74	18.63160546875	22.575236017592374	173.21881	1.6215202
10848000	831.94	241	1833	28851.45	18.54971875	22.409693773008144	153.99457	1.5019386
10880000	1059.3	361	1818	28935.98	19.980830078125	23.30428608646916	153.3189	1.1557095
10912000	1093.35	263	1927	29021.14	18.38591796875	23.765350302488706	154.49739	1.2775981
10944000	1095.23	365	1820	29106.82	18.39467578125	23.66032544154877	180.78616	1.0105523
10976000	961.07	361	2129	29191.9	17.378337890625	22.14955276072183	146.20097	0.8726356
11008000	1281.06	365	1722	29275.9	17.9038671875	22.711218318267296	151.08658	0.9920832
11040000	1010.66	241	1721	29360.23	15.81864453125	21.2726849504241	203.58234	1.1232692
11072000	1042.05	365	1619	29445.08	17.557126953125	21.43064248920223	191.92941	1.1630924
11104000	1148.54	257	1938	29529.7	15.5185	19.20999983732431	172.19966	0.98501074
11136000	980.95	337	1833	29614.83	15.5217431640625	19.507990350110386	210.42986	0.81613463
11168000	1155.38	257	2182	29700.62	15.7345732421875	19.881102836613465	165.87836	0.97172195
11200000	1138.11	257	1818	29787.36	14.82850390625	16.67155792810018	150.6174	1.1250246
11232000	589.04	362	1801	29872.6	13.9703798828125	16.494052905517187	133.23581	0.94497037
11264000	1055.36	240	1816	29956.82	15.347216796875	17.412875983019003	141.76808	1.2059164
11296000	1114.39	240	1611	30041.76	15.40691015625	17.813709608051884	131.78061	1.1446807
11328000	1272.14	430	1928	30126.87	15.14220703125	19.1615092698879	161.49272	1.2805738
11360000	1056.92	240	1814	30211.84	13.857384765625	16.517806679459596	152.88176	0.94702613
11392000	1163.73	371	2072	30296.2	13.72066796875	15.101933857953425	154.55797	1.321666
11424000	1159.64	365	1623	30381.18	14.19865625	16.394217730651256	128.50223	1.3395244
11456000	1161.42	379	1695	30466.21	11.98710546875	12.645888042166117	125.629776	1.3688102
11488000	1187.45	240	1870	30551.71	12.3323662109375	13.569018019001964	127.14212	1.4167373
11520000	1144.22	263	1611	30638.06	12.8594013671875	16.600215548299364	238.99948	0.98140967
11552000	1115.75	241	2119	30723.99	12.03796484375	14.094200935136408	121.290085	1.5593965
11584000	1008.23	240	1436	30810.33	11.77236328125	14.208401453893398	144.71228	1.6337432
11616000	1139.86	263	1690	30896.23	11.8058876953125	13.854041039530669	140.7882	1.4954678
11648000	1210.88	365	1711	30981.8	11.8112216796875	16.056057073578184	213.70633	1.2770994
11680000	1330.8	456	1833	31067.18	11.741052734375	15.149760724183073	174.55908	1.3135575
11712000	1125.65	551	1688	31152.72	10.284333984375	11.638913716494336	105.35826	1.5161829
11744000	1182.91	263	1693	31238.0	10.2789052734375	11.538753994691108	99.99644	1.1459994
11776000	1229.37	257	1925	31322.65	10.952181640625	13.411099647307077	109.84499	1.3288502
11808000	1256.5	403	1986	31407.29	8.915033203125	11.431169012835039	110.97077	1.1702989
11840000	1209.21	437	2327	31491.69	9.3764765625	13.18021896157268	132.01398	1.3705965
11872000	1177.76	257	2125	31575.34	9.46598828125	13.48189816476152	136.82613	1.2299461
11904000	1086.56	263	2125	31659.27	9.0113935546875	12.784033009969898	124.65153	1.1017742
11936000	1322.55	263	1816	31744.68	8.87521484375	12.601478087906989	106.236046	1.0824345
11968000	916.44	373	1690	31828.8	8.900796875	12.236428706938966	134.64598	1.0492287
12000000	916.79	257	2324	31913.8	8.380009765625	11.105703771035854	137.51154	1.089453
12032000	1063.0	365	1819	31998.01	9.672203125	11.36497429055605	94.13764	0.96826744
12064000	1249.12	263	2316	32082.91	9.2522275390625	10.48698002286645	87.34007	1.4189857
12096000	1145.04	373	1815	32167.41	8.400224609375	9.685734516545454	73.42829	1.2868204
12128000	1096.8	263	2259	32251.7	8.271544921875	9.959899284129333	92.87199	0.8756376
12160000	1125.96	241	2315	32336.68	9.293306640625	11.422448771498168	136.83002	1.132226
12192000	867.97	263	1800	32421.93	8.5445029296875	9.495124571326066	72.53788	1.1981145
12224000	699.67	241	1765	32506.42	10.07038671875	12.099940599027748	113.02547	1.2882819
12256000	1128.07	371	1695	32590.91	11.4257685546875	14.912611064129582	157.24529	1.2846246
12288000	1220.54	359	2203	32675.93	10.81762109375	14.312360261326571	127.69417	1.6827962
12320000	1033.31	240	2196	32760.73	11.708369140625	14.14708781869965	141.02196	0.92682767
12352000	399.22	240	1489	32845.11	11.24862109375	13.070642199218828	129.99785	1.3185086
12384000	983.93	257	1811	32930.17	12.1746328125	15.29154535601291	176.42139	1.2081836
12416000	1076.69	367	2127	33015.25	12.2545888671875	15.707545957277986	128.95314	1.468664
12448000	1063.02	257	1950	33100.2	12.811515625	15.906551323275577	114.4501	1.6082418
12480000	1073.13	363	1693	33184.69	13.1910615234375	16.45593452982844	101.42884	1.9125242
12512000	1073.63	363	2016	33269.13	12.556162109375	15.77565668205289	124.07128	1.6718956
12544000	1055.33	263	2233	33353.88	12.833416015625	17.21579035362594	152.8947	1.2719553
12576000	886.45	263	2194	33438.62	12.654439453125	16.547892615073376	125.964874	1.6459141
12608000	1045.66	366	1907	33522.95	13.3882197265625	19.370033234354555	197.67293	1.5154574
12640000	1045.53	263	2126	33607.72	13.25669921875	17.93100056466454	199.41518	1.5400262
12672000	914.76	263	1691	33691.87	12.84096875	18.9085298212209	223.83739	1.0049633
12704000	976.55	240	1678	33776.74	13.424150390625	19.00104437919137	168.78569	1.3719121
12736000	556.14	240	1611	33861.35	13.0276875	19.45810884952595	237.69296	1.5807908
12768000	428.47	241	1619	33946.11	13.505841796875	20.924354828763537	169.85712	1.6222506
12800000	712.43	263	1710	34030.58	16.634732421875	22.859222701133124	185.83733	1.7332836
12832000	971.93	263	1930	34115.24	17.60470703125	21.83424202943624	180.93282	1.8338921
12864000	857.56	263	1953	34199.72	18.7405078125	22.66256549907799	156.3161	1.5232849
12896000	808.23	263	1691	34285.21	17.757578125	22.761208090740702	176.32602	1.688377
12928000	1100.05	240	1945	34369.95	17.579130859375	22.571885859404837	205.36206	1.948936
12960000	926.11	263	2111	34454.87	17.886208984375	21.177452632457946	150.37546	1.2714047
12992000	697.09	240	1611	34539.05	18.15121875	22.640894969059858	184.72784	1.9865804
13024000	961.47	263	1623	34623.89	19.165185546875	24.084506170980546	188.1086	1.574034
13056000	945.41	257	2205	34708.66	18.20709765625	23.49792145063048	224.95477	1.6635208
13088000	1043.53	240	1936	34793.72	17.388755859375	22.120727694856694	147.91138	1.8972212
13120000	1000.98	263	1693	34878.45	16.821875	21.09702067236035	204.67209	0.7689686
13152000	737.55	257	1694	34962.69	19.6196953125	23.788081311867085	179.41554	1.3097372
13184000	1031.78	257	2018	35047.68	19.09364453125	22.072379516037685	159.292	1.4259424
13216000	1109.72	258	2114	35132.31	20.06133984375	24.337423600290972	190.61699	1.5605853
13248000	1091.88	257	1887	35217.38	17.96176953125	20.368367785613064	161.21829	1.639177
13280000	1084.06	253	1867	35301.83	18.874755859375	23.876793126381106	183.4797	1.6911194
13312000	1139.86	257	1952	35387.95	18.7515	22.289673898466976	138.4682	1.7167647
13344000	932.51	359	1933	35474.73	18.04284765625	20.679804459907256	178.51424	2.0871205
13376000	802.24	356	2136	35561.92	18.7687265625	22.030139865647698	156.67694	2.0979376
13408000	1060.27	365	2136	35649.42	17.9766796875	21.4922602347915	153.90471	1.1444768
13440000	1217.05	357	2118	35736.58	19.196869140625	23.364551140563346	154.19058	1.7781798
13472000	1286.12	258	1817	35821.35	15.9772470703125	19.40509598018005	195.29552	1.5179548
13504000	1281.83	257	2134	35905.86	13.8156171875	16.00779400011132	119.687645	1.4635849
13536000	1232.77	371	2131	35990.1	14.161376953125	17.403705603979862	133.0534	1.5625578
13568000	1171.12	240	2125	36074.82	12.344361328125	15.914761229751454	197.33063	1.6409547
13600000	1190.58	377	2120	36159.47	13.1481767578125	16.769515683227112	122.42189	1.504118
13632000	1309.04	263	2089	36245.31	12.8533046875	14.89452237821005	150.63506	1.7574879
13664000	1308.26	263	2227	36329.94	10.730521484375	13.554219822623507	223.07411	1.6548413
13696000	1306.27	258	1944	36414.81	9.9920595703125	12.519044866722062	112.22065	1.4908798
13728000	1302.56	368	2233	36500.12	9.679283203125	11.357669490260754	107.982735	1.5559722
13760000	1385.79	368	2233	36586.04	8.47193359375	9.71126681360367	106.746155	1.287797
13792000	1414.88	258	2228	36671.1	8.07721044921875	8.959428518326378	90.4779	1.4194754
13824000	1334.1	250	2228	36755.55	7.987642578125	9.534645296889654	105.531235	1.1127964
13856000	1389.03	371	2121	36840.21	7.5484375	8.803732784308028	103.212906	1.1950891
13888000	1411.84	385	1820	36924.84	7.05566455078125	8.208795778005443	78.14152	0.93185866
13920000	1277.05	263	1948	37011.06	7.21877978515625	9.198171098783714	115.03163	1.1465514
13952000	1252.06	263	2314	37098.01	7.3657353515625	10.178591196722659	110.85598	1.0730842
13984000	1389.53	541	2314	37183.55	7.19884423828125	8.95828570723774	97.97859	1.0887463
14016000	1250.39	241	2120	37268.76	7.040251953125	8.716080236407878	138.92487	1.3539605
14048000	1234.89	258	1930	37353.63	7.2297783203125	9.4504637783021	139.84016	1.0069864
14080000	1275.74	258	2323	37438.71	7.8642392578125	11.523715356819604	134.57771	0.9663807
14112000	1399.01	383	2323	37523.83	6.73095849609375	10.281753407128573	157.74878	0.97380424
14144000	1301.31	380	2018	37608.57	7.11407666015625	9.846671391896857	123.98656	1.1005455
14176000	1287.99	257	2118	37694.0	7.22282861328125	9.6270192687041	103.73982	0.90672725
14208000	1400.4	263	2761	37779.46	7.3793173828125	11.0174059730501	152.29616	0.9571277
14240000	1375.83	367	2122	37863.68	6.49354296875	8.076598864543788	107.58516	1.0529861
14272000	1366.36	360	2115	37948.37	7.08028466796875	9.31656496851173	134.15492	1.0903127
14304000	1327.85	360	2115	38031.74	7.3686162109375	9.719160361111447	119.74182	1.072563
14336000	1132.48	371	1819	38116.86	6.7186533203125	8.385279139658977	149.15985	0.84557426
14368000	1130.89	257	1832	38201.5	8.0123583984375	10.969677667324596	132.67607	0.7080316
14400000	1397.69	257	1819	38285.62	8.0121455078125	11.4438725416705	118.231285	1.1440122
14432000	1106.35	258	1693	38370.39	7.74850537109375	9.3359687499477	130.19038	1.0842042
14464000	1198.82	366	2124	38455.63	8.65631640625	11.476520868712782	146.2965	1.3787812
14496000	1254.46	342	1813	38540.87	8.4164794921875	10.459594877431917	135.61365	1.1750846
14528000	1274.12	367	2324	38625.64	8.627025390625	11.955330923901688	134.22166	1.0303233
14560000	1411.02	365	1816	38711.38	8.4082998046875	12.191431417188058	163.70825	1.190684
14592000	1360.58	257	1951	38796.74	8.15849609375	10.265821630536935	131.68675	1.2348242
14624000	1356.29	258	1942	38882.23	8.109435546875	9.920955173898328	133.14214	1.2217013
14656000	1197.46	365	1934	38967.66	7.238619140625	6.830101115649753	89.05696	0.7613577
14688000	1349.56	372	1814	39052.28	8.514794921875	12.04023722772936	208.58102	1.180608
14720000	1336.91	257	2329	39137.24	8.04969482421875	10.227541325387055	111.887665	1.2919776
14752000	1242.22	365	2329	39222.25	7.0325029296875	9.012246008903663	142.24005	1.1930174
14784000	1357.27	365	1832	39307.16	7.5674423828125	9.223472519203384	118.02899	1.0924051
14816000	1155.89	257	2317	39392.11	7.53129345703125	8.964299854143658	126.2407	1.0631781
14848000	1062.23	257	1819	39475.16	7.650255859375	9.058942836363412	104.75402	1.0175111
14880000	822.06	257	1819	39559.03	9.0788388671875	14.380409851600197	147.08636	1.3173072
14912000	1055.22	257	2017	39643.61	7.8621572265625	11.609587901816326	129.75906	1.0092999
14944000	1159.9	257	2122	39728.52	8.70500390625	15.272311035825586	154.95526	0.9556593
14976000	1251.47	257	2122	39813.97	8.630814453125	13.74658537146589	148.64113	0.93067306
15008000	1273.51	363	2125	39898.4	9.4370927734375	15.057433795305228	180.30917	1.0524939
15040000	1415.39	649	2019	39982.87	8.496888671875	13.59147365998257	137.29825	0.8387866
15072000	1392.16	365	1922	40066.91	7.94552587890625	12.620980795881119	129.47063	0.9184014
15104000	1267.04	257	1813	40150.99	7.7989326171875	11.891688273748182	111.168335	0.68238205
15136000	1305.93	257	1819	40235.08	7.0069677734375	10.331971012348031	125.88496	0.64376956
15168000	1334.38	371	1908	40320.04	6.53661474609375	11.292216276599559	160.7716	0.6987977
15200000	1397.0	371	2011	40405.35	7.38332275390625	13.140232232536835	173.93248	0.81871355
15232000	1401.15	257	2011	40490.34	7.0975302734375	11.88869670632572	138.82957	0.83093524
15264000	1350.28	257	1820	40574.52	6.31183984375	9.840654672073399	124.3189	0.7225268
15296000	1240.73	258	2121	40658.87	6.6283701171875	10.110825726665453	99.23057	0.77459073
15328000	971.86	263	2325	40743.41	7.508498046875	11.528767009095118	102.013725	0.80583924
15360000	1214.08	365	2325	40827.88	8.36665625	13.262379829804303	119.54294	0.8991425
15392000	1329.68	362	1818	40912.7	7.17138427734375	11.837107306052438	163.95699	0.8105968
15424000	1284.04	371	1817	40997.09	7.0065380859375	9.467391816783543	92.47532	1.010022
15456000	1374.53	365	1953	41081.69	6.5683642578125	8.616765997170864	112.427185	0.60648865
15488000	1290.7	365	1947	41166.53	8.05355859375	12.564300244144121	219.8088	0.9927101
15520000	1204.88	309	2021	41251.09	7.30483154296875	13.058222984005136	218.62003	0.9127259
15552000	1159.04	361	2323	41336.31	6.7634208984375	9.444738945571762	127.064995	0.9744209
15584000	1096.47	346	2323	41420.66	7.35471142578125	11.745172545561006	147.9315	0.9313152
15616000	1162.32	346	1930	41505.83	8.1093603515625	12.036882123290898	139.22147	0.56903994
15648000	1140.53	263	1693	41591.08	7.8838330078125	11.556785074145838	235.37488	0.8138682
15680000	1218.61	263	2143	41675.36	10.34414453125	15.939987550967535	181.81447	1.2539897
15712000	1176.98	263	1819	41758.79	9.86504296875	13.02066626559486	138.69258	1.2240317
15744000	1243.39	263	2015	41843.72	9.794087890625	12.587784256969135	128.97855	1.0923812
15776000	957.95	263	1805	41928.17	10.46341015625	14.713787114471923	236.32797	0.91824156
15808000	900.64	371	2130	42012.61	10.6091875	14.226626664462662	167.92786	1.3293334
15840000	1087.13	263	1945	42097.2	10.329171875	11.892278219500248	140.02596	1.3616894
15872000	1060.78	371	2021	42182.28	10.2728125	11.642158036635648	113.64356	1.0998023
15904000	1249.42	365	1817	42266.75	10.186330078125	12.284855386816728	146.59116	1.1786714
15936000	1230.74	263	2123	42351.74	10.944501953125	12.779709259212433	179.47772	0.9473549
15968000	1219.75	365	2019	42437.09	11.284365234375	15.650277054256899	194.61319	1.1442685
16000000	1319.47	371	1937	42521.83	9.04065234375	11.931085973204619	180.29016	1.073211
16032000	1219.76	371	2117	42606.2	9.914927734375	12.970691722109503	156.75116	1.1279206
16064000	1159.5	257	2127	42690.32	8.98884765625	11.597959141590385	150.33122	1.0028923
16096000	603.56	257	1799	42774.55	9.254421875	11.030902260808043	117.39624	1.0440046
16128000	1047.9	371	2129	42859.91	10.513427734375	13.0143694622521	170.17664	0.9328227
16160000	1210.99	371	2328	42945.33	9.5964130859375	15.066688214401996	164.61447	0.73226964
16192000	1143.36	258	2328	43031.62	10.343048828125	15.740398859304678	159.174	1.0813389
16224000	1100.19	371	2328	43118.33	10.5218828125	17.41640659694186	159.6409	0.78676164
16256000	951.94	371	1946	43202.73	9.864580078125	17.435533043185114	227.54533	0.8676073
16288000	864.92	357	2317	43286.93	10.3025244140625	16.985704467286602	161.0972	0.628122
16320000	1086.92	257	2417	43372.34	11.634828125	17.078476037105887	165.43933	0.7654815
16352000	1290.42	371	2317	43457.03	10.058943359375	14.90405146260573	145.55367	0.7644005
16384000	1153.77	263	2311	43543.51	11.079892578125	16.824992570577855	181.4118	0.7059041
16416000	1198.08	258	2016	43629.82	10.3885234375	14.668213400922417	148.46953	0.8078834
16448000	1260.37	365	2127	43714.94	10.220576171875	14.272496496759073	135.39891	0.84297323
16480000	1226.08	258	2012	43799.91	11.388470703125	16.30739958577087	155.4136	1.0760944
16512000	1160.66	337	1948	43884.46	10.781701171875	14.605756570612835	174.96753	0.92336404
16544000	1144.98	360	1823	43968.99	11.0053955078125	14.373074871091433	107.52767	1.1594294
16576000	1305.83	360	1816	44053.88	10.897404296875	14.728413229197502	121.78371	0.9550212
16608000	1266.65	365	2013	44137.93	10.0438271484375	14.48494962452407	140.00983	0.962603
16640000	1336.57	365	2013	44222.51	9.13150390625	12.41978638101316	166.7727	0.69442374
16672000	1239.87	360	2318	44307.21	8.72031640625	10.729588543485718	88.73222	0.9818269
16704000	1358.69	360	2124	44392.03	9.5336962890625	15.01304120589829	151.8355	1.0230044
16736000	1096.99	367	2511	44477.05	10.256865234375	15.667759492026931	207.25146	1.3126836
16768000	1246.03	257	2191	44560.74	10.141396484375	14.059505792345618	109.03739	1.0506474
16800000	1325.95	443	1817	44644.88	9.213091796875	11.244627536628325	93.6209	1.0111932
16832000	1270.41	365	1731	44729.51	8.1809326171875	9.65041207021752	107.85859	0.91799
16864000	1295.88	443	2111	44814.99	9.05101953125	11.04439938668011	92.88655	1.1630375
16896000	1216.1	258	1819	44899.85	8.218890625	10.329335500166504	92.1622	0.95752096
16928000	1254.24	365	2119	44984.45	7.791845703125	9.073531217227393	85.9685	1.1069937
16960000	1311.76	258	1953	45069.61	8.889072265625	11.22649767291652	118.27292	1.1570288
16992000	1365.46	258	2116	45154.07	7.7828603515625	9.48760128404435	108.50757	1.1470755
17024000	1190.12	258	2270	45238.11	8.331986328125	10.583432291204021	122.66605	0.78955626
17056000	1336.78	365	2319	45321.74	8.5531962890625	11.3014386528884	115.13903	1.1252518
17088000	1363.55	365	2319	45406.29	8.6833681640625	11.330636704307485	120.7485	1.0091388
17120000	1336.0	257	2021	45491.51	7.74799755859375	10.642329250450768	129.55746	0.99872494
17152000	1275.69	258	2010	45576.77	8.010703125	10.369769389311413	98.50039	0.9291148
17184000	1273.3	258	1818	45661.54	8.835494140625	13.774858778767934	126.44172	0.9615594
17216000	1345.23	365	2019	45746.7	7.63322607421875	8.850135945283553	78.86217	0.7774365
17248000	1484.08	565	2515	45831.73	6.5597333984375	8.451284111009404	99.27761	0.9046494
17280000	1411.89	360	2316	45914.34	6.5375986328125	8.330786277417037	119.164566	0.78999496
17312000	1262.12	257	2019	45996.23	6.945716796875	9.623988583222655	98.19704	0.8405114
17344000	1303.84	258	2018	46078.29	7.2162353515625	10.139683026357382	119.58002	0.7722903
17376000	1120.42	258	2061	46160.28	8.438962890625	13.858663242715728	156.14674	1.0640281
17408000	1095.01	257	1817	46243.53	7.8858046875	12.452402504135497	182.92938	0.85944104
17440000	1214.22	258	2098	46325.18	8.10274169921875	11.843690303279633	172.45401	0.9567247
17472000	1360.71	365	2128	46408.68	7.3848037109375	10.535851739418128	121.867065	1.1052113
17504000	1428.35	384	2124	46489.88	7.573029296875	10.52033707575475	125.95541	0.8477955
17536000	1373.0	258	2124	46570.36	7.062474609375	10.408418317640773	155.72568	0.93777585
17568000	1286.41	257	2315	46653.56	7.767166015625	10.378961216687342	100.24784	0.8567964
17600000	1377.05	257	2330	46737.33	7.8437041015625	11.344157361831684	159.59357	0.7632226
17632000	1285.15	258	1832	46820.8	7.94295068359375	10.441399720583442	98.74478	0.9110078
17664000	1253.31	250	2121	46905.51	7.4934892578125	10.077866372650512	131.09795	1.0636177
17696000	1191.24	367	2118	46991.95	7.9469765625	10.246166966236691	105.27658	0.8019339
17728000	1252.63	360	1829	47076.01	7.83053271484375	10.680517455863269	134.95737	1.1767336
17760000	1095.9	360	2131	47160.62	7.83150439453125	10.234994733144713	122.25808	0.8936931
17792000	1245.74	367	2086	47244.27	8.3675234375	11.532343105371085	134.28409	1.1174281
17824000	1014.41	257	2449	47328.85	8.437494140625	10.566538429164018	111.999374	0.93395376
17856000	1293.44	363	1829	47412.93	8.63546484375	11.699327571488885	158.47685	0.8710409
17888000	1336.95	257	1817	47497.49	8.381693359375	10.732931580537537	101.83992	1.1581833
17920000	1369.28	360	1824	47581.99	8.01493994140625	10.256439288320289	121.636635	0.82380617
17952000	1325.96	360	1817	47666.16	8.474677734375	12.390435449369809	178.23448	0.8630668
17984000	1165.63	363	2126	47749.47	8.200486328125	10.629300967725959	107.44625	0.8053256
18016000	1012.79	371	1818	47833.07	8.391638671875	10.547044906038847	106.35886	0.78703225
18048000	1123.96	367	1952	47917.31	8.3810693359375	10.927907936791927	119.29985	0.765235
18080000	1187.54	240	1993	48001.37	7.78784814453125	8.890303706848265	81.060905	0.75431573
18112000	1183.33	257	1818	48086.11	9.630587890625	13.389641518726332	112.4587	1.0309045
18144000	1125.21	365	1818	48169.95	10.194859375	14.055016897890944	164.37935	1.1848925
18176000	1201.75	257	2127	48254.09	10.027564453125	13.23575118287587	146.93776	0.6719667
18208000	1329.84	257	2127	48338.58	10.04869921875	13.5266080374941	166.96854	1.1240555
18240000	1344.86	257	2117	48422.43	8.906138671875	12.833722058506645	102.0621	0.6858078
18272000	1316.99	257	2022	48506.36	8.67710546875	12.434335024439385	144.24255	0.893099
18304000	1378.75	257	2022	48590.83	8.085375	11.028261989089668	122.15703	0.9754714
18336000	1373.87	358	1834	48674.76	7.67242529296875	10.132432842733278	126.51864	0.7254521
18368000	1406.42	263	2123	48759.28	8.3659453125	11.198351580701509	102.36769	0.9474651
18400000	1358.96	258	2123	48845.02	7.9977900390625	11.195051571453345	129.10979	0.6676154
18432000	1401.47	258	2124	48930.34	8.26769921875	12.809741166393644	162.90088	0.7987576
18464000	1475.05	365	2124	49014.62	7.4402490234375	10.813744509303888	140.1046	0.63011336
18496000	1471.44	384	2119	49099.3	6.8730927734375	11.005629951302197	199.0601	0.91645974
18528000	1377.87	384	2125	49182.95	7.120591796875	11.448995589133572	138.25453	0.6941755
18560000	1351.99	257	2125	49267.49	7.07436669921875	12.375881913019372	164.25806	0.6952336
18592000	1418.05	257	2125	49351.61	7.5104658203125	10.245201239482805	93.071075	0.54602444
18624000	1390.58	241	2125	49435.85	6.14337646484375	8.366262232920983	114.0343	0.7076446
18656000	1281.94	240	1818	49520.42	5.99771044921875	8.55758892007556	108.92414	0.6326715
18688000	1073.64	386	1811	49604.68	5.75304345703125	7.606946866187511	72.185234	0.6753709
18720000	1269.64	240	1833	49688.66	6.6873359375	10.9892706906555	136.20847	0.7485352
18752000	1482.7	240	1935	49772.88	6.0009013671875	8.110599257299056	77.04547	0.7277093
18784000	1482.07	263	2122	49857.08	5.93566015625	7.539723449006601	66.479195	0.64268714
18816000	1369.49	240	2125	49941.18	5.926646484375	8.389949344304767	107.66282	0.73127663
18848000	1466.17	240	1830	50025.14	5.6649794921875	8.34454162911301	93.30913	0.56122833
18880000	1345.11	240	2021	50109.55	5.5051728515625	8.845965711837232	118.01843	0.5285229
18912000	1338.52	240	2127	50193.73	5.5728291015625	8.252014905463998	95.1265	0.7270355
18944000	1508.48	263	2127	50278.1	6.10101171875	10.124850307535416	145.89642	0.66392046
18976000	1514.87	257	2127	50362.62	5.65350146484375	7.885003071495914	95.56891	0.63966024
19008000	1416.37	257	2124	50446.96	6.2603369140625	11.044464464721683	175.67676	0.59454286
19040000	1424.88	365	2124	50531.09	4.93102880859375	7.417392988779818	90.48903	0.3857121
19072000	1446.15	360	2328	50615.61	5.1420830078125	7.737283417808863	94.60002	0.58695877
19104000	1369.76	360	2328	50701.02	4.65948486328125	7.404485021762149	93.58523	0.577631
19136000	1256.1	367	1825	50785.65	4.99237841796875	7.006584236006159	102.31429	0.52989316
19168000	1457.36	264	2304	50870.38	4.5184072265625	6.6493834888093195	98.273575	0.5192907
19200000	1437.35	263	2211	50955.39	5.16713818359375	9.044325309966466	94.48031	0.5470904
19232000	1397.35	263	2019	51041.56	5.26175244140625	8.61466772429442	106.08076	0.47534502
19264000	1170.13	263	2127	51126.5	5.14064306640625	8.904295399552959	111.04786	0.5049565
19296000	1249.25	263	2127	51210.79	5.159658203125	10.07913686780768	145.04588	0.48110223
19328000	1306.79	263	2126	51295.45	5.25591357421875	9.410731905648998	181.36792	0.5021237
19360000	1304.81	365	2126	51379.97	5.332763671875	8.418819134831203	105.52078	0.51874495
19392000	1345.51	263	1952	51464.29	5.33784765625	8.859644286030901	120.24616	0.55988646
19424000	1260.77	380	2347	51548.74	5.901494140625	8.199247774186361	78.86426	0.4868313
19456000	1206.89	368	2018	51633.48	6.15482861328125	8.705630810716706	116.65447	0.5760666
19488000	1355.99	365	2104	51719.27	6.21158544921875	9.105429355609761	92.72143	0.6457239
19520000	1160.97	263	2123	51805.08	6.56733056640625	9.872365154814727	102.909515	0.7304593
19552000	1320.46	438	2316	51889.89	7.395638671875	11.504094379828427	94.6677	0.8020526
19584000	838.38	365	1817	51974.64	8.3740517578125	14.252453736111548	146.47981	0.76233435
19616000	785.22	263	1945	52059.45	9.672998046875	15.661624576492695	144.07942	0.9386934
19648000	1108.6	263	1992	52144.21	10.4755009765625	16.729039123631697	130.71605	0.8777002
19680000	1164.72	263	2068	52228.9	11.0851591796875	19.03370858503408	142.47105	0.8901626
19712000	1196.81	365	2020	52313.16	11.8073759765625	19.85313734652536	170.50911	0.8297302
19744000	1058.36	368	1830	52397.86	13.8240078125	22.12518643989243	201.15182	1.1192502
19776000	1134.91	263	1769	52482.62	13.32806640625	20.878692787145464	186.77757	0.8334627
19808000	1288.3	365	2128	52567.01	12.4404541015625	17.944840832395254	141.69145	0.88796896
19840000	1290.75	263	1827	52651.55	11.8491875	18.81687158509618	198.7736	1.1143695
19872000	1210.81	263	2637	52735.9	12.30351953125	17.82136709121946	151.74408	0.9117063
19904000	1259.42	557	2022	52820.57	10.670033203125	14.236027140673762	107.946106	1.0787216
19936000	1140.15	392	1819	52905.15	11.0460986328125	15.449512532762967	151.34097	0.6336328
19968000	1172.86	263	1930	52981.15	11.3704296875	14.389044226424492	116.30991	1.1457847
20000000	922.08	263	2214	53052.9	12.6687890625	15.895983179721851	229.66086	1.47612
