TotalEnvInteracts	AverageEpRet	MinEpRet	MaxEpRet	time	Averageloss	Stdloss	Maxloss	Minloss
32000	632.4	215	1369	80.69	0.35941959534636225	0.3111132706658072	2.3787785	0.015990859
64000	676.4	215	1798	166.38	1.202394287109375	1.098585516343061	6.1650805	0.08573299
96000	655.52	222	1299	254.27	2.663347412109375	2.3122273910263456	14.212778	0.26952982
128000	671.89	218	1668	341.24	4.00792822265625	3.7088049793700395	24.465609	0.3181426
160000	683.15	217	1537	426.39	4.99215478515625	4.936221946932188	30.290623	0.3617509
192000	633.31	215	1631	512.01	5.9237734375	6.532068130577023	47.319893	0.5819209
224000	771.63	218	1882	599.29	7.2969658203125	8.43926648175065	54.336685	0.6970172
256000	673.36	215	2317	686.06	7.791171875	8.560617493790971	48.983143	0.7219038
288000	773.71	223	1890	772.77	8.0019072265625	9.429464294168572	59.577953	0.7816074
320000	589.88	223	1313	858.46	8.391845703125	9.497653493100282	68.20675	0.84534705
352000	600.7	223	1314	944.88	9.061521484375	10.059102687367298	113.97988	0.9458662
384000	688.53	231	1322	1030.49	9.893650390625	9.629449458562	65.46394	0.99244404
416000	528.25	223	1308	1115.62	10.0199853515625	9.401958738741625	56.54718	1.1881783
448000	574.26	223	1307	1202.2	10.196529296875	10.7004895477964	76.190506	0.8317801
480000	539.0	231	1320	1288.79	10.5125498046875	9.606427698421511	54.869602	0.90328133
512000	592.08	223	1402	1376.14	9.76337890625	9.530166741720734	59.822254	0.9240017
544000	468.98	223	1312	1462.45	10.2364599609375	9.478079562205627	62.340733	1.1702292
576000	436.82	226	1287	1548.17	9.6859453125	7.987952843188297	45.755737	1.1873012
608000	458.18	223	1311	1633.81	9.749962890625	8.409367916199171	61.42503	0.7502731
640000	389.82	223	1272	1718.4	8.7833671875	7.547829779148441	46.12371	0.8803675
672000	344.3	226	1291	1803.71	8.12636767578125	6.96119657907317	45.988014	0.79653025
704000	393.64	223	1031	1888.25	8.5549345703125	6.75781318641615	45.437004	1.2146637
736000	536.88	215	1037	1972.34	8.386640625	6.614477197311213	43.742195	1.4874351
768000	565.55	217	1043	2057.36	8.40882421875	6.431056241007383	63.007668	1.4150691
800000	388.44	223	1022	2141.68	8.12871875	6.529258069451689	55.942383	1.2641866
832000	534.52	223	1048	2226.46	8.65363671875	7.37120612162623	51.886135	0.96308476
864000	292.7	223	1040	2312.19	9.3305966796875	8.663509591239569	74.2552	1.5744147
896000	319.57	223	1035	2396.37	9.025283203125	8.483086573441296	65.70813	0.9798831
928000	527.47	223	1042	2480.47	9.04346875	9.73552932561964	82.75001	1.4423091
960000	447.75	223	1296	2566.36	9.1885322265625	9.977339168084846	89.899666	1.0799174
992000	341.48	223	1042	2652.49	9.1394833984375	10.303433893610421	89.572174	0.73039585
1024000	473.44	223	1298	2739.46	8.9675595703125	9.490766894724578	66.64492	0.95926195
1056000	580.46	217	1304	2824.0	8.6675947265625	9.204850538574757	66.40967	0.9975753
1088000	304.28	223	1041	2911.14	8.33360546875	8.833355640695103	70.91039	0.87529
1120000	358.41	223	1825	2998.85	8.4490146484375	8.642321375070473	68.554115	0.98200357
1152000	544.47	223	1799	3085.61	8.351125	7.967620017922541	60.387047	1.1240518
1184000	355.65	223	1300	3170.69	8.782947265625	8.464998707914846	63.852844	0.8599933
1216000	406.07	223	1827	3259.55	8.20932421875	8.374172533749231	92.945755	0.8941909
1248000	607.19	223	1828	3347.19	8.00721484375	6.916287389199497	49.52609	0.7100875
1280000	464.89	223	1864	3434.78	8.3777587890625	7.381375951507957	54.581017	0.9634341
1312000	426.51	223	1832	3523.63	9.21851953125	8.08016475698361	55.921413	1.0545824
1344000	506.92	223	2447	3611.08	8.503548828125	6.818388510124661	43.976326	1.0802461
1376000	777.3	231	1892	3699.54	8.610671875	7.208023957715457	57.967793	0.9525671
1408000	491.87	226	1855	3786.37	9.1902685546875	7.13784149796001	43.24431	1.042797
1440000	516.74	226	1870	3872.61	9.4484033203125	7.168265567764632	57.859676	1.2906135
1472000	616.71	226	2162	3957.74	10.1026748046875	8.260018065204216	52.463333	1.3097022
1504000	473.47	226	1314	4042.99	10.030578125	8.478972151741035	62.254227	1.4179518
1536000	407.44	231	1305	4128.14	10.708685546875	8.336254592141485	47.070972	1.3749083
1568000	484.6	226	1834	4213.67	10.1559912109375	8.471204902491735	61.188965	1.2615803
1600000	523.77	231	1313	4298.84	11.0353720703125	9.094350066112476	58.81008	1.2911785
1632000	617.28	231	1679	4384.44	10.24392578125	9.234582590729264	61.26458	1.2189596
1664000	617.18	231	1304	4470.93	10.23675390625	9.349572600525653	81.52696	1.1323832
1696000	638.59	226	1882	4556.03	11.42109765625	9.920157823845344	65.72605	1.2598231
1728000	582.81	231	2228	4641.98	11.51025390625	10.61615440613973	91.00276	1.7422154
1760000	521.22	231	1075	4727.65	12.165154296875	11.603282132655398	68.64128	1.479548
1792000	481.81	231	1397	4813.43	12.27770703125	11.13961820485783	73.901344	1.71371
1824000	668.59	231	1770	4898.88	11.73659375	11.73182970064772	72.61089	1.3590155
1856000	618.72	231	1326	4984.67	11.14564453125	11.057025481566008	80.01295	0.7593913
1888000	797.41	231	1412	5069.28	10.645001953125	10.598050380848358	92.214035	1.4074373
1920000	896.43	231	1653	5154.55	10.28831640625	9.66192309079823	58.920864	0.65707207
1952000	754.69	231	1397	5239.8	10.447513671875	10.425739632035706	63.27626	1.0601608
1984000	903.27	231	1408	5325.11	11.31417578125	11.136745204502077	78.18318	1.224783
2016000	832.54	223	1888	5410.31	11.0523076171875	11.032192948367065	82.85893	1.2120482
2048000	748.13	231	1400	5495.46	11.5303359375	11.69646714824609	92.02127	1.2419975
2080000	902.73	231	1399	5581.22	11.7503203125	12.095242478966679	84.86655	1.0742593
2112000	710.21	223	1410	5667.45	12.10578515625	12.72069917496676	90.04056	1.4550254
2144000	951.07	231	1408	5753.8	12.68517578125	13.48124333564972	92.152435	1.5135942
2176000	818.77	231	1670	5840.83	11.7204716796875	12.594384289237803	109.809425	1.3823986
2208000	805.55	231	1407	5927.6	12.478177734375	13.17089179307916	72.80574	1.4415852
2240000	831.61	525	1891	6013.86	12.717380859375	13.438730176248052	90.49054	1.2793503
2272000	903.42	484	1327	6099.83	11.9682431640625	12.489878402130262	84.29108	1.3210179
2304000	790.67	231	1893	6185.44	12.3401142578125	12.916187155077926	96.34468	1.6224277
2336000	885.69	558	1888	6271.78	11.9674541015625	11.550971955857221	93.20586	1.4669713
2368000	853.63	231	1892	6358.48	12.2762080078125	11.725244533697369	89.918365	1.5299072
2400000	853.77	231	1670	6444.73	12.744029296875	12.570830571207297	90.17355	1.3237538
2432000	896.86	549	1407	6530.76	12.542703125	12.523403715643763	121.56689	1.6168292
2464000	908.3	231	1814	6616.97	11.6805947265625	11.481564707172973	96.73033	1.3881543
2496000	873.09	223	1331	6702.15	13.1810546875	13.597001048025259	121.03093	1.4710667
2528000	987.86	231	2271	6787.03	12.478466796875	11.89503835639045	78.22345	1.4831307
2560000	966.42	566	1894	6872.22	12.9035498046875	13.382947405186947	92.99098	1.5600487
2592000	868.2	231	1889	6958.27	12.100451171875	12.43468309809301	83.51175	1.3650851
2624000	745.47	223	1736	7042.54	11.408017578125	11.71487635978289	103.86936	1.7770938
2656000	866.68	231	1895	7127.4	12.38871875	13.199779827709248	121.94913	1.3362994
2688000	747.72	223	2242	7212.86	12.73094140625	12.838611806772569	102.38147	1.1643958
2720000	870.87	231	1896	7298.01	11.17683203125	11.41392994875122	105.920616	1.5516243
2752000	902.31	506	1896	7382.94	11.16276171875	11.597257218842739	131.25713	1.4950476
2784000	964.77	490	2194	7467.25	11.1614375	10.928122408492687	68.42266	1.3454586
2816000	1106.81	231	2811	7552.04	11.1030615234375	11.32891557586162	94.17159	1.0981733
2848000	940.16	231	2847	7637.05	11.337685546875	12.336679937284586	88.78381	1.3158095
2880000	1079.94	311	1888	7721.99	11.211828125	12.145635790274628	79.15782	1.3885771
2912000	890.44	231	2395	7807.1	11.79324609375	12.807122652063578	119.19223	0.87544954
2944000	1015.97	231	2659	7892.21	11.71069140625	12.73299356003921	111.158585	1.2589507
2976000	968.65	231	1892	7977.49	11.288576171875	11.996159541703337	77.82099	1.3106564
3008000	851.54	231	1888	8062.64	11.419701171875	12.121111489875837	77.952515	0.8181018
3040000	1134.84	590	1893	8147.32	10.62412890625	11.192638833738002	76.69902	1.0639195
3072000	997.31	231	2840	8232.12	10.9227763671875	10.861490171702961	80.98645	1.3872986
3104000	1013.9	231	2145	8317.88	12.2866953125	13.886660078110936	107.37752	1.3121848
3136000	1129.53	226	1893	8403.19	11.5620703125	12.825531178083814	113.280525	1.0699549
3168000	802.5	223	2824	8488.38	12.2199296875	13.073784599342304	104.06119	1.2123728
3200000	791.99	223	1323	8574.02	12.535515625	13.890912047090357	99.8675	1.1153945
3232000	674.8	223	2514	8658.72	11.6425576171875	11.585405689918675	84.21986	1.0974008
3264000	1015.63	223	1891	8743.49	11.7672001953125	11.329822717611252	100.21928	1.0892059
3296000	775.16	223	1895	8829.54	11.455029296875	10.789212639252227	100.45941	1.5171418
3328000	999.15	223	1895	8915.89	12.38237109375	11.400240197579171	89.87265	1.6008453
3360000	790.84	223	1317	9001.06	12.5655263671875	11.744372987733318	90.92583	1.3555036
3392000	915.72	223	1317	9086.25	12.638029296875	11.05336981987846	91.03914	1.4727736
3424000	570.46	223	1884	9172.29	13.0394072265625	11.415167062399918	83.34611	1.2479727
3456000	901.17	223	2539	9257.88	12.7078935546875	11.275964828452597	76.430405	1.3375916
3488000	866.53	223	1891	9343.59	14.438650390625	12.760744859725078	95.36034	1.4770857
3520000	989.85	223	1892	9428.79	13.4861748046875	12.464668191532416	109.59618	1.5608255
3552000	1281.59	623	1896	9513.7	12.159962890625	10.415469639555386	104.93093	1.3390846
3584000	1066.21	223	2333	9599.18	12.2188564453125	10.576427947327018	90.636925	1.3832793
3616000	1132.55	581	2237	9684.6	12.2984072265625	10.838389525201611	104.89882	1.3496072
3648000	1063.37	223	1893	9769.89	13.337162109375	12.07943370982266	91.20801	1.4150598
3680000	1077.11	223	1894	9855.17	13.2772626953125	11.688552760072566	89.70846	1.4533361
3712000	1219.71	223	2901	9940.1	12.67501953125	11.090563274694391	88.7382	1.2587255
3744000	1107.42	223	1892	10025.1	12.4703818359375	11.251383248294408	137.23152	1.279758
3776000	1198.45	231	1890	10109.12	12.7902041015625	10.532590790019329	83.38777	1.4110472
3808000	1118.71	223	1892	10194.25	12.7775986328125	10.664356520672028	72.080284	1.5035448
3840000	1152.39	626	1892	10278.75	11.8106328125	10.668815538755931	118.99596	1.7085946
3872000	1203.12	569	1892	10363.8	11.24331640625	9.82067175655515	83.43499	1.4196103
3904000	1094.46	226	1894	10448.23	10.240140625	10.121397507261534	88.29237	1.2689732
3936000	1035.42	577	1675	10533.08	9.790345703125	9.318992703076873	102.79365	1.1369202
3968000	1085.74	588	1317	10617.75	9.404400390625	8.134481006800618	64.34995	1.0324855
4000000	979.84	588	1310	10702.56	9.3452001953125	7.986374138180605	59.27913	1.2324156
4032000	999.05	231	1893	10787.61	9.4117802734375	7.9166043857199275	70.38777	1.3377881
4064000	1048.61	223	1819	10872.9	9.53477734375	8.343265903559589	68.386215	1.5094209
4096000	1067.54	231	1329	10957.63	9.229109375	8.880722626847435	80.58993	0.97012347
4128000	1049.92	231	1874	11042.79	8.93373046875	8.362117423984191	79.26453	1.2673662
4160000	1066.95	584	2288	11127.81	8.7625205078125	8.692832895552518	80.14561	0.89332867
4192000	1235.53	616	2164	11213.09	8.842677734375	8.237629930690016	103.92751	0.77759224
4224000	994.2	223	1889	11298.99	8.7561240234375	8.13984125305893	95.62673	0.96505916
4256000	1125.82	223	1893	11383.66	8.5064296875	9.183568036171998	119.527145	0.82637525
4288000	1165.31	443	1829	11468.76	8.02732373046875	8.166682025920931	113.032104	0.9685421
4320000	1020.31	231	1553	11553.37	7.5918623046875	8.098472078114488	83.22524	0.9514984
4352000	1155.01	231	1895	11638.13	8.450361328125	9.27739440117752	139.45186	1.051621
4384000	1214.5	226	2339	11723.35	7.934791015625	8.351144195557875	80.78496	0.9270836
4416000	1083.07	231	1897	11809.46	7.11707373046875	7.571090678528424	86.005455	0.95546126
4448000	1159.83	231	1886	11895.71	7.50219384765625	8.103131628419966	63.30785	1.0669808
4480000	1054.93	223	1553	11982.09	6.7646259765625	7.254927205010399	66.62196	0.6497231
4512000	913.23	223	1310	12067.24	7.140716796875	8.116113409446667	71.62303	0.92617804
4544000	956.35	231	1889	12152.83	7.60532666015625	9.14081976288232	118.57741	0.9725204
4576000	839.63	223	1050	12240.87	7.7748740234375	8.955491506612018	113.04048	0.9759454
4608000	959.46	223	1310	12327.76	9.10361328125	10.847450017169933	114.196556	1.1986587
4640000	926.49	572	1310	12413.38	8.36916015625	9.397897870002632	96.57696	1.0026284
4672000	796.02	231	1305	12498.33	9.2213349609375	10.263542501860652	91.50427	0.95186454
4704000	890.94	231	1669	12583.32	8.95724609375	9.351943314092532	73.53058	1.0348626
4736000	1024.32	226	2547	12669.04	9.400212890625	9.695890318196673	108.55806	0.9712084
4768000	1001.87	223	1315	12754.17	9.751185546875	9.250371614156915	63.84183	1.1864076
4800000	967.75	223	1881	12840.63	9.8241796875	10.36302320753939	116.55971	1.1641029
4832000	1109.31	223	1887	12925.12	9.779384765625	10.292507894094618	116.848	1.4218814
4864000	964.85	223	1311	13009.12	10.0944853515625	10.262598202940618	83.2856	0.95355
4896000	935.31	223	1544	13093.41	9.925966796875	10.390197077654495	72.945145	1.3122327
4928000	972.62	231	1316	13178.16	10.1967880859375	11.216766886005967	122.479004	1.0430812
4960000	945.73	223	2072	13263.58	9.887142578125	9.814474323671135	96.82751	0.82804275
4992000	943.12	223	2149	13348.5	9.9084423828125	10.431403159450793	93.78295	0.9793012
5024000	972.49	223	1856	13432.86	8.926501953125	8.79932880963088	81.344765	1.0431066
5056000	1020.53	231	2239	13518.91	9.6897724609375	10.523337903203526	103.66617	1.2176932
5088000	1093.36	223	1316	13604.67	9.44551953125	10.495907684664534	110.364	0.9647168
5120000	1082.03	223	2330	13689.45	9.3629208984375	9.156030287466288	55.838196	1.2094405
5152000	1051.84	223	1889	13774.43	9.72318359375	8.80273483782171	54.032875	0.78873485
5184000	990.37	231	1882	13858.76	8.5628984375	8.0274901218407	65.901665	1.1370155
5216000	1201.04	586	1896	13943.58	7.9807138671875	7.023312742217877	51.41985	1.042823
5248000	1072.56	231	1887	14028.81	7.983396484375	6.952868113232121	44.021935	0.93633205
5280000	1053.1	231	1831	14113.47	7.90637109375	6.944188780015993	51.08598	0.8837634
5312000	1052.06	231	1316	14198.29	7.7854404296875	6.734679952492175	52.607002	0.98008186
5344000	964.22	223	1527	14283.36	8.64195703125	7.6879151310677205	53.186096	0.838084
5376000	1076.09	223	1823	14369.36	8.4289609375	7.5583575948250825	53.65826	1.3592943
5408000	1014.12	231	1315	14453.91	8.648953125	7.590732167831375	44.960545	1.1698415
5440000	1049.9	584	1872	14539.02	8.896296875	8.591551991636901	80.71788	1.3049059
5472000	1143.83	604	1997	14623.84	9.23351171875	8.68015336846072	68.914474	0.9085556
5504000	1117.75	547	1890	14709.37	9.768294921875	9.313800664202558	66.81184	0.97903204
5536000	989.39	231	1888	14794.24	9.70098828125	9.604960469726047	77.4611	1.1955739
5568000	1140.81	231	1889	14880.81	9.899212890625	9.376016611546719	65.39571	1.2471204
5600000	1111.73	231	1316	14967.57	9.5577529296875	9.877286918734313	78.6483	1.2523105
5632000	1069.33	231	1888	15053.86	9.4742890625	9.4972368514479	71.79055	1.016604
5664000	1155.87	231	1893	15140.14	9.231744140625	8.982549053581616	68.90136	1.226192
5696000	1154.72	231	1820	15225.84	9.858798828125	10.640040090384998	73.74454	1.0542184
5728000	1127.36	223	1832	15311.52	9.77637109375	10.755131769299714	98.41124	1.3610351
5760000	1189.07	231	1890	15396.85	11.1260078125	12.79587335823546	95.869835	1.2278682
5792000	1195.96	583	1895	15483.04	10.711095703125	11.213860703388463	95.2742	1.3101051
5824000	1169.09	231	1894	15568.78	10.16031640625	11.666057871020527	89.077675	1.1656221
5856000	849.6	231	1675	15655.07	10.211189453125	11.08907894619747	76.227425	1.3342373
5888000	1081.24	231	1832	15740.54	10.2987626953125	10.985623062098025	74.42898	1.2307293
5920000	1199.44	563	1892	15827.67	9.7811728515625	10.08557563738927	85.19571	1.1141164
5952000	1201.92	588	1830	15912.78	9.750859375	9.89443814726233	91.16976	1.4593167
5984000	1282.75	223	1888	15997.84	10.1635302734375	10.517533352098296	138.47958	1.3269472
6016000	1335.1	231	1834	16081.72	8.5194658203125	8.702216402302346	102.93855	1.1151707
6048000	1248.69	223	1887	16166.43	7.67387353515625	7.656968843804969	62.733723	1.0739694
6080000	1302.27	808	1896	16251.43	8.3022021484375	9.98167226721054	141.10635	0.98755634
6112000	1321.68	635	1894	16335.86	8.213412109375	8.692805034912494	93.77115	1.3011484
6144000	1263.04	711	1666	16421.0	7.9216015625	8.286277247654702	85.91745	1.0746021
6176000	1264.47	231	1889	16505.96	7.806611328125	9.066467235092178	106.25421	1.0582653
6208000	1260.62	636	1542	16591.7	7.274283203125	8.271692125859134	97.20344	0.95624304
6240000	1251.92	223	1892	16677.16	7.039212890625	8.55245944158755	111.028984	1.0187612
6272000	1140.68	231	1825	16761.83	6.629669921875	6.933200807527502	53.29106	0.7187797
6304000	1326.18	711	1892	16846.85	6.145126953125	7.667310123586367	122.59979	0.6654717
6336000	1294.07	223	1829	16931.46	5.8291279296875	7.422381166950402	118.97699	0.73010373
6368000	1353.61	627	1896	17016.37	5.6319228515625	7.165871534136654	102.440506	0.65889007
6400000	1275.74	231	1893	17101.6	5.31779296875	7.311801248666432	91.26122	0.72348434
6432000	1340.11	577	1895	17186.9	4.94867333984375	5.859149495660612	66.862816	0.54845786
6464000	1286.0	231	1891	17272.08	5.0491572265625	6.679995789669332	101.08581	0.52608645
6496000	1197.14	231	2511	17357.17	5.240921875	6.352522874811235	86.62735	0.80713725
6528000	1278.45	231	1896	17442.21	5.667333984375	6.903520388178773	76.911934	0.8310782
6560000	1095.62	223	1890	17527.33	5.65679052734375	6.741512024390374	76.66702	0.79519516
6592000	1501.23	231	2539	17612.53	6.02773095703125	7.326586858831334	106.93614	0.5585712
6624000	1320.61	626	2869	17698.42	6.55513916015625	6.59524805257543	56.577408	1.0279083
6656000	1391.73	615	2023	17784.0	6.60863720703125	5.910744321783848	45.392147	0.876571
6688000	1418.88	622	1897	17868.65	6.9467744140625	6.391060040204598	67.263916	1.0399008
6720000	1326.72	610	2840	17953.44	7.71955517578125	9.067524038429674	159.47887	1.1277695
6752000	1321.59	231	1892	18038.54	8.17394140625	7.525176492946859	95.88226	1.231293
6784000	1264.48	543	2332	18123.57	8.2707890625	7.6693408492842465	72.80253	1.0030729
6816000	1374.72	583	1893	18209.14	8.654966796875	8.55136502261481	126.62923	1.0086899
6848000	1384.49	223	1896	18294.84	8.74928515625	8.26080589667255	81.84195	1.2131913
6880000	1376.15	562	1894	18379.81	9.773896484375	8.982447293193543	66.781006	1.4355378
6912000	1307.31	543	2271	18465.45	10.47838671875	10.358529094422625	77.3485	1.3728023
6944000	1315.04	217	2338	18551.2	10.0449921875	9.515559215700357	98.787	1.5570024
6976000	1267.39	622	1894	18637.23	10.306763671875	10.700178152722506	120.72769	1.4134994
7008000	1320.11	711	1896	18722.82	10.061560546875	11.339258063802058	128.10887	1.3638005
7040000	1319.71	599	1896	18808.92	10.3320390625	11.093072514524549	108.71561	1.2448134
7072000	1387.77	576	2760	18894.84	9.62844140625	10.170180446408018	93.432304	1.2302853
7104000	1200.38	231	1895	18981.42	10.004873046875	10.080342101089625	75.67926	1.0954429
7136000	1309.39	711	1884	19067.29	9.118783203125	8.954684964447381	93.724686	1.2861733
7168000	1246.74	626	1894	19152.93	8.9554248046875	7.895801890878468	67.61145	1.1736444
7200000	1336.57	231	2003	19237.85	9.21241015625	9.018529969595932	115.25003	1.3654053
7232000	1293.56	626	2229	19322.74	8.692302734375	8.249409543264294	84.738266	1.1055717
7264000	1229.21	626	2843	19407.77	8.648896484375	7.317625073666319	53.95238	1.0611632
7296000	1326.47	231	1893	19493.18	8.731431640625	7.8589695471957395	63.373837	1.1238573
7328000	1280.62	626	1896	19576.99	8.14549951171875	6.886653475654921	50.70072	1.2377485
7360000	1351.2	626	2906	19662.14	8.1955927734375	6.609870992027757	62.76231	0.9032686
7392000	1333.24	626	2335	19747.12	7.49244921875	6.0074917420875416	44.470196	1.232049
7424000	1443.86	231	2329	19832.06	8.3599462890625	7.283946389149222	68.70749	1.2438595
7456000	1478.55	626	1896	19917.53	7.66861328125	6.352445087818548	59.22756	0.8957919
7488000	1509.39	626	2699	20003.31	7.8384892578125	7.773572517671653	124.27741	1.1959736
7520000	1418.83	231	1896	20088.19	7.617052734375	7.468346746435921	93.95555	0.9748583
7552000	1392.7	231	1894	20172.66	7.1886513671875	7.2229316892450255	93.485725	0.9454701
7584000	1465.16	622	1896	20257.86	6.8877080078125	6.108102648838672	41.43581	1.0544527
7616000	1684.38	619	2553	20342.54	6.99208349609375	6.501954934383196	59.886024	0.8665496
7648000	1601.83	636	2779	20427.16	6.812361328125	7.184643997791401	103.76665	0.67089945
7680000	1448.07	626	1896	20512.75	6.12418310546875	6.258553521980938	90.330505	0.8370097
7712000	1668.37	636	2577	20597.82	6.1940654296875	6.517133668262452	95.96143	0.90724146
7744000	1615.0	231	1896	20682.97	6.58782177734375	7.959551799175001	78.63055	0.89258295
7776000	1611.72	231	2338	20768.47	5.79473876953125	6.1667999704060446	58.010113	0.79909205
7808000	1538.68	231	2944	20853.9	6.1983779296875	6.744267820712638	85.38405	0.87592125
7840000	1562.93	713	2856	20938.59	6.1751162109375	7.717633775565539	98.30294	0.8261812
7872000	1605.71	231	2856	21023.97	6.5211328125	8.47469855658595	102.84885	0.9835146
7904000	1496.33	759	2896	21110.01	6.394560546875	8.381325503015617	87.73076	0.87623113
7936000	1624.21	636	2491	21195.07	5.2999384765625	6.588433283034746	87.58555	0.65071523
7968000	1550.1	1038	2942	21280.21	5.63110400390625	7.397788943326242	93.97485	0.6545915
8000000	1785.11	627	3020	21365.63	5.715724609375	6.294447578024619	56.26895	0.84688866
8032000	1546.66	626	2986	21451.39	5.8480185546875	7.8766989734755	115.20328	0.8983108
8064000	1705.18	626	3022	21536.65	5.8380185546875	7.169578199761824	85.2762	0.6798707
8096000	1628.38	626	2959	21622.19	5.84948291015625	7.7453118380572645	107.69409	0.71076477
8128000	1668.2	626	1895	21707.3	5.66171728515625	7.73120957952247	87.06675	0.5489516
8160000	1690.72	1045	2607	21792.55	5.7833408203125	6.671659978970751	60.93773	0.6669804
8192000	1743.72	807	2546	21876.63	5.6739052734375	7.391853624091862	90.584785	0.8433461
8224000	1745.29	231	3001	21961.98	5.3598857421875	6.81642490147878	84.5034	0.67147374
8256000	1547.14	623	2996	22047.34	5.5159775390625	6.716868341161676	72.80457	0.8055073
8288000	1619.04	231	2989	22132.6	5.5200654296875	7.868344161496115	82.69558	0.5755849
8320000	1522.02	231	2996	22217.67	5.40660205078125	6.659209435999141	81.41197	0.8907853
8352000	1718.32	552	2604	22302.46	5.2335517578125	7.211171346424934	102.3766	0.718701
8384000	1786.42	627	2986	22387.15	5.26456591796875	8.103348073481726	192.80092	0.6088598
8416000	1706.87	627	2986	22472.04	5.3749013671875	6.42425609749876	58.17232	0.86718893
8448000	1696.52	623	2337	22557.45	5.1930458984375	5.675703081447267	58.137203	0.7199428
8480000	1737.55	623	2999	22641.97	5.37291748046875	5.854631246393747	56.88771	0.7567223
8512000	1666.46	620	2944	22726.94	5.817279296875	7.438123660826701	98.34474	0.88119245
8544000	1654.7	620	2743	22811.89	4.8661611328125	6.443714839865278	72.266495	0.58044124
8576000	1676.33	627	2993	22896.72	5.0648017578125	7.022021165590432	74.034676	0.76431406
8608000	1689.66	636	2985	22982.16	5.0650537109375	7.063148476865681	101.41347	0.7073594
8640000	1610.42	626	2937	23067.08	5.1457998046875	5.979814352260444	56.07852	0.8076474
8672000	1560.61	626	2414	23151.89	5.54611962890625	7.332638668566044	91.15835	0.8310497
8704000	1608.8	628	2331	23236.45	6.2019580078125	8.282651296535427	91.32239	0.5912373
8736000	1693.14	628	2603	23320.59	5.21277587890625	6.506455328172168	80.516235	1.0289745
8768000	1680.93	231	3015	23404.94	5.355099609375	7.6408661771752024	147.06502	0.6238241
8800000	1528.73	223	3011	23490.08	6.0884990234375	7.8680919601736985	92.619385	0.6125725
8832000	1383.36	231	2980	23574.4	6.1522685546875	7.764357919767094	97.94279	0.85534286
8864000	1679.62	760	1896	23658.94	5.6031533203125	6.945407093000381	85.87067	0.8778834
8896000	1791.93	231	2967	23743.2	5.6945634765625	7.226515303899937	73.72638	0.6756669
8928000	1595.87	231	2905	23827.38	6.17353173828125	7.206503139526132	93.34908	0.79785365
8960000	1484.94	626	2977	23912.37	6.21097265625	7.166676629111293	80.99222	0.8943888
8992000	1569.21	231	3021	23997.07	7.0281318359375	9.05182647314894	102.56534	0.9696163
9024000	1464.69	223	2891	24081.33	7.1807197265625	9.860868844833096	144.7427	1.0955552
9056000	1687.49	223	3003	24166.02	6.46959375	8.433136834831982	108.32203	1.0083148
9088000	1459.48	619	2979	24251.25	7.30178759765625	9.14264304646091	108.420845	0.9930389
9120000	1435.82	231	2587	24336.6	7.17243359375	9.040131446085283	142.24785	0.97248703
9152000	1522.18	619	2914	24421.31	7.42115576171875	11.590557848956191	165.6988	0.9410807
9184000	1515.84	231	2988	24505.96	7.83052490234375	12.278058427536497	161.31662	1.091327
9216000	1434.3	231	2909	24591.43	8.2086982421875	11.278807561085525	164.92303	0.6570785
9248000	1362.26	139	3007	24676.04	8.283654296875	10.946281474774892	149.65152	0.9124901
9280000	1484.39	231	2942	24761.57	8.575412109375	12.003778051097079	159.92392	1.1774433
9312000	1564.82	231	3010	24846.56	8.13786865234375	10.266404555636798	148.77592	1.2300825
9344000	1714.26	619	3015	24930.94	8.8143681640625	11.081823518717487	107.59935	0.89491904
9376000	1817.52	619	3017	25016.03	7.4386865234375	9.355925178062297	140.73395	0.88399327
9408000	1734.08	627	2961	25101.08	7.6823310546875	10.755139759668397	120.96127	0.8393917
9440000	1700.23	231	3010	25185.66	7.9259814453125	10.470581183129234	118.435036	0.8097311
9472000	1458.81	231	2995	25270.23	7.296380859375	9.309058928001262	124.15443	0.95503724
9504000	1412.15	626	2984	25355.04	7.0303203125	10.15969057107548	131.47778	1.0859976
9536000	1200.81	231	2339	25439.16	7.6526279296875	9.194795572768324	102.486	0.86994946
9568000	1601.88	622	2873	25524.12	8.2953115234375	11.18114624043528	122.34451	0.9107697
9600000	1534.38	626	2977	25608.5	7.213375	8.77619560943123	107.13811	0.9050993
9632000	1501.33	624	3003	25693.66	6.8096064453125	8.093684845297597	82.08632	0.7611566
9664000	1553.17	231	2843	25778.59	6.771947265625	7.581282203146774	76.437195	1.0647085
9696000	1513.02	231	2975	25863.09	7.61210107421875	9.25783367613612	72.91753	1.006375
9728000	1789.96	626	2994	25947.88	7.2285390625	8.8237853271711	106.90563	1.0054336
9760000	1810.12	231	3000	26032.6	7.0769990234375	7.984452176730724	69.20301	1.0219729
9792000	1811.23	633	3005	26116.88	6.8898759765625	9.151597794237901	134.09143	0.9223359
9824000	1834.92	633	2992	26201.13	7.07311767578125	9.353322855408125	142.32426	1.0074371
9856000	1785.95	633	3012	26285.98	6.8727041015625	9.282873595363668	155.59048	0.5922213
9888000	1763.4	633	3001	26370.49	7.4141748046875	10.713089248671459	147.5071	0.806591
9920000	1702.01	626	3001	26455.22	7.20519873046875	8.033191399593315	56.419724	1.1683714
9952000	1709.09	626	3010	26540.65	6.8503701171875	7.743389317669621	58.678726	0.81799394
9984000	1706.35	231	3018	26626.46	6.5470703125	7.564404977012402	117.18767	0.9424287
10016000	1734.05	231	3013	26711.65	7.0213583984375	8.470812018336849	86.560776	0.99611396
10048000	1737.94	231	3013	26795.73	7.421650390625	9.239527010350692	101.90041	0.92095053
10080000	1565.83	231	2888	26880.05	7.1642001953125	8.041921412199947	71.05123	1.1628814
10112000	1582.46	231	2606	26964.5	7.37365283203125	7.718458749565874	71.48077	1.1455554
10144000	1622.18	231	2341	27048.87	7.5417587890625	8.683056867399866	72.826294	0.9063585
10176000	1754.57	635	3015	27134.14	7.26768994140625	8.421863288489075	103.061775	0.9975208
10208000	1696.69	636	2999	27219.69	7.066876953125	8.90944723313405	78.26213	0.90651095
10240000	1840.53	627	2946	27304.61	7.402013671875	9.227432775425676	135.64966	1.0054178
10272000	1817.58	597	3018	27389.46	7.4107138671875	8.3551275424137	110.62795	0.9445505
10304000	1864.17	231	2984	27473.72	7.1694580078125	8.106465879931896	87.22471	0.93852884
10336000	1701.77	231	2986	27558.39	7.0996767578125	8.276042230438412	79.68749	1.1041986
10368000	1739.27	231	3019	27643.52	7.317197265625	9.015942477079143	93.77809	1.0259647
10400000	1714.2	628	2997	27727.51	7.388345703125	9.294112299595911	118.5837	0.9515942
10432000	1195.58	626	2961	27813.08	8.03997607421875	9.763121379072372	85.557526	1.0564221
10464000	1247.88	231	2888	27897.66	8.47527734375	10.981452402801736	118.013954	1.0065635
10496000	1446.28	634	3014	27982.71	8.8458740234375	11.147815439022123	100.85063	1.2482685
10528000	1685.73	628	3019	28066.86	9.291333984375	11.110225793722647	141.75883	0.8599787
10560000	1639.97	231	3016	28151.53	9.028658203125	12.014340389717615	121.1844	1.0683222
10592000	1666.01	626	3006	28237.28	9.55254296875	12.934410259072502	140.81769	1.2418956
10624000	1777.01	632	3016	28322.78	8.221806640625	9.001531119759571	102.315254	1.256407
10656000	1719.84	723	2994	28407.35	8.801162109375	11.366493041501412	125.9488	1.2207098
10688000	1697.55	632	2999	28492.38	9.08491796875	10.157098810684083	90.61122	1.3116384
10720000	1633.17	231	3005	28577.54	10.14409375	12.766423246156302	125.611465	1.151675
10752000	1655.97	231	3016	28662.84	10.065056640625	13.715515848847975	139.22903	1.2979205
10784000	1877.32	626	3021	28747.73	9.967654296875	12.292051547646551	126.24328	1.2322148
10816000	1897.15	626	2994	28833.24	8.95192578125	11.937634815992656	145.18596	1.1564647
10848000	1817.15	231	3005	28918.48	9.37048828125	11.577015213344067	144.95581	1.1241366
10880000	1681.83	231	3016	29002.99	9.54907421875	12.911263251518033	149.58977	1.1391848
10912000	1752.44	231	3016	29087.33	10.2761953125	12.56645460143791	139.947	0.8135906
10944000	1713.67	636	2996	29171.8	8.8760615234375	10.36829678032993	104.840675	1.1452068
10976000	1835.01	811	2996	29257.17	8.894326171875	10.747586211563972	132.61864	1.1823223
11008000	1772.21	231	2979	29342.93	7.75968408203125	8.696180914631434	85.28669	1.0578339
11040000	1796.62	1312	2944	29429.54	7.239689453125	8.142773828677793	81.01745	0.7620926
11072000	1719.3	626	3020	29515.01	7.20494384765625	8.90495209841131	133.07361	0.8207419
11104000	1976.85	231	3014	29600.42	7.36533544921875	9.404744480845824	136.76501	1.0576954
11136000	1701.6	231	3020	29685.83	7.7184912109375	11.203303084358648	202.03122	0.8484186
11168000	1776.76	626	3018	29770.67	6.8613642578125	8.236936627169108	148.85568	0.8336003
11200000	1881.65	635	3018	29855.31	7.3822939453125	11.004310590059697	170.95346	0.9258871
11232000	1854.31	231	3001	29940.87	6.894072265625	9.096519767196684	132.78711	0.92897725
11264000	1736.6	231	3021	30026.24	6.08569287109375	6.442244004421131	82.132416	0.8617403
11296000	1776.7	626	2804	30111.14	6.774197265625	8.157433343276548	109.43451	0.90611374
11328000	1739.18	557	2969	30196.09	7.4465546875	12.141820806617103	150.73267	0.80137587
11360000	1638.07	626	3000	30280.67	6.71152587890625	8.722631304543372	118.47481	0.85464823
11392000	1734.26	626	3000	30365.68	6.933890625	10.61412936549673	133.4315	0.8998625
11424000	1735.45	231	2968	30450.44	7.7141708984375	10.54708638677052	136.56866	0.8840361
11456000	1828.36	626	3005	30535.45	7.90272802734375	11.18698532335678	140.90054	0.9889605
11488000	2021.73	743	3019	30619.9	7.403677734375	10.872405581332956	159.08656	0.8416919
11520000	2051.88	626	3019	30703.78	8.09632666015625	12.962044350718754	173.79538	0.95222455
11552000	2048.14	231	3016	30788.92	7.3011142578125	10.146029472778995	131.62593	0.9742097
11584000	2122.18	231	3016	30873.61	7.8162490234375	12.076425899246846	161.0253	0.88756895
11616000	2111.4	231	3011	30958.5	7.365373046875	10.704482121989836	144.8177	0.91303986
11648000	1414.84	231	2957	31043.87	8.303173828125	13.640046737456583	153.73387	0.77917516
11680000	1344.97	626	3011	31129.23	8.27773828125	11.77733124481094	115.46625	1.0888067
11712000	1120.07	231	3013	31214.17	9.982369140625	15.400226763752539	145.45102	1.1857886
11744000	1711.47	626	3019	31298.67	9.73340234375	13.442440952074143	102.42772	0.9411311
11776000	2085.08	626	3019	31382.91	8.964056640625	13.779087982337582	167.63637	0.79614264
11808000	1936.73	231	3002	31467.24	10.1394443359375	13.036597523894033	114.82817	1.182337
11840000	2003.94	626	3019	31551.61	10.2262421875	14.603268576760478	142.74626	1.0537729
11872000	2027.18	626	3002	31636.94	9.7985029296875	13.41946114790009	134.96172	1.1139119
11904000	1981.43	231	3001	31721.21	9.4557236328125	13.49175384725796	141.09027	0.86506027
11936000	1882.01	626	2999	31804.99	8.6598583984375	12.452346666391842	108.08104	1.0823666
11968000	1894.02	626	3003	31888.58	9.2473154296875	12.809275203929378	106.714264	0.8554106
12000000	1585.21	231	3017	31973.25	8.690708984375	13.43341565834989	157.15372	0.8749974
12032000	1479.4	231	3007	32057.02	8.950162109375	12.385548534481629	107.181755	1.0175512
12064000	1816.32	231	3002	32140.73	8.9214140625	12.425796000659274	134.55212	0.9414984
12096000	2022.69	231	3012	32224.88	8.85834375	13.039513267373135	122.61842	0.9043328
12128000	1865.08	231	2983	32309.43	10.074310546875	14.217288111661802	125.11245	1.1985729
12160000	2005.41	626	2996	32393.96	10.72310546875	16.306679996246935	147.8677	1.2005205
12192000	2076.8	761	2994	32478.28	8.59555859375	11.825548348808185	102.32258	0.9748516
12224000	2169.05	811	3010	32562.55	7.89120703125	10.801707041019025	112.39818	0.97851205
12256000	2282.57	223	3011	32646.6	7.4484375	11.05839683792366	162.38898	0.9385855
12288000	2071.46	626	3016	32732.04	7.46939453125	12.107731259406115	121.388176	0.9006993
12320000	1948.61	231	2989	32815.7	6.870119140625	9.99222080232918	118.07093	0.75029176
12352000	2026.87	231	3008	32899.31	6.9339248046875	12.008064347554106	156.90623	0.8644997
12384000	2108.8	626	3008	32982.91	7.3400107421875	10.407872621242056	152.0311	0.8134584
12416000	2098.03	626	3007	33066.3	7.241693359375	12.257853349995667	107.82833	1.0247453
12448000	2042.64	231	3018	33150.0	7.07679638671875	11.35396372142786	218.64925	1.0607753
12480000	2094.63	231	3018	33233.56	6.44648779296875	11.767121833736574	198.11307	0.8397801
12512000	2187.92	231	3003	33317.38	7.12612548828125	10.98956465243278	94.850945	0.9492235
12544000	2156.55	231	3007	33400.77	6.24655859375	8.877715253656202	108.60462	0.73591727
12576000	2115.7	231	3014	33484.49	5.9109501953125	7.750143143839344	82.393036	0.9793743
12608000	2173.48	627	3018	33567.48	5.839357421875	9.470128200029817	154.95284	0.8083035
12640000	2148.1	626	2990	33651.38	5.889326171875	8.438527715188236	127.92015	0.8291368
12672000	2012.81	231	3017	33735.63	6.50802734375	9.080448605382886	107.5866	1.0213709
12704000	2060.82	231	3018	33818.42	6.229978515625	7.331967409484988	69.34839	0.95867634
12736000	2201.9	626	3018	33902.39	6.51115380859375	7.816879022746226	83.10959	0.7413223
12768000	2099.52	231	3007	33986.57	6.4260419921875	7.643693785565981	79.42825	0.98997235
12800000	2147.18	231	3010	34070.72	6.9009033203125	9.129661052717127	93.65075	1.0608504
12832000	2185.62	636	3009	34155.12	6.972380859375	9.169766047997081	152.85805	1.0249937
12864000	2110.62	626	3009	34238.27	6.8866171875	8.170669724692095	124.782745	0.7415601
12896000	2117.14	626	3015	34321.7	7.3271416015625	9.919014252938645	186.71407	1.0204105
12928000	2094.05	231	3008	34404.83	6.52213134765625	7.593816614934153	112.70308	0.9272138
12960000	2114.3	231	3003	34488.68	7.0999765625	8.786260581157379	133.44582	0.7674859
12992000	2255.4	626	3003	34571.85	6.80435009765625	9.13079054285553	124.1201	0.91641515
13024000	2202.14	231	3008	34655.35	6.609826171875	8.231010816570466	127.83512	0.64317775
13056000	2237.76	231	3008	34739.43	7.17941357421875	10.446974367609982	128.37582	0.93455696
13088000	2253.74	231	3014	34823.27	6.513599609375	8.103121505012744	126.81813	0.9543359
13120000	2185.94	231	3011	34907.22	7.00492236328125	8.275417285551224	75.45903	0.92784643
13152000	2012.99	700	3015	34991.06	7.3241435546875	10.168973184397725	158.9257	0.96376485
13184000	2196.13	812	3020	35075.33	6.5776591796875	8.561419639872817	114.63156	0.8572538
13216000	2229.33	735	3020	35160.11	6.958740234375	10.982758504811075	168.58192	0.9157838
13248000	2141.12	231	3018	35244.72	7.1704453125	9.715117488352881	116.05058	1.0162983
13280000	1856.46	626	3012	35329.34	7.6762265625	10.728942311570139	125.19346	1.0776981
13312000	1872.72	601	3012	35413.62	7.43928173828125	9.8983363501146	96.511604	0.83098465
13344000	1871.7	231	3018	35498.53	7.92267578125	10.933347783272971	128.29453	1.0146989
13376000	2030.97	761	3004	35582.62	7.45420361328125	9.393598634841709	114.56834	1.2179236
13408000	2085.03	626	3018	35666.89	7.4187861328125	10.121906549040057	126.4642	1.1692104
13440000	2083.75	811	3016	35751.15	7.49223486328125	9.776120460080266	97.110725	0.89592934
13472000	2127.41	629	3014	35835.14	7.1378193359375	9.614497516771223	137.73933	0.939852
13504000	2189.32	807	3021	35918.97	8.1158828125	11.431467329809415	133.09657	1.1181608
13536000	2109.51	231	3012	36002.2	7.3230732421875	10.088133112102556	122.26468	0.98678905
13568000	1648.51	231	2989	36086.7	7.77142724609375	10.859663035748394	138.85808	1.1892235
13600000	1840.17	231	3019	36170.76	7.5065205078125	9.697990287941105	132.53348	0.7984343
13632000	2123.61	231	3021	36254.4	7.3033291015625	9.416099079502084	141.99004	0.82103413
13664000	2199.25	1049	3021	36338.33	8.1394814453125	11.922858167192965	160.17035	1.0009468
13696000	2098.87	583	3008	36422.18	8.302607421875	13.557946816350919	196.02773	1.0736655
13728000	1947.02	518	3019	36506.51	7.7874990234375	11.555030019433095	141.7622	0.6614541
13760000	1960.46	231	2980	36590.65	7.74629443359375	10.743850712151579	99.81538	0.9543648
13792000	1885.45	231	2989	36674.21	7.77027685546875	11.702329495660255	124.618546	0.94097686
13824000	1755.57	231	3007	36759.23	7.699921875	11.19221164750292	91.33964	1.0012071
13856000	1746.75	231	3001	36844.65	6.90012109375	8.973601039995037	95.59228	0.97783947
13888000	1945.96	231	2994	36929.49	8.0884345703125	11.7519905228859	144.36716	0.8908055
13920000	2030.63	626	3017	37015.85	8.11361181640625	11.650299754727344	131.95026	0.8900062
13952000	1783.13	231	3006	37100.97	8.24083984375	11.687367646309411	129.82735	0.8306512
13984000	2016.33	809	2995	37186.86	8.30473828125	11.996166054202483	106.20584	1.1034302
14016000	2117.42	139	3012	37274.77	7.67882421875	11.325780188357886	136.69052	0.770773
14048000	2131.26	139	3012	37359.89	7.4016474609375	10.370220661225103	121.918236	0.78550094
14080000	2174.42	811	3021	37445.3	7.0848056640625	10.11662307788523	136.3687	0.85144305
14112000	2204.67	811	3021	37530.83	6.60080322265625	9.344713161060643	105.75739	0.6635124
14144000	2030.35	231	2996	37616.95	6.59823486328125	9.460375421990399	122.36582	0.7589599
14176000	2091.52	627	3022	37702.86	6.5038525390625	8.534430268037815	91.60979	0.7180325
14208000	2000.45	588	3014	37788.47	6.202701171875	9.250319251247493	79.49171	0.67016935
14240000	2143.29	231	3019	37874.42	6.3371337890625	8.907911687090303	89.35516	0.7689389
14272000	2226.42	231	3019	37960.33	6.399703125	9.150157956286876	103.69069	0.69556093
14304000	2208.01	231	3024	38045.15	5.9450166015625	7.830398746631617	63.78335	0.6625208
14336000	2209.19	583	3021	38129.59	6.4286279296875	10.635138545171849	210.7424	0.80177057
14368000	1962.55	626	3021	38212.53	5.78486376953125	8.495410985496816	130.52817	0.834689
14400000	2028.56	231	2999	38295.49	6.1469833984375	10.820855875345536	154.37593	0.7213169
14432000	1972.64	231	3015	38380.55	6.5548427734375	11.822695335666905	161.71344	0.960678
14464000	1764.28	226	3021	38465.94	6.25245947265625	12.303482738639495	186.97731	0.8352697
14496000	1818.55	231	3021	38551.51	7.05896630859375	12.942553964538838	147.47827	0.7480003
14528000	1795.76	614	3011	38636.09	6.386408203125	10.703107755460561	141.23636	0.84050846
14560000	2009.46	618	3015	38724.75	6.9215439453125	10.656638555965948	112.14438	0.97761196
14592000	1955.92	627	3017	38810.84	7.16832421875	12.451787020343707	138.93224	0.9112796
14624000	1887.2	231	3016	38896.8	8.364962890625	12.814438877687934	133.7027	0.6249121
14656000	1979.32	231	3021	38982.69	7.64599609375	10.352541203733507	84.97514	0.893527
14688000	1985.59	231	3016	39070.06	6.95111181640625	10.18464607264288	146.43242	1.002949
14720000	1979.61	614	3018	39156.19	7.16998193359375	10.605408776303722	109.071754	0.8526311
14752000	1707.15	614	3012	39241.71	8.342986328125	12.622098676527608	127.8452	0.7877394
14784000	1759.65	614	3016	39327.52	8.43659375	11.10955704843807	128.12025	0.828802
14816000	1981.18	614	3022	39413.56	8.9343251953125	16.331176090533102	248.93884	0.7937546
14848000	1966.02	231	3022	39500.52	9.23605859375	13.643892291974456	138.21648	1.053399
14880000	2183.44	231	3020	39586.76	8.7787275390625	13.495469725985828	135.3715	0.9640515
14912000	2158.81	614	3013	39673.45	9.322673828125	14.736228740759964	156.26784	0.9075611
14944000	1808.44	231	2997	39759.76	9.93555078125	17.5886948776764	224.17882	0.8732283
14976000	1534.01	588	3002	39846.12	8.5657470703125	12.298493302026879	153.00114	0.88440645
15008000	2048.82	231	3017	39932.12	9.4298681640625	15.403220036732579	183.97818	1.0120282
15040000	2079.56	231	3021	40017.65	9.30121484375	15.517046070370482	164.66376	0.9356133
15072000	1818.55	626	3012	40104.01	9.135779296875	13.996278523236096	183.78532	0.92824125
15104000	1850.49	626	3004	40189.71	9.58302734375	17.251941919679652	189.12483	0.85856247
15136000	1708.22	231	3012	40276.83	8.2508564453125	12.117026373042192	170.04614	1.0801158
15168000	1915.22	231	3021	40364.05	10.75366015625	17.972143375234907	189.38396	0.99171853
15200000	1934.92	231	3019	40450.83	9.71359765625	15.68354581639624	170.4207	0.9938855
15232000	1690.26	231	2982	40538.25	9.369208984375	14.027396185678937	161.35056	1.1210954
15264000	1986.82	623	3022	40624.56	9.831091796875	16.42098790420357	176.91557	0.93005556
15296000	1993.68	231	3022	40710.41	8.699076171875	14.437985922558589	184.47626	0.96124506
15328000	2075.12	231	3025	40797.02	8.93705078125	15.037174248342007	162.21873	1.2499223
15360000	2068.26	231	3018	40883.15	9.3701484375	16.406687851300152	182.39027	0.9570104
15392000	2129.04	626	3013	40970.82	8.6477265625	12.406305730353415	161.36368	1.0280924
15424000	2284.26	626	3019	41058.23	8.8172109375	13.596514948691816	180.1928	0.9787799
15456000	2294.05	231	3021	41145.52	8.724365234375	13.929209978494832	165.70595	1.1756036
15488000	2219.62	231	3020	41232.42	8.09440234375	11.286423675150601	130.31038	1.0003822
15520000	2318.52	231	3016	41319.25	7.822697265625	10.864832891029664	146.10191	1.0004632
15552000	2266.51	614	3024	41406.84	8.067125	9.607299470975182	95.27401	1.0418972
15584000	2208.53	614	3025	41494.71	7.749189453125	9.742797018823701	96.07189	0.93237746
15616000	2120.55	231	3022	41582.18	7.59195703125	10.288301533173492	152.41196	1.0033896
15648000	2265.29	614	3022	41669.96	7.475775390625	9.906776405572097	132.6677	1.1750151
15680000	2152.61	231	3020	41758.7	7.64657421875	10.345383556809288	135.61317	0.6793537
15712000	2147.17	231	3020	41847.06	6.62559375	8.770146449746436	142.99089	0.8676241
15744000	2216.04	626	3017	41935.96	7.6521474609375	9.925388059164236	110.86774	0.991909
15776000	2330.26	231	3019	42024.91	6.340099609375	8.081099669908792	133.25598	0.783856
15808000	2362.92	626	3021	42114.66	6.923423828125	9.59072794421779	94.553185	0.89433265
15840000	2317.82	626	3022	42205.24	6.5182353515625	8.9219480075822	110.761055	0.649536
15872000	2415.53	231	3022	42295.14	5.95213720703125	8.321558034707202	119.16644	0.83351094
15904000	2270.47	231	3022	42385.77	6.76942822265625	9.787264524625867	118.66164	0.9821652
15936000	2142.72	626	3018	42476.47	6.263388671875	7.189899327789646	80.91966	0.6875193
15968000	1888.2	626	3018	42568.49	6.660251953125	8.139139139829224	71.70383	0.8627802
16000000	1920.3	231	3010	42660.65	7.23239013671875	9.38732356691725	157.0036	0.8809526
16032000	1853.51	231	3010	42753.03	8.6198759765625	13.044303713690509	167.00377	1.1262422
16064000	2173.78	635	3008	42845.85	8.604669921875	12.351168973016279	151.31856	0.9821552
16096000	2207.7	636	3022	42938.76	8.453125	12.538764891328013	149.72177	0.9953579
16128000	2229.61	231	3015	43032.04	7.833185546875	10.67402439921326	152.29846	1.0212655
16160000	1968.55	231	3018	43125.12	8.696181640625	13.531648088832343	171.65741	0.98389757
16192000	1828.31	226	3010	43218.58	9.20126171875	13.946054549584982	195.65958	0.93750876
16224000	2090.16	231	3026	43311.65	9.054005859375	13.220201752431768	147.05843	1.0364691
16256000	2052.19	231	3019	43404.91	6.98406201171875	8.10452805535276	68.22319	1.0238549
16288000	2187.25	231	3023	43497.92	7.6607421875	12.101477828141487	193.17773	0.7226404
16320000	2085.97	231	3018	43590.94	7.3583154296875	11.063132750265632	190.02695	0.99485606
16352000	2177.5	760	2993	43683.57	8.90903125	13.161312861945042	159.9394	0.9583002
