TotalEnvInteracts	AverageEpRet	MinEpRet	MaxEpRet	time	Averagemean_Q	Stdmean_Q	Maxmean_Q	Minmean_Q	Averageloss	Stdloss	Maxloss	Minloss
32000	472.83	108	1191	48.32	2.0670226	0.93517286	4.8207455	0.73126495	0.3861683	0.2584277	1.822512	0.071524665
64000	441.86	108	1086	97.92	5.642887	1.2709403	9.595022	2.9132323	1.5017976	0.8845263	6.592102	0.27150697
96000	423.25	111	1189	146.91	9.162662	1.5268273	13.4656	4.938088	3.189401	1.7519808	15.783295	0.58546656
128000	428.16	111	1230	196.29	12.221768	1.6030545	17.571781	6.635853	4.784847	2.520397	17.157618	0.978752
160000	386.54	111	1022	245.9	14.876938	1.6497042	20.456451	10.291578	5.9625626	3.5080779	24.220787	0.84224635
192000	383.66	105	1177	295.28	17.485071	1.7472906	23.827526	11.699648	6.866865	3.9696662	25.974354	1.0588953
224000	408.98	105	1430	344.79	20.356688	1.724694	26.021675	15.321905	7.906875	4.4271493	29.02363	1.2016971
256000	360.31	113	831	394.4	23.559265	1.8001535	28.841301	17.615265	8.808549	4.978721	37.581604	1.4665887
288000	412.68	111	1210	443.85	26.042616	1.572778	32.353966	20.597918	9.658991	5.4662824	34.830498	1.6246538
320000	442.9	111	1214	493.51	27.675535	1.5138742	32.269005	22.896973	9.106516	5.535318	38.4487	1.1605552
352000	371.08	120	1802	543.17	28.31945	1.5712197	32.809853	22.50084	8.315542	4.879657	41.187492	1.8538663
384000	468.57	105	1709	592.92	28.461697	1.8399223	34.435814	21.325932	7.8817143	4.940891	44.175243	1.3969685
416000	487.72	120	1435	642.86	29.291567	1.8730783	34.23472	23.364332	7.509303	4.9755907	41.24439	1.3707775
448000	456.71	113	1068	692.93	31.222754	1.9280173	36.625656	25.685425	7.708104	5.222027	37.82746	1.7867286
480000	386.26	113	1197	742.34	33.47082	1.7349799	38.58326	27.268784	7.1286387	4.2833977	31.348984	1.5889543
512000	457.27	113	1024	792.16	34.829517	1.644491	40.186974	29.519197	7.1466026	4.5386357	47.77221	1.6229949
544000	473.56	120	1199	841.68	35.105488	1.7573485	40.03118	29.551136	7.3953047	5.073385	42.299297	1.4151976
576000	544.91	111	875	891.01	34.8553	1.7507448	39.565903	29.436508	7.8971777	5.710919	46.443653	1.3295689
608000	528.27	120	1070	940.3	34.50261	1.8986562	39.763424	28.192848	7.6708827	5.4930453	44.49182	1.590058
640000	485.82	120	1204	989.87	32.63715	2.1900353	38.874332	22.535162	7.0819297	5.9453425	74.59023	1.2715918
672000	433.62	111	1077	1039.36	31.790588	2.2739754	38.6876	24.43417	6.9983354	5.500126	44.13405	0.9747324
704000	516.42	113	1103	1088.72	32.8437	2.2287192	40.312428	24.759132	6.8188944	5.1450934	40.38235	1.0744454
736000	563.81	120	1207	1137.96	34.204376	2.1264246	41.164635	26.579906	7.0651546	5.673652	49.321396	1.1405442
768000	590.87	111	1929	1187.53	34.886673	2.1883514	40.957664	28.098478	7.25668	5.94728	63.007103	1.25486
800000	512.69	111	1031	1236.92	35.13999	2.2546947	41.596382	28.047352	6.593148	5.156258	37.765984	1.1585138
832000	556.97	111	1534	1286.26	36.184372	2.1959426	42.6411	29.12326	6.585332	5.9679894	77.91239	1.2798944
864000	546.53	120	1015	1335.68	37.241726	2.238965	45.096306	28.377142	6.8000693	5.7142196	45.389133	0.9861809
896000	568.97	111	1214	1385.16	35.599518	2.7023835	43.424828	26.645508	6.462415	5.954271	60.157192	0.7963453
928000	497.45	113	1224	1434.45	32.961468	3.1058264	41.361298	23.16823	6.591369	5.946589	57.661297	0.99747235
960000	515.06	111	1067	1484.07	32.176056	3.2524993	41.05501	21.144138	6.7255483	6.6131372	53.613945	1.0401435
992000	562.23	113	1474	1533.51	33.652714	3.172533	42.233727	22.596779	6.4579325	5.9588275	48.55079	1.0249624
1024000	488.66	105	869	1582.84	35.717834	2.8813694	42.949116	22.715065	6.7727766	6.8732724	57.58956	0.92951643
1056000	501.21	111	1010	1632.19	37.921257	2.9930317	47.44861	26.473	7.288171	6.7388115	51.07412	0.92977273
1088000	573.21	108	1743	1681.64	38.685608	2.88961	46.266785	26.484688	6.803262	6.340409	49.810307	1.0384388
1120000	561.15	111	1200	1731.04	39.53472	2.9400177	47.903305	30.27649	7.091289	6.6201406	72.838196	1.2007282
1152000	499.6	111	1208	1780.3	40.15924	2.7251136	47.919243	31.928617	7.6125045	6.7347593	50.7033	1.0789286
1184000	605.32	111	1214	1829.64	38.781757	3.1677322	47.788155	26.968693	7.542186	7.0456533	79.04727	1.2403679
1216000	504.97	113	1177	1878.97	36.076702	3.3527818	45.535923	23.652086	6.634317	5.993376	50.263092	0.908627
1248000	528.86	113	1201	1928.45	35.00317	3.387229	45.198174	23.252136	5.8633432	5.7852774	50.493755	1.0162534
1280000	595.69	108	1218	1977.8	37.48536	3.3980167	47.967957	22.926476	6.6678786	6.2247996	49.86374	0.93358874
1312000	561.17	120	1543	2026.98	41.458805	2.955549	50.65954	30.93593	7.0665326	7.0675335	98.69382	1.0657195
1344000	560.66	113	1030	2076.25	43.504517	2.4858413	50.953457	32.773056	6.766791	6.2050195	50.264496	0.9084983
1376000	557.04	111	1101	2125.6	43.09424	2.6169748	51.6606	33.989754	6.601537	5.824765	47.48426	0.9081701
1408000	597.4	111	1032	2175.11	41.016598	3.1054401	51.0955	30.47577	6.038206	5.4363837	54.185043	1.0413854
1440000	568.67	105	1094	2224.5	38.101048	3.3353639	46.783127	28.114574	5.9090967	6.259016	64.8778	0.80836314
1472000	586.96	111	1217	2273.86	35.42642	3.6390204	47.227028	23.954332	6.2272673	7.011185	74.74318	0.9862273
1504000	519.38	105	1217	2323.21	34.943295	3.6780467	46.27395	22.314903	5.7758565	5.8445263	59.94363	0.63848114
1536000	611.99	111	1029	2372.54	35.51203	3.5216713	46.614914	22.087475	6.243111	6.320433	70.126015	1.0160835
1568000	595.85	111	1218	2422.01	37.10648	3.3089895	46.778015	26.769554	6.139309	6.435566	54.34395	0.9474658
1600000	582.98	111	1214	2471.49	38.548283	3.0534835	47.31817	27.79993	6.0695605	5.2468815	45.7738	0.9700729
1632000	586.38	111	1777	2521.03	39.289383	2.9185772	48.03782	29.965714	6.0460615	5.6096377	64.454056	0.8022742
1664000	574.9	111	1618	2570.6	38.39584	3.0677214	48.004433	29.659903	5.9843926	4.66922	37.514404	0.9997804
1696000	553.53	111	1212	2620.17	36.36471	3.4196692	47.8752	23.794277	5.751666	4.5875807	48.75556	0.9458268
1728000	604.04	113	1211	2669.7	34.737667	3.482926	46.280853	22.921259	6.3954334	6.474151	67.03906	0.83603215
1760000	569.73	105	1068	2719.17	34.847557	3.4855297	45.458073	23.66273	6.2792253	6.665203	69.33687	0.9513676
1792000	595.71	105	1210	2768.66	35.640415	3.4594178	47.794724	23.908241	6.0271235	6.074794	47.72609	0.85435313
1824000	569.73	111	1079	2818.08	36.628204	3.4099796	47.010113	26.86455	5.6980886	5.3653393	42.30971	0.8598699
1856000	568.19	105	1211	2867.71	36.849003	3.383931	46.053635	24.757645	5.640123	5.277718	54.645084	0.950875
1888000	566.26	113	1087	2917.02	37.07481	3.2405279	46.123898	26.83031	5.7407	5.4002414	55.530067	0.9949895
1920000	576.76	113	1199	2966.34	38.15781	3.0266526	46.84735	28.287373	5.721442	5.4931746	49.186707	0.7254773
1952000	564.81	113	1213	3015.73	39.277554	2.8466208	49.6799	29.189703	5.3484015	5.116031	56.98658	0.89358556
1984000	547.65	105	1082	3065.18	40.44362	2.8041596	49.24902	30.475182	5.6227546	5.516299	55.107494	0.9220104
2016000	592.62	113	1078	3114.66	40.76517	2.7485557	48.566765	32.074337	6.257794	6.07241	54.57984	0.7448276
2048000	607.27	120	1218	3164.05	40.583607	2.8505213	47.9698	31.061525	6.5009375	5.849437	47.414738	0.69809425
2080000	529.61	111	1202	3213.57	40.57132	2.8515735	49.711746	31.273733	6.1462274	5.6573534	57.197914	1.0169928
2112000	552.47	105	1209	3262.88	40.95359	2.837103	49.663086	30.257875	6.0087013	5.165713	39.527435	1.0307659
2144000	609.49	108	1210	3312.16	41.97352	2.6410015	50.93655	33.265015	6.507108	6.4513507	50.862934	0.87922907
2176000	557.41	105	1209	3361.68	42.40619	2.5873284	49.252674	31.069832	6.17439	5.6325593	57.10008	0.87006426
2208000	576.15	105	1081	3411.07	42.03175	2.663743	49.890755	34.264126	6.334668	6.1771007	65.72143	0.9071303
2240000	584.05	113	1203	3460.38	41.36521	2.764718	50.289528	33.095768	6.5473137	5.9324646	49.314007	1.0321566
2272000	599.61	113	1212	3509.57	41.185833	2.8663647	49.052692	31.686857	5.798201	5.296869	49.605225	0.9482967
2304000	528.46	111	1022	3558.96	40.972103	2.8382359	50.355743	31.8858	6.4757724	6.559681	71.366745	0.63400257
2336000	532.64	105	1069	3608.39	39.857166	2.8741486	47.939064	30.987316	6.237981	6.1491075	58.351936	0.9341868
2368000	569.64	105	1083	3657.77	38.36844	2.946474	47.347076	27.827702	6.084781	6.053165	53.271652	0.7559434
2400000	571.57	105	1215	3707.12	38.734245	2.9606922	45.92966	30.522888	5.9738345	5.664196	49.99816	0.8604909
2432000	528.57	113	1212	3756.65	39.516674	2.9753296	47.47606	30.367645	5.5880785	4.9068375	48.19714	0.7289766
2464000	504.51	108	860	3805.89	40.17746	2.9016619	49.98861	31.215166	5.939451	5.509449	43.25888	0.73380196
2496000	575.69	111	1197	3855.19	39.034657	2.9499109	48.59211	28.267794	6.119128	6.0414095	61.227036	0.7394866
2528000	565.52	111	1195	3904.53	38.017868	3.062406	47.85354	26.140675	5.256343	5.1592493	47.77303	0.59991246
2560000	535.48	105	1074	3953.98	37.791416	3.0394032	46.054768	26.19001	5.3395762	4.967421	45.917686	0.7883785
2592000	537.2	108	1080	4003.29	36.82606	3.1539266	45.20282	26.743988	5.2311187	5.7983527	49.811893	0.6749773
2624000	590.41	105	1086	4052.66	35.56438	3.240182	44.81624	23.571491	5.4532356	5.917248	63.66391	0.8515131
2656000	552.88	105	1223	4101.87	34.018623	3.5772374	44.474834	21.058388	5.0917587	5.266082	48.412582	0.7877184
2688000	503.67	105	1202	4151.36	34.73803	3.5246015	44.98699	23.076326	5.7408195	6.5065174	50.730766	0.603166
2720000	592.89	111	1817	4200.78	35.656048	3.4371727	45.10507	24.611443	5.7807813	5.9817615	55.374195	0.48704922
2752000	552.73	105	1996	4250.19	35.61921	3.4779737	46.26395	24.139677	5.6982684	5.619765	54.4837	0.38828444
2784000	589.81	111	1094	4299.36	36.552666	3.3242154	45.912827	27.497688	6.165003	6.969262	73.52139	0.8364296
2816000	590.78	113	1207	4348.99	38.555824	3.3108542	49.90666	25.78903	5.779168	5.989417	62.38395	0.6239209
2848000	620.84	111	1545	4398.39	41.20936	2.9488692	50.90616	31.635895	5.7651086	5.9010224	47.25155	0.7457233
2880000	569.43	105	878	4447.89	42.14033	2.635878	49.930916	33.283752	5.133456	5.8537083	51.71135	0.535779
2912000	546.75	108	1186	4497.5	42.434032	2.62371	49.820778	32.744724	5.2953386	5.8387794	63.664837	0.7021307
2944000	514.25	105	1039	4547.09	42.81798	2.645749	52.0812	34.255325	5.842577	6.329132	49.643696	0.54346585
2976000	494.49	108	883	4596.54	42.26597	2.7453284	50.414284	32.155853	5.9508743	6.6289926	77.358315	0.6949281
3008000	551.62	108	1213	4645.88	42.007996	2.6305213	50.090294	34.5227	6.836864	7.313965	49.72187	0.8327508
3040000	562.76	111	884	4695.11	41.201267	2.9423664	48.973934	31.576035	6.69119	7.5626435	66.408325	0.92483354
3072000	528.46	105	1083	4744.55	41.511265	2.863954	51.960617	31.19292	6.038252	5.9103966	46.152763	0.5454563
3104000	595.97	111	1171	4793.91	41.171635	2.9615972	50.144173	32.762604	6.011169	5.929791	53.186317	0.38737333
3136000	564.01	113	1106	4843.18	39.99172	3.0666206	49.893425	30.095623	5.695967	5.991314	63.14425	0.74950165
3168000	626.13	105	1803	4892.73	39.48821	3.0148997	48.85262	28.501566	5.80604	6.315659	66.93502	0.7357142
3200000	620.2	105	1031	4942.19	40.44227	2.7914321	48.74388	31.338003	5.8622518	5.968466	44.758415	0.80346924
3232000	580.82	105	1208	4991.56	41.90259	2.643778	49.741997	31.117167	6.5154347	6.3059645	48.95841	0.9315161
3264000	657.78	113	1208	5040.92	42.458595	2.5088592	50.02606	33.01854	6.478734	5.9790053	44.907017	0.7303816
3296000	609.85	105	2006	5090.26	40.791008	2.88076	49.94076	30.85399	6.763042	6.2961926	53.26313	0.77221197
3328000	567.39	105	1092	5139.66	38.469303	3.15132	47.59251	27.93409	6.2851105	6.1975904	47.922905	0.7020781
3360000	551.24	108	839	5189.05	38.526077	3.0170994	46.565987	29.202032	7.0019746	7.2337027	56.93064	0.6996753
3392000	598.13	105	1213	5238.22	40.005993	3.022944	48.33458	29.624004	6.5886636	6.718191	56.669117	0.9097839
3424000	566.66	105	1219	5287.43	39.748394	3.134949	48.38405	29.091948	6.129567	6.2187405	51.278122	0.75050616
3456000	570.77	105	1087	5336.85	35.984043	3.5850313	45.77545	23.448303	5.565103	5.8790174	55.99717	0.5889629
3488000	629.65	105	1073	5386.26	32.250538	3.8517716	43.587803	19.571074	5.1458898	6.00234	87.46432	0.640877
3520000	601.44	111	869	5435.73	32.270405	3.9264274	44.721947	20.939974	5.3898163	5.8337116	39.44259	0.4584146
3552000	549.96	105	1220	5485.03	36.432774	3.6253352	46.55001	24.35347	5.910573	5.9729285	46.462513	0.83034706
3584000	620.94	105	1220	5534.24	39.25809	3.5648696	48.68181	24.541477	6.419319	6.767755	56.989193	0.51784086
3616000	523.69	105	1811	5583.86	40.91486	3.0294063	49.558445	30.408688	6.079631	6.3996987	58.31223	0.62687635
3648000	625.41	105	1216	5633.55	40.951077	3.119603	49.377014	32.094704	6.237459	6.322322	48.48566	0.7767727
3680000	531.69	111	1211	5683.22	40.82697	3.1638718	50.77886	30.65112	6.3613486	6.2514877	56.11216	0.82304645
3712000	595.75	105	1214	5732.82	40.005013	3.131107	50.796127	30.9293	5.982572	5.8908353	44.398304	0.7912969
3744000	560.9	111	1078	5782.25	38.972557	3.2584796	49.7712	28.521702	5.688666	5.4637055	36.171715	0.7028652
3776000	636.48	120	1214	5831.83	39.12043	3.3684745	49.613766	26.463474	5.422151	5.6876497	52.178448	0.5269679
3808000	539.05	105	1221	5881.26	40.745335	3.04997	49.908363	30.145546	5.8616834	5.582348	46.04651	0.5477955
3840000	637.42	105	1190	5931.03	43.53089	2.712821	50.400352	34.10762	6.471174	6.430919	58.51876	0.7812178
3872000	666.97	111	1214	5980.57	45.34153	2.2053313	53.695095	37.28804	6.4127355	6.1957126	46.86882	0.8259512
3904000	558.57	113	1209	6029.99	45.287853	2.2467155	51.629177	36.848064	6.7552714	6.6771007	55.52949	0.7841817
3936000	596.12	105	1785	6079.46	43.3541	2.6696885	50.349762	32.187515	6.5037045	6.4997396	54.796333	0.66989267
3968000	548.94	105	1077	6128.96	40.775906	2.9916277	48.56572	31.723444	6.586342	6.805267	60.869736	0.68571126
4000000	561.57	105	1212	6178.33	40.00215	3.1249068	50.171005	28.091993	6.70503	6.8148847	53.838852	0.6114074
4032000	533.31	105	1217	6227.81	40.882175	2.9985888	49.020794	31.730236	6.1126094	6.5374737	53.433777	0.62792563
4064000	572.26	105	1009	6277.04	41.701202	3.0309389	49.801704	31.44522	6.21383	6.9256034	70.40627	0.5500283
4096000	549.41	105	1227	6326.46	40.10447	3.2490523	51.460583	30.15973	5.620656	6.2483244	56.3178	0.47764075
4128000	679.25	111	1822	6375.92	39.09408	3.2904284	47.82511	27.672709	6.1486816	6.4600487	47.79898	0.65997386
4160000	575.54	105	1212	6425.27	38.47271	3.3430755	48.390835	27.99254	5.532959	5.9968514	56.146366	0.6558138
4192000	559.21	108	1225	6474.68	39.27178	3.4401927	48.361664	25.51994	5.787342	5.949034	60.024303	0.7230978
4224000	547.18	105	1436	6524.22	39.839592	3.3725288	49.86367	26.49405	5.728853	5.9864335	57.39998	0.58795655
4256000	589.74	105	1824	6573.63	40.63398	3.2764592	49.407204	29.116077	6.662423	7.058884	62.39653	0.77591145
4288000	588.49	105	1207	6623.0	41.284798	3.0570652	49.873875	31.545826	6.382148	6.435693	54.60593	0.9071836
4320000	565.5	108	1221	6672.47	41.363495	2.7951145	50.132812	31.696228	5.8128414	6.5586286	58.236385	0.7657109
4352000	578.2	105	1216	6721.98	41.938488	2.8217404	50.675518	33.622395	5.932209	6.1354594	51.54775	0.76883173
4384000	615.95	111	1220	6771.64	41.55327	2.9725316	51.531044	31.048409	5.7489023	6.044566	49.174362	0.69107616
4416000	586.03	111	1545	6821.09	41.872665	2.8167796	48.980083	30.701508	6.0861816	6.3455076	50.701344	0.70951974
4448000	617.75	105	1439	6870.78	42.29914	2.8722408	50.401814	34.30965	5.7103457	5.458212	53.04541	0.5716231
4480000	570.7	111	1201	6920.19	42.863716	2.9922829	51.295063	30.858059	6.1286135	6.4612865	64.59687	0.9638821
4512000	591.55	105	1461	6969.46	42.476414	2.9075263	50.164017	31.621113	5.9944334	6.163639	51.123592	0.77344215
4544000	605.58	111	1210	7018.91	40.957718	3.2305136	50.32686	30.927555	5.7739196	5.772853	51.03859	0.8792704
4576000	561.86	111	1229	7068.33	40.594208	3.0535388	49.452805	30.90003	6.9953423	7.4081416	66.10358	0.83468056
4608000	516.32	105	1210	7117.98	40.668427	3.0729012	49.93217	29.400454	6.7845697	7.2709475	63.96984	0.8442775
4640000	595.76	105	1219	7167.38	41.820404	3.0077431	51.27835	31.26659	7.250063	7.176069	49.92526	0.46981007
4672000	559.52	105	1213	7216.71	43.77251	2.8939366	51.93738	35.217823	6.8929796	7.3213887	69.01216	0.70229596
4704000	563.35	105	1222	7266.06	46.02926	2.509518	54.214184	38.35039	7.3274245	7.041733	59.36971	0.6535032
4736000	581.92	105	1170	7315.79	46.978806	2.3736496	53.0541	38.966644	7.0009575	6.993567	68.491455	0.8299743
4768000	630.59	108	1219	7365.43	44.15885	2.8988342	52.51049	33.986183	6.171069	6.406079	52.526775	0.71515805
4800000	621.73	105	1224	7414.81	40.397606	3.3920588	51.131195	28.073639	5.8024807	6.312933	50.774708	0.56113654
4832000	615.85	105	1216	7464.29	37.906773	3.5939775	49.255875	25.213627	5.018806	5.8337636	58.18743	0.4816929
4864000	590.03	105	1201	7513.85	38.847965	3.571154	49.938446	26.349533	5.4204793	5.919973	40.757114	0.53686905
4896000	618.38	105	1223	7563.52	42.01043	3.2362847	51.906116	28.543682	6.3425736	6.4185967	51.499	0.55547774
4928000	620.33	120	1218	7612.93	43.5854	2.831002	51.210514	33.26741	6.3483806	7.1199565	77.374176	0.75378263
4960000	606.0	108	1215	7662.32	42.170532	3.0992332	53.29885	31.59629	5.805579	5.4950814	44.384247	0.6461765
4992000	573.77	111	1477	7711.9	40.979103	3.1253042	50.501057	30.300339	6.053392	5.688994	49.57893	0.78592616
5024000	579.29	105	1216	7761.32	41.08311	3.1075177	50.54731	28.107716	6.3994412	6.968253	68.76655	0.6497374
5056000	580.99	105	1719	7810.68	42.743885	2.9709594	51.967583	34.320965	6.871812	6.562512	44.490376	0.7159779
5088000	637.18	105	1215	7860.17	43.732124	2.6122267	51.101807	34.32695	6.5012355	6.8823743	71.096535	0.65904826
5120000	564.47	105	1211	7909.64	42.858913	2.8739495	50.699318	32.929096	6.2836046	6.342327	61.997696	0.81012845
5152000	642.59	105	1221	7959.39	41.425743	2.9655306	50.57246	28.345112	6.7619553	6.633723	53.216072	0.83261573
5184000	575.58	105	1212	8008.75	41.05354	2.8370953	51.756012	31.184235	6.540116	7.1732173	68.219864	0.80323744
5216000	608.15	105	1824	8058.22	42.0751	2.8358479	50.738884	32.429436	6.737657	6.2691274	58.14691	0.8238746
5248000	605.24	111	1097	8107.89	43.11407	2.7491057	52.18073	34.520164	7.6537285	7.362316	42.62469	0.7827306
5280000	584.27	113	1216	8157.55	43.84499	2.663849	51.193825	34.890335	6.8848248	6.475931	47.913906	0.65396166
5312000	588.63	111	1212	8207.14	44.820736	2.6883466	52.824566	35.824677	6.436691	5.9444556	45.07069	0.40892178
5344000	560.58	111	1717	8256.79	46.226723	2.5789566	53.011856	34.469814	7.157789	7.194692	54.057228	0.7863377
5376000	600.51	111	1202	8306.3	47.193275	2.4285245	54.554703	39.349308	7.343851	7.5394535	86.57744	0.88516843
5408000	604.53	105	1216	8355.72	46.262783	2.6018486	54.01062	36.51544	7.0256953	6.5443826	58.140976	0.5837543
5440000	620.53	111	1207	8405.36	45.240032	2.8804107	52.631313	34.46675	6.2035007	6.312274	46.23548	0.5316037
5472000	529.11	111	1204	8454.99	45.12208	2.8829834	53.494354	35.29537	5.9935517	5.9165387	49.391563	0.7019428
5504000	589.49	105	1215	8504.81	45.209007	2.6834564	52.816696	36.62163	6.087887	6.339999	57.671158	0.59792656
5536000	559.77	105	1203	8554.58	44.883873	2.6480548	53.0119	35.707314	6.962929	7.440056	72.06748	0.57744634
5568000	579.74	105	1705	8604.09	45.479008	2.7374356	52.501785	35.99267	7.507709	7.517239	60.74803	0.7298412
5600000	583.02	108	1689	8653.85	46.273804	2.616633	54.59249	37.418133	7.193974	6.8483505	62.417114	0.768692
5632000	619.34	120	1583	8703.63	46.108257	2.6496058	53.104904	37.142597	6.7961435	7.28809	55.973774	0.6549063
5664000	639.03	105	1222	8753.25	45.95913	2.594215	54.162643	36.044167	7.1556873	7.323479	61.18592	0.83990556
5696000	628.96	113	1807	8802.63	46.464516	2.7749405	55.21556	34.166954	7.056591	7.9556284	70.648865	0.87311625
5728000	638.29	120	1034	8851.97	46.546436	2.7700791	54.76674	35.441605	6.7120566	7.074927	54.453465	0.8983541
5760000	628.97	105	1084	8901.53	45.69038	2.8730729	53.7135	34.952232	5.8643947	6.25901	53.301186	0.59129035
5792000	614.9	111	1446	8950.98	43.81276	3.3635836	53.4005	30.751404	5.7961426	6.7758837	68.816925	0.5482304
5824000	627.4	111	1703	9000.56	43.068523	3.2363179	52.684784	32.2755	5.926965	7.17784	69.4402	0.57393503
5856000	611.33	113	1216	9050.07	44.716652	3.1439152	53.589424	32.92755	6.0249224	7.0732393	63.823517	0.6316606
5888000	584.73	108	1212	9099.51	47.180344	2.8610942	57.12513	36.34292	6.2073674	7.0096407	58.130226	0.8923497
5920000	548.03	105	1197	9149.25	48.791386	2.2277234	55.37147	39.871338	7.231536	7.7072206	54.228832	0.7929756
5952000	569.59	108	1212	9198.5	48.613945	2.3347213	55.71202	39.081493	7.5702643	7.688036	65.18469	0.83658993
5984000	605.45	111	1208	9248.23	48.29556	2.3379989	55.02229	40.56844	8.146925	7.653324	52.765617	0.8750404
6016000	566.84	105	1826	9298.06	48.282444	2.3831282	55.092106	41.283653	7.8899736	8.311064	69.11354	0.8386417
6048000	594.6	108	1459	9347.54	48.66243	2.282485	55.079666	41.372856	6.9957647	6.499184	45.07993	0.73049617
6080000	582.42	108	1524	9396.92	47.369366	2.6651895	54.49069	37.667	7.160887	7.355377	62.893303	0.7983498
6112000	605.73	108	1212	9446.27	45.6976	2.9804564	54.118896	36.615677	7.2199306	7.6090636	59.73411	0.75848556
6144000	594.53	111	1209	9495.53	45.37828	2.8685322	54.7802	35.579094	7.1664543	7.4145756	68.080574	0.5532893
6176000	615.91	108	1213	9544.94	47.096287	2.7373865	55.804955	35.666756	8.344126	8.911019	81.32021	0.6242032
6208000	616.3	105	1210	9594.31	47.748207	2.5862033	55.119904	38.924343	7.137015	7.5058227	68.84493	0.8851553
6240000	589.66	111	1222	9643.76	45.734398	2.932317	54.72917	35.330574	7.191301	7.805629	60.500755	0.55452794
6272000	634.07	105	1820	9693.12	44.320786	3.1685007	53.0612	34.762604	6.7449164	7.402802	69.0116	0.79057217
6304000	599.69	120	1216	9742.65	45.239117	3.1416469	53.589302	32.229336	6.769832	7.4771495	59.752174	0.6682927
6336000	637.22	108	1202	9792.3	47.655807	2.8228624	55.046394	38.255024	6.665857	7.275247	53.339878	0.68361926
6368000	588.47	108	1211	9841.81	48.95303	2.6714556	56.243713	39.53485	6.3550477	6.66876	62.000732	0.7062228
6400000	626.33	105	1215	9891.41	49.109413	2.6397653	56.734413	39.647682	6.3173847	6.5932574	55.992573	0.65892446
6432000	639.35	105	1218	9940.98	48.66293	2.6797848	56.430695	38.623688	6.822563	7.297429	61.866726	0.68636954
6464000	577.0	105	1808	9990.38	48.314793	2.6057477	56.11318	37.81247	7.301772	7.927522	58.488388	0.8093374
6496000	578.48	105	1220	10039.82	47.366062	2.7573874	55.672295	37.613102	7.5816183	7.6826773	55.950066	0.83157825
6528000	562.61	113	1207	10088.96	45.396923	3.017573	55.562973	35.86911	7.1745744	8.349239	67.851036	0.6106754
6560000	616.31	105	1212	10138.43	44.892582	2.965054	53.555134	34.018326	7.0082316	7.208081	54.2037	0.5802785
6592000	562.82	105	1207	10188.09	45.93338	2.862917	53.72744	35.06849	7.289993	7.238166	59.300865	0.76348937
6624000	598.08	111	1228	10237.52	48.537643	2.5654128	56.615715	40.03693	8.32147	7.5396185	64.07922	0.71258247
6656000	568.67	105	1211	10287.11	50.65182	2.127751	57.195824	43.525143	8.264393	7.25671	50.686707	0.6780794
6688000	554.13	108	1219	10336.63	50.89053	2.042219	58.516186	44.041733	8.410556	7.58249	76.665695	0.89116085
6720000	564.04	105	1538	10386.33	50.749367	2.295533	58.14744	40.801807	8.020977	7.601227	59.79861	0.75128317
6752000	590.54	111	1208	10436.04	50.366077	2.3597817	57.044754	43.034542	7.6305027	7.2672143	64.32211	0.8073163
6784000	616.98	111	1217	10485.61	50.20311	2.478463	57.180378	41.898865	7.7597766	7.7525887	68.902306	0.60808575
6816000	608.69	108	2001	10535.2	50.366142	2.4984841	56.539864	40.642723	7.4827857	6.843716	52.08397	0.7917024
6848000	589.7	108	1219	10584.64	48.61256	2.9331558	56.563293	39.093945	7.1715198	7.1027226	57.934525	0.6502148
6880000	628.45	111	1218	10634.04	46.77539	3.0374787	56.716255	34.892803	7.214455	7.3475275	60.563816	0.6816024
6912000	608.52	105	1215	10683.62	45.359146	3.195606	54.941387	34.94793	7.51026	7.8369393	75.96834	0.9062519
6944000	605.1	120	1209	10733.02	44.72616	3.1797028	55.950527	33.536964	7.7315264	7.2643294	56.96132	0.7506538
6976000	563.85	111	1101	10782.84	44.656975	3.4146323	54.680515	31.589462	7.599458	7.3949165	60.6037	0.7977019
7008000	566.39	105	1204	10832.14	43.026493	3.4822445	53.950676	32.309906	6.7503195	6.4135566	51.20079	0.71095335
7040000	626.75	105	1213	10881.75	41.75354	3.7230082	53.567234	26.617367	6.843872	6.5422974	58.70149	0.6215082
7072000	617.33	105	1207	10931.75	42.862053	3.575338	52.764812	29.045174	6.8522167	7.546099	71.90605	0.7887125
7104000	631.43	108	1799	10981.52	43.912056	3.5075588	53.767426	34.036034	6.7290564	7.170443	82.89072	1.0354023
7136000	600.1	105	1214	11030.98	44.779457	3.176923	53.70983	33.90171	7.073182	8.059194	76.258514	0.69594616
7168000	627.91	108	1694	11080.72	44.07276	3.3068974	53.71317	32.655205	7.1772795	7.7702446	69.20261	0.7364442
7200000	625.52	105	1222	11130.62	43.12339	3.3442626	54.527306	32.431915	7.3414025	8.191756	64.865776	0.6912041
7232000	596.64	105	1443	11180.21	42.888885	3.4916615	53.832474	29.191866	6.8995204	7.5814757	53.286648	0.61712617
7264000	663.85	108	1816	11229.77	43.12234	3.5664473	52.841408	30.607872	7.2358203	7.1644073	52.918472	0.56357217
7296000	648.59	105	1823	11279.39	44.21391	3.3759267	54.197723	33.02746	7.1995225	7.6589394	73.35126	0.8262332
7328000	561.27	105	1213	11329.1	46.560093	3.3032598	56.78155	34.01918	7.5166717	7.7833295	56.65315	0.7001358
7360000	525.49	108	1214	11378.62	48.074142	3.0838995	58.06398	39.02174	7.532171	7.947174	61.617664	0.78896546
7392000	590.31	111	1214	11428.05	47.92358	3.1623247	57.037575	36.998272	7.322163	7.6092305	62.192173	0.65980464
7424000	664.94	111	1824	11477.52	48.146225	3.004925	56.7824	38.550232	7.5207815	7.838728	59.6481	0.5831997
7456000	582.86	111	1222	11527.01	48.38428	3.1194246	57.567226	38.591316	7.426826	7.7899327	59.188896	0.7625979
7488000	679.02	113	1375	11576.74	49.75238	2.9488223	57.928734	40.66968	7.1869273	7.903303	73.68109	0.68526363
7520000	640.73	108	1221	11626.43	51.551525	2.55814	58.68477	42.713306	7.123625	7.23808	55.540337	0.6324649
7552000	672.93	105	1218	11675.88	52.582127	2.373637	58.58413	43.950695	6.7849874	6.696445	45.30774	0.642092
7584000	635.1	105	1219	11725.39	52.83347	2.298698	59.544937	44.98523	7.311379	8.010319	69.33833	0.7527464
7616000	662.35	111	1215	11775.12	51.966187	2.5368214	59.9264	43.762394	7.5826025	8.130796	57.927692	0.9069065
7648000	633.79	105	1782	11824.63	49.7014	2.8202534	58.88763	39.272667	7.489995	7.947721	64.35108	0.75453925
7680000	595.59	111	1822	11874.16	47.793304	3.0245535	57.68007	39.528217	7.4213104	8.293343	60.338314	0.595785
7712000	657.65	111	2127	11923.81	47.770985	3.1939764	57.627583	37.778336	6.8183446	6.9647613	64.87435	0.50014424
7744000	618.41	105	1217	11973.79	48.231255	3.0584617	57.685596	37.285786	6.926207	7.6020827	70.57658	0.5759092
7776000	618.69	105	1218	12023.41	48.719025	3.004078	57.808105	38.37809	6.28353	6.3847003	42.76965	0.59744275
7808000	636.81	111	1806	12072.65	48.997753	2.9791732	57.467514	38.766212	7.061959	7.7283454	64.41235	0.7418604
7840000	629.53	120	1224	12122.17	50.01242	2.8330252	58.38108	39.323574	7.706923	8.736826	67.01755	0.591962
7872000	589.39	111	1229	12171.56	50.710598	2.6000936	57.95622	42.370193	7.7612195	7.6243105	65.3099	0.43736136
7904000	616.38	113	1441	12220.95	51.130634	2.5387886	58.75341	42.835987	7.91384	8.553436	111.213104	0.676478
7936000	643.46	105	1824	12270.33	50.37092	2.6706471	57.89162	40.715385	7.0297184	7.225044	54.05314	0.6344476
7968000	612.75	111	2001	12319.75	50.060772	2.7998562	58.645264	38.517616	7.124912	7.460329	65.131226	0.881646
8000000	631.08	111	1219	12369.53	49.470467	3.0327787	58.332344	38.54638	6.7746425	6.6792507	53.654415	0.8049293
8032000	621.73	111	1216	12419.13	48.262047	3.0283391	57.33284	38.015476	7.4152794	7.6425967	91.53063	0.7554731
8064000	603.02	111	1215	12468.82	47.779232	3.0398064	56.515484	36.8026	8.047601	8.06349	61.979675	0.7135927
8096000	638.91	111	1205	12518.23	47.68989	3.240931	57.272934	35.22685	7.7224197	7.797502	59.32208	0.78972036
8128000	640.21	111	1211	12567.68	47.138283	3.389906	56.866352	35.77032	7.3012943	7.50265	70.906624	0.82174057
8160000	637.2	108	1993	12617.04	46.588657	3.1940343	58.228706	36.569027	7.7054315	8.949656	71.94389	0.73175025
8192000	617.09	113	1216	12666.54	46.544086	3.2436507	55.694965	36.13388	6.7540393	7.3378887	62.69757	0.6460357
8224000	581.47	108	1224	12715.99	47.62504	3.1100335	57.880497	38.148273	7.1733217	7.7741127	104.916245	0.6395799
8256000	646.29	105	1993	12765.35	48.02281	3.0577147	59.025154	38.58838	7.582042	7.6225967	67.05892	0.6202208
8288000	607.85	111	1687	12814.93	47.67127	3.1535814	57.30635	34.62996	7.5289083	7.897721	71.45533	0.6757506
8320000	709.74	111	1536	12864.25	48.248196	3.280287	59.99704	37.1313	7.6995354	7.548473	76.46597	0.9889773
8352000	586.85	111	1217	12913.64	50.72451	2.997391	59.830082	39.504417	8.690646	8.926414	76.98691	0.9074801
8384000	607.98	111	1795	12963.22	53.464546	2.358471	62.505516	44.10582	9.310945	9.023344	67.85978	0.9085717
8416000	621.71	108	1216	13012.71	54.257545	2.280957	60.086502	46.149307	9.207267	9.2754345	71.35133	0.8286555
8448000	597.09	105	1218	13062.2	52.51071	2.778417	60.751244	43.5516	8.266587	8.400738	91.81707	0.689313
8480000	541.97	105	1226	13111.85	50.4869	3.0293648	59.57453	40.67721	8.06382	8.282392	57.490475	0.61666894
8512000	563.4	105	2010	13161.43	49.64968	2.976759	58.034798	39.794624	8.640121	8.510014	71.05655	0.7072023
8544000	638.03	108	1831	13210.77	50.7255	2.9043136	59.473007	40.059875	8.94225	9.2045145	72.96086	0.84382176
8576000	600.46	108	1215	13260.05	52.053593	2.7162576	60.92333	43.041134	9.012813	9.191982	68.36467	1.0077767
8608000	614.95	108	2147	13309.74	51.65614	2.7344973	59.649307	41.170082	9.207996	9.035567	68.76195	0.6462728
8640000	581.04	105	1214	13359.45	50.98	2.9188285	59.558784	37.88504	9.264143	9.093144	73.93259	0.6053176
8672000	598.74	105	1221	13409.05	50.614616	2.9983685	59.698708	40.06459	8.529339	7.8762293	63.947166	0.9264899
8704000	604.27	105	1235	13458.45	49.678673	2.99508	59.084393	39.932083	9.229889	9.077275	78.002815	1.0385095
8736000	614.84	111	1216	13508.04	49.284233	3.1733663	58.995495	37.508858	8.582351	8.453861	64.82193	0.9755908
8768000	619.47	105	1223	13557.69	49.883533	3.1628313	58.941788	40.460426	8.573033	8.216321	81.48495	0.9810687
8800000	611.49	108	1221	13607.31	51.910694	2.927724	59.668762	42.090805	9.290594	9.967703	88.28802	1.0363419
8832000	598.88	105	1430	13656.84	52.992447	2.738969	62.675507	43.584732	9.686004	9.568814	78.173225	0.9112232
8864000	566.22	105	1816	13706.22	52.18967	2.8160937	61.194935	43.16024	9.569586	9.551165	86.56078	1.0331411
8896000	609.39	105	1810	13755.89	52.135372	2.9371076	60.513035	42.172714	9.799549	9.961237	78.862366	0.78473234
8928000	621.87	105	1790	13805.66	52.67783	2.830349	62.26953	43.11062	9.844467	10.337038	80.782684	0.84688854
8960000	606.44	105	1818	13855.28	53.630306	2.7653	61.948616	44.738083	10.430047	10.2000065	118.74715	1.0004243
8992000	570.82	105	1551	13905.01	54.472595	2.6955254	61.35417	44.80741	9.977295	10.062295	69.661514	1.035669
9024000	565.61	105	1478	13954.74	54.68224	2.6070635	63.50687	46.08646	9.518811	9.294735	88.89522	0.91777515
9056000	591.65	105	1822	14004.3	54.792698	2.7613876	62.691765	46.194027	10.116438	9.886871	77.65585	1.1924009
9088000	613.68	111	1215	14053.69	55.07819	2.8963525	63.620895	44.345924	9.769404	9.811813	72.54951	1.178443
9120000	577.24	111	1429	14103.26	55.434513	2.9174411	63.56642	46.036186	9.43051	10.051744	85.797905	0.8743286
9152000	642.03	105	1229	14152.96	56.258064	2.8881485	64.61371	47.54592	9.7330475	10.102274	67.863884	0.88654035
9184000	584.93	111	1775	14202.92	57.280754	2.6681175	65.05707	46.265835	9.106097	9.539129	65.94332	0.8041134
9216000	627.44	120	1830	14252.65	57.80447	2.5417705	65.234604	48.22538	9.030682	8.778484	61.3434	0.99043596
9248000	608.24	105	2085	14302.17	57.88528	2.617595	66.24591	48.551693	8.914494	8.822577	65.459076	0.94797885
9280000	614.57	108	1220	14351.61	57.38892	2.6666834	67.4835	49.064087	9.209776	9.225191	74.60126	0.758742
9312000	623.07	111	1806	14401.04	56.78432	2.7503667	63.921375	48.966568	8.956211	8.891986	61.13904	0.91572964
9344000	592.19	120	1221	14450.8	55.993546	2.8846412	63.931282	46.693565	8.291802	8.10422	59.043472	0.8680483
9376000	604.35	111	1217	14500.4	55.180058	2.872463	64.19344	43.636135	8.976361	9.194832	87.61564	0.87001157
9408000	602.02	105	1458	14550.12	54.825657	3.0163722	62.371	41.838173	8.09965	8.674137	79.20352	0.87262356
9440000	565.28	108	1225	14599.76	54.74261	3.126278	63.26957	43.534073	8.323525	9.190589	74.10884	1.052383
9472000	646.31	105	1219	14649.45	53.533375	3.081185	62.832245	44.975388	8.921622	9.253275	74.25392	0.9370496
9504000	575.84	105	1216	14698.98	51.457993	3.4266179	60.59163	39.127056	8.763521	9.158595	59.294823	0.9014298
9536000	644.78	111	1717	14748.73	50.24384	3.5109534	59.909836	38.649498	8.526712	9.028467	72.702126	0.80015665
9568000	601.29	120	1510	14798.26	50.507195	3.4293597	60.646862	38.2379	9.068566	9.278369	67.963005	0.93020755
9600000	546.13	113	1869	14847.85	52.85276	3.152729	61.648624	42.79872	8.964467	9.145938	59.741035	1.0290045
9632000	611.38	111	1459	14897.56	53.91332	3.0454905	62.93344	43.162407	9.391565	10.134922	76.7715	0.74111056
9664000	607.8	111	1695	14947.45	54.41904	2.9075277	64.01658	45.854393	8.490984	9.225087	79.07593	0.6909301
9696000	607.84	111	1221	14996.91	55.554447	2.7588308	62.66548	47.471855	8.614328	8.971235	92.73391	0.780848
9728000	601.16	105	1816	15046.42	56.757763	2.3499706	63.12221	48.110313	8.954995	9.190427	78.24336	0.81505716
9760000	668.88	105	2015	15096.05	55.319717	2.8617322	63.774506	45.812515	9.070896	9.188358	72.178276	0.9652087
9792000	618.02	105	1215	15145.58	52.604874	3.2542696	62.94813	39.05154	9.230834	9.807953	95.59874	0.884138
9824000	678.97	105	1830	15195.02	51.522385	3.4217904	61.408142	38.72837	8.9670315	9.052318	59.626633	1.0572152
9856000	639.02	120	1666	15244.28	53.12369	3.1053405	62.748203	41.510628	9.297884	9.899593	77.30249	0.9172436
9888000	638.98	108	1207	15293.64	53.984657	3.0353034	61.970016	42.894333	9.153303	9.973085	96.02699	0.7895515
9920000	594.84	108	1217	15342.79	49.35125	3.8936288	60.26983	35.29959	9.336071	9.711415	77.73035	0.8375852
9952000	651.61	108	1827	15392.44	46.477703	3.8320532	58.087383	34.816956	8.355451	9.026924	92.8577	0.5779326
9984000	567.9	105	1813	15442.17	47.645836	4.0485168	59.56222	32.247917	8.789417	9.610552	90.33821	0.8408135
10016000	654.23	108	1429	15491.81	53.046436	3.546962	62.394295	39.82215	9.904576	10.88669	94.23183	1.0527165
10048000	567.67	105	1083	15541.36	56.162304	2.6139278	62.779243	47.071712	10.06898	9.948629	77.76963	0.87574106
10080000	611.65	105	1438	15590.98	56.484398	2.812818	64.83284	46.90313	11.672227	11.773567	87.3549	1.2372416
10112000	623.56	105	1233	15640.84	57.34461	2.5943365	63.325066	48.9169	11.027871	11.217666	101.62246	0.64506924
10144000	615.24	105	1218	15690.39	59.014053	2.3575835	65.99784	50.112946	10.340631	10.802928	71.244286	0.9222152
10176000	647.9	108	1440	15739.85	58.686367	2.5520058	66.302704	48.30693	9.744412	8.8768	63.164818	1.097299
10208000	635.58	111	1528	15789.67	57.001747	2.806577	65.02559	47.845562	10.1365385	11.169781	155.42732	0.77908283
10240000	686.69	111	1720	15839.26	56.727306	3.0644555	67.04409	47.252815	11.502361	11.992068	85.918755	1.077671
10272000	609.66	105	1426	15888.75	57.81713	2.7722757	66.801865	48.940346	10.625623	10.955872	92.46208	1.1391058
10304000	620.8	105	1735	15938.19	58.593353	2.760298	66.787155	49.15699	10.423787	12.07157	156.80649	0.82401943
10336000	515.4	108	1823	15987.79	57.49069	2.9440556	66.91806	47.454063	10.040924	11.336707	93.157364	0.8750173
10368000	667.54	105	1975	16037.1	55.890087	3.1076589	64.56863	44.93811	8.898268	9.6017885	78.40282	0.8769636
10400000	634.29	108	1217	16086.41	56.06205	2.8893359	64.57942	46.62335	9.141006	9.276964	76.83882	0.87796426
10432000	576.34	111	1102	16135.84	57.636337	2.514341	64.82502	49.168148	10.59255	10.993344	102.961044	0.96989954
10464000	598.22	111	1459	16185.18	59.21088	2.152753	65.85593	51.54458	11.158947	9.604239	61.13084	1.3813401
10496000	593.46	108	1428	16234.69	58.538437	2.3368187	66.31348	49.498775	11.472442	11.152624	81.54309	1.015634
10528000	617.5	105	1660	16284.15	56.54764	2.8944702	63.930008	46.5151	10.937668	10.64961	66.63051	0.88007545
10560000	602.02	108	1220	16333.59	54.753326	3.0809112	62.503323	45.77389	10.47862	10.632217	77.88838	1.0583166
10592000	608.57	111	1685	16383.32	55.159916	3.1598108	63.89914	45.086884	10.456297	10.663249	86.639755	1.208039
10624000	578.26	111	1214	16432.99	57.388187	2.8872995	65.23577	46.67647	10.556871	10.358707	92.01747	1.1918268
10656000	597.37	105	1440	16482.7	58.898914	2.6815639	65.88596	49.42215	10.979666	11.120119	91.934845	1.0281277
10688000	581.19	111	1221	16532.55	59.96768	2.6852927	67.99565	49.424397	10.362711	10.231462	82.01625	0.970525
10720000	580.3	108	1097	16581.99	60.4317	2.5749574	67.186935	50.158607	10.309783	10.184893	87.51832	0.9224969
10752000	622.02	120	1665	16631.44	59.44061	2.9771936	68.49802	49.042854	10.492135	10.505952	94.23003	0.91954947
10784000	545.95	108	1226	16681.15	57.336704	3.2123961	66.341866	46.87404	10.928527	10.735427	92.9572	1.0583043
10816000	570.71	108	1824	16730.72	56.02428	3.3467371	67.68913	44.820786	10.578766	10.914288	73.519325	0.998584
10848000	619.0	105	1736	16779.96	56.378162	3.3282118	67.846466	45.802383	10.211464	10.518077	78.61786	1.1605973
10880000	587.98	120	1230	16829.53	57.756866	3.0179293	66.404854	46.293297	10.262598	10.331294	120.857895	0.9531418
10912000	654.96	108	1800	16878.98	57.6826	2.8721719	65.18677	46.1342	10.629385	11.162613	101.75238	0.671996
10944000	691.6	120	1694	16928.58	56.637405	2.9519935	64.93011	47.076294	9.744524	10.729584	88.6555	0.9267985
10976000	700.77	108	1826	16978.08	54.82492	3.015263	63.0819	44.157482	9.300388	9.7927885	68.80257	1.0033672
11008000	598.66	105	1676	17027.54	53.595585	3.4807463	62.631462	40.863335	10.502625	10.925086	89.23709	1.0075066
11040000	708.02	108	2016	17077.35	53.112297	3.4898915	64.8979	41.127113	10.531674	10.570421	82.77762	0.979624
11072000	575.01	105	1232	17126.75	53.753235	3.5743935	64.47121	43.187355	9.88389	9.70572	85.30943	0.9278488
11104000	675.94	105	1766	17176.43	54.510517	3.5025485	64.152504	43.415325	10.907694	10.872232	94.13138	1.1639757
11136000	602.98	108	1214	17225.93	56.203907	3.3312883	65.47353	41.149128	11.055627	10.833572	84.748886	0.89290035
11168000	580.02	105	1685	17275.35	58.671215	3.1832454	68.726295	48.66314	11.316595	11.589698	99.830284	0.8693203
11200000	626.87	108	1820	17324.77	60.674572	2.8155437	69.54898	52.99266	11.671303	12.596941	159.07716	1.0464542
11232000	564.57	111	1216	17374.22	60.812687	2.6487226	69.269226	52.367264	11.90325	12.387571	102.77204	1.0002884
11264000	626.45	108	1620	17423.61	59.41849	3.19669	68.14591	46.866814	11.83084	12.762436	99.381134	0.88306797
11296000	568.06	108	1821	17472.96	56.887714	3.496306	66.51431	42.463223	11.148363	11.838699	99.63812	1.1261458
11328000	616.05	113	1215	17522.32	55.509087	3.6336586	66.82764	43.33481	11.769904	12.083002	126.68767	0.7731435
11360000	616.89	105	1820	17571.99	56.16827	3.366745	66.95596	40.986816	11.921291	12.100786	96.93227	0.97584796
11392000	660.55	111	2171	17621.59	57.628876	3.3123274	66.878235	44.7105	12.95323	13.092919	93.96997	1.3666781
11424000	634.64	105	1624	17671.06	58.463577	3.1278212	66.8158	47.067673	12.709712	14.692401	149.36565	1.0660111
11456000	620.11	105	1537	17720.67	57.895657	3.3806927	67.76131	45.477257	12.691374	13.031325	109.861336	1.2471201
11488000	558.62	108	1209	17770.35	58.202377	3.5363028	67.357346	44.669918	12.050052	12.754922	98.33628	1.0377022
11520000	629.28	105	1216	17819.92	59.161343	3.4416366	68.1894	46.772095	12.893266	13.720597	96.47239	1.1895674
11552000	601.18	108	1441	17869.42	61.44471	3.0360918	69.72734	51.878326	13.065246	13.867446	96.46412	0.89820576
11584000	722.71	113	1932	17918.96	62.11024	2.8946512	70.04591	50.810463	12.960843	13.045858	108.905106	1.1111186
11616000	672.29	108	1689	17968.5	63.09091	2.5604491	70.72345	53.913002	12.581433	13.22267	135.41594	0.9988654
11648000	549.86	105	1431	18018.22	62.576946	2.4810855	69.02169	53.52306	12.598861	12.124023	87.88874	1.1727095
11680000	549.24	105	1442	18067.69	62.298985	2.7646635	70.03879	53.18516	12.5717535	12.605299	98.983215	1.113963
11712000	614.07	111	1667	18117.06	62.917446	2.5979784	70.20067	55.308693	13.470232	13.964906	146.03757	1.1840746
11744000	656.5	108	1782	18166.79	63.149284	2.5176277	69.68599	55.497177	13.618561	13.554755	149.77562	1.2059083
11776000	624.58	111	1439	18216.29	62.590508	2.570481	71.02617	53.68811	13.993115	14.674243	131.1044	1.8745165
11808000	595.52	111	2166	18265.98	61.50319	2.7612028	68.65979	51.715233	14.04358	13.9429245	142.93939	1.37763
11840000	597.67	120	1216	18315.68	60.674778	2.9696937	68.482956	50.086014	12.944789	12.752951	103.04518	1.5915146
11872000	669.42	113	1831	18365.03	59.236694	3.2206066	68.40071	46.7371	12.87052	13.592468	116.98047	0.70333695
11904000	639.87	105	1828	18414.5	57.579945	3.4604068	67.67864	44.855972	13.31985	13.100227	104.87016	1.1688942
11936000	634.04	111	1789	18464.1	57.62034	3.528943	69.7804	41.566013	12.760932	12.083699	124.446014	1.3544707
11968000	618.76	108	1802	18513.43	60.720764	3.2259502	70.4566	49.532066	12.934508	12.58947	139.56497	1.14857
12000000	548.98	111	1812	18562.8	64.21332	2.6345081	71.668335	54.759983	14.780228	13.659429	108.02685	1.5662317
12032000	611.7	111	1803	18612.1	63.92028	2.502518	71.73467	55.009094	15.003008	15.764153	117.91542	1.3199106
12064000	527.17	111	1221	18661.55	62.74781	2.7790015	70.89271	52.370285	13.215088	13.784527	117.903534	1.514787
12096000	602.36	111	1216	18711.07	61.59012	3.0260394	69.647385	51.004272	13.865674	13.681405	105.70346	1.5665779
12128000	539.54	111	1832	18760.57	61.087326	3.308702	70.05864	50.428104	12.896598	11.932426	81.26657	0.93941283
12160000	691.98	108	1824	18810.05	60.060234	3.64557	72.09986	46.97056	13.496526	13.467969	104.640854	1.5916792
12192000	571.22	108	1809	18859.43	57.33379	4.051557	68.555275	41.565094	13.640174	14.064006	130.99289	0.86209273
12224000	578.5	111	1218	18908.93	56.97312	3.9915469	68.06798	43.89633	12.064288	12.532072	112.46938	1.2063577
12256000	642.8	105	1208	18958.24	58.45889	3.8718488	68.36414	44.1132	11.322566	12.762159	112.47919	0.85739434
12288000	597.07	105	1434	19007.93	62.043453	3.0620136	71.16619	50.26101	12.072678	13.6339855	127.373474	0.7148187
12320000	591.74	111	1833	19057.62	62.720463	2.5106184	70.22212	52.445866	11.61899	12.798422	94.68196	1.0072298
12352000	606.84	105	1817	19107.06	61.482624	2.6251214	69.20704	52.49739	11.985868	12.788137	116.80716	1.1689813
12384000	639.78	111	1220	19156.52	59.584805	2.9081519	70.733894	48.322178	13.359066	12.426779	86.55542	1.3628482
12416000	653.7	111	1799	19206.15	58.5645	3.1684377	67.35415	45.542313	12.584553	13.183682	152.37338	1.110564
12448000	642.71	111	1801	19255.73	59.612194	3.2434216	68.72498	47.357216	13.095709	12.546035	108.414764	1.3113538
12480000	593.32	111	1811	19305.29	60.53427	3.05672	69.20549	50.524826	13.949455	13.64777	116.23782	1.7066503
12512000	592.93	111	1827	19354.91	60.766476	3.137532	70.23999	49.252647	14.452514	14.926576	115.99217	1.3583943
12544000	625.18	105	1818	19404.37	59.309967	3.3490758	70.00397	48.667587	14.142809	13.86243	139.62288	1.3778914
12576000	562.55	108	1213	19454.03	57.156506	3.5456564	65.98417	46.944656	14.152988	14.286394	127.50235	1.4088686
12608000	593.81	111	1529	19503.31	56.166897	3.8474522	67.05853	45.108955	14.229921	14.252721	109.84436	1.2326444
12640000	591.57	111	1818	19552.85	58.180332	3.7429204	68.96132	44.96002	13.561846	13.383645	116.50533	1.3582053
12672000	637.47	111	1994	19602.22	60.633865	3.35247	71.319046	49.86032	13.841583	12.603894	94.90298	0.90884316
12704000	613.6	111	1981	19651.58	61.521046	2.939514	69.325	52.21756	14.153449	13.760696	132.11003	1.3554899
12736000	660.18	111	1652	19701.1	59.03676	3.6020052	70.03561	47.25923	13.159603	13.699984	108.703514	1.5468214
12768000	572.46	111	1734	19750.73	56.6785	3.7578297	66.905396	45.681484	12.55477	13.170887	95.97713	1.3906977
12800000	662.95	111	1806	19800.32	56.008522	3.735734	65.144875	42.75803	12.020797	12.535486	116.55188	0.92438936
12832000	558.56	108	1440	19849.71	58.737156	3.619733	70.08748	45.86659	13.353905	14.228851	144.01404	0.92264175
12864000	620.82	111	1399	19899.04	61.21363	2.9946997	69.81459	50.37962	13.062979	12.50309	99.03899	1.5804625
12896000	580.11	111	1783	19948.58	61.81121	3.080378	71.27223	50.39335	14.597861	14.686724	100.764145	1.1901428
12928000	599.93	111	1777	19998.11	61.573708	3.194569	71.21931	46.06989	13.621472	12.980874	91.76141	1.0435843
12960000	620.43	111	1719	20047.74	59.78089	3.6120038	70.29516	46.057358	13.903134	13.983007	162.4768	1.5819206
12992000	640.41	105	2008	20097.29	58.47232	3.7918072	71.220474	47.022415	13.319263	13.594345	128.19402	1.0923424
13024000	619.97	113	1819	20147.04	58.784	3.7900743	67.913025	46.107216	13.701418	13.984796	152.91528	1.6560522
13056000	684.68	105	1438	20196.41	59.79117	3.8727872	73.0697	48.414066	13.080484	13.873598	182.53015	1.3968443
13088000	580.72	108	2121	20246.07	62.86333	3.4539704	71.92813	48.88951	13.866351	13.717146	93.38663	1.3747984
13120000	748.12	111	1812	20295.66	65.979034	2.7609951	73.914536	57.31818	13.381086	12.668877	99.385376	1.3560007
13152000	696.81	111	1789	20345.36	67.320694	2.4529617	76.24263	57.720844	15.394744	15.5377	107.36358	1.553363
13184000	632.28	111	1542	20395.0	67.4573	2.3873758	74.592125	59.62495	14.625341	14.109756	107.111275	1.61331
13216000	642.76	120	1223	20444.66	67.10949	2.395827	74.18359	59.112175	14.484998	14.787712	129.30467	1.5628399
13248000	734.77	108	1457	20494.42	66.54888	2.6786263	74.997986	55.7834	14.250037	14.9161825	155.46504	1.2797588
13280000	715.12	111	1822	20543.9	65.85508	2.818302	74.15742	54.33081	14.351816	15.392466	114.83623	0.9603027
13312000	712.75	113	1982	20593.55	64.59693	3.1764488	72.43854	53.504456	14.241699	15.49571	124.92135	1.2243602
13344000	675.74	111	1805	20643.13	63.554203	3.282373	72.3794	52.619736	13.385288	13.782839	103.32755	1.1438202
13376000	726.44	120	2110	20692.61	63.72976	3.4523938	72.89876	52.336403	12.80115	13.882909	118.43184	1.0566783
13408000	520.24	111	1211	20742.01	64.49904	3.3880575	73.82336	52.754635	12.299754	13.1131115	113.68909	1.0112128
13440000	587.92	111	1217	20791.41	65.84925	3.051898	74.55019	52.92581	13.295047	13.29793	110.45646	1.0073404
13472000	633.75	105	1540	20841.07	67.48875	2.7326744	74.42015	58.062195	13.919675	14.324901	143.1936	1.2915676
13504000	628.12	108	1442	20890.54	68.12873	2.564331	74.7496	57.145462	15.517822	16.7086	114.75251	1.0101949
13536000	619.18	111	1216	20940.29	67.98788	2.6166449	74.53179	57.913326	15.072043	15.881351	127.1633	1.1954975
13568000	676.22	111	1760	20989.94	67.010376	2.8910537	74.40812	55.766834	14.277797	15.259713	120.643326	1.4586464
13600000	594.96	108	1540	21039.54	66.03022	2.7442496	73.42501	58.235626	14.205125	14.989833	102.60536	1.4531242
13632000	659.71	108	2065	21089.25	65.44879	2.7555392	73.60719	55.186188	13.550045	13.694293	98.260826	1.2433549
13664000	619.46	108	1813	21139.03	65.51459	2.744266	73.710754	53.936462	14.219145	14.434459	144.46582	1.0925503
13696000	588.98	111	1216	21188.61	64.28569	3.097721	72.32569	50.797287	14.964307	14.782556	133.78249	1.545657
13728000	642.15	111	1927	21238.23	61.506226	3.626632	71.46057	49.82562	15.358652	15.657671	119.317474	1.1459197
13760000	620.14	108	1807	21288.22	59.229618	3.8961842	70.65205	45.998146	14.14293	13.655079	110.79976	1.1456113
13792000	607.52	108	1832	21338.2	60.710022	3.87283	71.54045	44.96801	13.735682	14.966394	164.79764	1.4152751
13824000	638.51	108	1829	21387.89	63.934994	3.6236248	75.55743	48.99152	14.135574	15.512339	128.40367	1.4100323
13856000	663.5	105	1540	21437.8	67.602104	2.848149	75.38593	56.401405	14.856166	14.828973	138.44916	0.832028
13888000	598.59	108	1995	21487.49	69.742584	2.2613993	75.910225	61.72193	16.538109	17.088196	132.32338	1.4200466
13920000	625.18	111	1216	21537.19	70.40045	2.1632094	76.83377	61.97297	16.16311	16.208956	121.35452	1.398374
13952000	582.91	111	1544	21586.62	69.05132	2.541544	75.92766	59.269333	14.314967	15.072377	118.31734	1.2197366
13984000	558.32	108	1814	21636.27	66.78483	2.667242	74.10342	58.117126	12.551978	13.099097	102.03028	1.262274
14016000	687.69	105	1536	21685.88	65.93022	2.8771584	75.35617	56.931168	13.964022	14.074962	104.45524	0.75354457
14048000	672.11	111	1215	21735.87	66.916794	2.786247	74.64719	57.62225	17.088896	16.586336	160.08794	1.607679
14080000	600.21	108	1540	21785.67	68.69751	2.4807756	75.12817	59.720013	17.144712	17.554043	191.14421	1.6034527
14112000	673.74	108	1533	21835.19	68.82717	2.6069992	75.62581	58.34095	16.192163	15.755164	195.60818	1.6200647
14144000	699.57	113	1834	21884.89	68.504234	2.7638476	75.08389	58.760395	16.180897	17.055544	164.35997	1.5290143
14176000	545.02	105	1213	21934.75	68.04367	2.7789135	76.8128	59.346764	15.937124	15.286655	121.20269	1.5137682
14208000	612.54	111	1695	21984.37	65.96046	3.3433754	74.39533	52.322746	15.67062	16.78277	163.5467	1.367594
14240000	617.74	108	1211	22034.73	63.008175	3.6454937	72.79964	51.7486	13.945346	14.572495	117.1574	1.187207
14272000	647.52	113	1456	22085.13	61.721172	3.709251	72.36081	51.18258	14.186059	15.631643	125.589134	1.102274
14304000	699.11	105	1804	22137.17	63.373512	3.4154997	73.68385	52.19695	13.785746	15.6522	112.55711	1.2769291
14336000	609.82	105	1835	22187.21	64.680115	2.8318563	72.7722	55.66959	13.993621	14.188678	105.91661	1.6076436
14368000	570.2	105	1815	22237.85	63.20542	3.1660235	71.59867	52.271843	15.993272	16.811024	106.84939	1.7234406
14400000	560.7	111	1209	22311.64	62.422485	3.6536677	73.41745	47.02797	15.221732	15.431544	113.58449	1.0154514
14432000	641.48	120	1769	22366.37	61.324257	3.6341667	73.72072	48.93587	16.721746	18.401012	156.18013	1.7001793
14464000	651.44	111	1834	22433.0	61.358555	3.5660617	70.070465	47.75016	15.1692705	15.811225	130.64322	1.4641011
14496000	617.99	108	1818	22510.38	62.01144	3.2702777	74.10512	49.772163	15.420566	15.351879	95.10967	1.2856774
14528000	572.81	111	1432	22587.42	64.15475	3.1622975	72.70373	52.54799	14.464269	13.88863	102.55818	1.2877321
14560000	608.0	111	1222	22665.44	66.84202	2.7807796	73.682465	57.34126	14.0560665	12.998126	85.27732	1.3937287
14592000	613.94	108	1826	22743.79	65.92187	3.18367	74.978485	54.365295	16.238014	15.648887	139.05833	1.299536
14624000	677.77	113	1819	22822.44	62.62352	3.731218	73.74116	48.71912	15.515143	15.413494	112.05279	1.3906162
14656000	709.3	108	1832	22899.09	61.0512	3.9257257	71.86662	45.030563	16.236347	17.487785	145.91667	1.4516369
14688000	537.94	105	1229	22977.05	62.93548	3.957386	72.8255	51.422867	15.356854	16.437252	144.88184	1.3112004
14720000	587.6	108	1825	23055.38	66.94189	3.3098676	76.62655	56.57788	15.687419	15.742472	117.123924	1.267175
14752000	601.45	108	1819	23133.82	68.306076	2.941175	75.83008	57.575523	15.646816	16.032377	138.85161	1.284332
14784000	649.99	108	1637	23211.91	66.532875	3.2530243	75.72719	53.7573	17.359781	18.759256	158.97102	1.2845585
14816000	660.06	105	1991	23289.03	66.03688	3.1478121	74.90986	55.658012	15.979755	16.97081	120.54521	1.8190923
14848000	627.21	113	1475	23367.2	67.01684	2.9655628	76.38105	54.748974	16.476362	17.548021	180.16223	1.5689445
14880000	637.04	108	2172	23444.48	68.04528	2.7987785	76.49562	57.902756	16.719204	17.100325	116.3147	1.3932786
14912000	558.13	111	1645	23520.05	68.72836	2.8067021	76.47972	59.80638	15.344457	16.137613	151.3631	1.5071102
14944000	623.6	113	1826	23597.79	68.22563	3.0133057	76.17792	54.84955	16.496195	17.306879	148.68414	1.332111
14976000	743.32	113	1836	23674.38	67.106766	3.2903903	76.13206	55.960537	15.603675	16.47115	183.11774	1.4819818
15008000	675.85	113	1711	23752.0	67.519966	3.4261274	76.742966	55.457565	16.22159	18.426258	176.25276	1.2139411
15040000	609.44	113	1542	23829.6	69.33157	3.010445	77.089516	55.082275	15.3599415	16.72638	130.80795	1.1756935
15072000	603.06	113	1830	23908.24	71.70186	2.650579	79.91864	59.06218	15.733624	17.019712	131.96121	1.2760398
15104000	659.41	105	1829	23986.28	72.39799	2.4724307	79.82828	63.43564	15.916667	17.188261	121.47358	1.2550788
15136000	648.53	105	2163	24063.28	70.853264	2.7924254	78.40301	61.41743	14.932914	16.757038	138.37163	1.0239141
15168000	662.77	113	1526	24138.44	68.98731	3.0426471	77.043396	59.415047	16.403334	17.452164	141.84132	1.2647485
15200000	666.06	105	2119	24214.79	69.45786	3.0106351	78.445755	58.26856	16.104084	16.670847	158.13092	1.3503785
15232000	631.29	113	1214	24289.64	70.546234	2.7871742	78.77331	61.59028	17.722816	17.812254	140.41183	1.1162289
15264000	668.93	120	1827	24365.06	70.34089	2.7562153	79.60213	59.25346	16.089417	15.09745	135.794	1.3164576
15296000	628.56	105	1806	24440.32	69.926544	2.9410539	77.765274	57.35402	17.0081	16.568232	114.71395	1.42371
15328000	677.94	113	1822	24515.61	69.88831	2.8580873	77.66216	59.983818	17.084578	17.028618	157.72691	1.2143679
15360000	724.52	113	1815	24591.33	69.778854	2.847033	77.276855	59.15596	16.739983	16.444021	148.76375	1.3685305
15392000	623.0	111	1456	24666.72	69.18949	2.8238657	76.25164	59.136013	15.78921	16.127012	101.73692	1.6730965
15424000	654.32	111	1811	24742.4	68.92372	2.9007838	76.54907	57.67941	16.286053	15.678712	129.96759	1.3139216
15456000	635.47	111	1437	24817.39	69.302704	2.6502562	75.7417	57.55017	16.572943	16.804474	121.55194	1.4692837
15488000	677.34	105	2125	24892.43	69.35362	2.6327722	76.415405	58.586773	17.19819	17.706507	154.88791	1.8418232
15520000	684.38	111	1474	24967.55	67.891235	2.978851	76.09781	57.949463	17.36262	18.530388	149.62273	1.3831167
15552000	612.69	111	2005	25042.61	66.88189	3.356668	75.9346	54.882175	16.041265	16.154068	151.69194	0.9621945
15584000	628.49	111	1541	25117.28	65.310165	3.6048837	74.92946	51.417862	15.743423	17.727444	203.6395	1.222551
15616000	617.92	113	1436	25192.87	65.36302	3.6018577	74.60501	50.468384	14.979387	15.166123	127.27927	0.98902893
15648000	643.15	105	1814	25268.01	65.787766	3.6780772	77.33275	52.390556	15.152461	16.38191	155.17125	1.553865
15680000	500.26	108	1439	25343.35	67.01439	3.4693222	77.12738	55.293133	16.49502	17.448847	146.30151	1.4485688
15712000	600.07	111	1826	25418.63	68.31496	3.3275344	77.5314	57.565945	16.667688	17.084251	149.19469	1.8275034
15744000	637.53	108	1830	25493.46	68.76064	3.2332995	77.63437	58.597218	18.066828	20.455675	206.48512	1.8395065
15776000	604.07	108	1991	25568.32	68.31687	3.5495145	78.307945	57.623466	15.998658	18.262987	216.46074	1.7392869
15808000	667.67	105	1475	25643.96	67.609764	3.5637627	76.46292	56.68657	16.052855	17.626698	123.28313	1.2549222
15840000	652.45	108	1478	25719.2	66.511215	3.74792	76.93342	53.987843	15.249034	16.50165	168.23618	1.3263439
15872000	625.86	105	2141	25794.59	66.79012	3.8031068	76.53183	54.732338	15.135569	16.37551	119.737976	1.123383
15904000	597.08	111	1443	25870.07	67.63074	3.5458908	78.77714	56.937996	16.727734	18.630796	155.42197	1.4253172
15936000	601.3	105	1788	25945.48	68.361946	3.3542166	76.748764	56.62664	15.719211	16.689137	140.62668	1.1530288
15968000	605.39	111	1792	26021.53	67.280754	3.5544338	76.86449	54.892178	17.298727	18.35251	163.9361	1.4001651
16000000	707.45	105	1967	26096.28	65.91767	3.7802923	77.89915	51.715797	16.626682	17.349897	155.07355	1.5033615
16032000	723.52	108	2177	26171.49	66.64699	3.6269362	76.25615	53.73983	15.721615	17.350945	159.96043	1.9191307
16064000	607.57	111	1805	26247.05	68.893875	3.3105	78.68932	55.03907	16.690855	17.458773	146.4997	1.6474799
16096000	670.39	120	1988	26322.62	70.14609	3.12748	78.04552	58.24946	16.64143	17.167122	157.2645	1.6357684
16128000	660.96	105	1971	26398.52	70.19745	3.1937823	80.35274	60.147087	16.880304	17.504704	160.46317	2.096741
16160000	648.73	108	1817	26473.83	71.85453	3.0106647	80.13751	62.39672	17.16164	17.612131	144.35378	1.8128498
16192000	583.23	111	2177	26549.29	73.550674	2.9384546	81.561264	59.500984	17.268957	17.667667	120.25035	1.4325147
16224000	667.65	111	1975	26624.73	74.04795	2.6769605	81.319885	65.57416	17.631332	17.15724	154.38191	1.6563641
16256000	538.81	105	1217	26699.69	73.71102	2.858535	81.95955	64.990906	16.94862	18.009537	117.59712	1.8068023
16288000	648.26	108	1439	26774.35	72.890526	3.0176344	81.04558	61.688797	16.874474	19.043083	200.52855	1.4778223
16320000	602.93	111	1838	26850.1	72.44585	3.022094	82.39166	61.35653	16.032598	16.126175	126.67343	1.6969168
16352000	553.62	105	1219	26925.71	72.36073	2.7556415	80.65521	63.26745	17.88425	20.063288	171.95319	1.6125546
16384000	606.68	111	1818	27000.04	72.95201	2.5316286	79.63993	64.6674	18.517532	18.496103	154.24944	1.8344802
16416000	650.55	113	2017	27075.55	73.622734	2.4299684	79.74765	65.912636	17.906406	18.807259	149.05441	1.7678066
16448000	632.25	105	1824	27150.56	71.81047	3.0868943	78.98681	60.187912	17.016088	15.821519	135.75531	2.08664
16480000	585.59	111	1814	27225.99	69.15956	3.4921439	78.64356	55.332817	17.44655	17.840809	129.8482	1.5373139
16512000	625.63	105	1811	27301.48	68.75498	3.8980827	81.009995	51.1659	16.731785	18.33642	156.48575	1.5274796
16544000	679.91	108	1830	27375.84	71.55058	3.5671792	81.77251	60.10969	17.492237	17.44778	129.2752	1.2433262
16576000	632.42	105	1545	27450.99	74.745735	2.7870033	82.99803	65.581024	18.123793	17.01573	117.54432	1.5408554
16608000	635.56	111	1814	27526.5	74.571465	2.8742666	81.73427	65.660835	18.32075	19.933706	141.27043	1.4024389
16640000	630.82	111	1820	27602.23	71.442375	3.58316	81.12894	57.138462	17.972212	19.210426	161.82973	1.8165239
16672000	675.53	108	2129	27678.48	70.317245	3.7516053	80.42874	57.10814	17.90992	19.481007	137.8499	1.6943433
16704000	609.24	108	1459	27754.08	72.41521	3.4535503	82.06074	58.667812	16.474575	16.325335	165.9467	1.5657783
16736000	633.01	105	1474	27830.01	75.33874	2.8254488	82.13639	66.31804	17.801315	18.080421	138.65636	1.7464452
16768000	642.82	105	1674	27905.28	76.9694	2.2627153	82.890495	69.0873	16.751316	17.705017	199.32368	1.1974416
16800000	698.56	120	1805	27980.96	76.16969	2.3568044	82.14664	66.813446	16.12939	16.407022	115.67502	1.2423277
16832000	634.85	108	1827	28056.39	75.01959	2.5747283	82.11693	64.278175	16.76846	16.947504	147.19894	1.3497572
16864000	567.83	111	1713	28132.35	74.43173	2.5866857	81.91677	64.45681	16.932432	16.784245	151.56566	1.3435085
16896000	560.24	111	1220	28207.76	73.18167	2.943435	81.76163	59.24861	17.693285	18.100567	138.54225	1.4817073
16928000	651.98	111	1826	28283.31	70.83761	3.161098	79.86685	57.02809	16.072538	17.408348	144.51819	1.2796812
16960000	596.07	111	1835	28358.32	68.86561	3.3587375	79.65599	56.973877	16.193003	18.513885	224.13455	1.4746487
16992000	596.14	111	1828	28433.28	67.08697	3.6007261	76.73825	55.776833	15.262176	16.644634	174.29317	1.2086698
17024000	645.77	108	2176	28509.39	65.41923	3.5764089	75.25521	52.65792	14.542613	14.1775875	95.23584	1.544268
17056000	562.47	108	1996	28584.11	65.97121	3.4977825	75.69487	52.73435	16.026999	16.665348	150.23404	1.7695915
17088000	618.32	105	1800	28659.67	65.60932	3.6226768	77.988884	53.996387	16.191242	16.272467	127.68545	1.8877673
17120000	610.08	105	1810	28735.05	67.346344	3.4594812	76.20294	53.173447	16.274961	17.319	152.81534	1.6144626
17152000	673.64	105	1816	28810.0	68.19941	3.2259295	78.26756	57.017643	16.245062	16.37791	129.39178	1.5512941
17184000	577.85	108	1444	28885.23	69.46952	3.0495422	79.56616	57.129044	15.588508	15.7008095	129.16113	1.625364
17216000	674.77	111	1814	28961.04	71.69019	2.8001087	79.32433	62.732765	17.213877	17.332747	125.99786	1.053603
17248000	636.2	111	2015	29035.9	72.663795	2.3792348	79.66635	61.897385	15.5463505	15.287417	138.14072	1.4833262
17280000	724.36	111	2174	29111.25	72.033844	2.322365	78.63895	63.736847	15.294281	15.243939	122.343155	1.7208345
17312000	698.51	108	1830	29186.43	70.80105	2.6854892	77.74071	62.823845	14.698858	14.732223	108.85855	1.3327675
17344000	610.35	111	1926	29261.38	68.85001	3.1292377	77.40326	59.115623	14.524975	15.088169	127.83794	1.5543325
17376000	681.15	113	1462	29337.01	68.23196	3.043644	76.89196	57.681488	14.385703	14.753357	117.17785	1.2478557
17408000	609.66	111	1629	29412.32	68.00234	2.7170281	76.49255	57.52111	15.307197	15.726902	163.4931	1.418652
17440000	630.38	111	1220	29487.6	68.72114	2.515367	78.02976	59.578125	16.247633	15.908409	108.844124	1.2834847
17472000	650.78	111	1697	29563.41	69.083405	2.3460457	75.53297	60.31726	16.53386	15.744285	128.23996	1.4283111
17504000	625.17	120	1437	29638.34	68.552	2.6650877	75.463776	59.342384	17.381426	17.092838	146.25708	1.4453175
17536000	641.91	111	1834	29713.65	67.36798	2.971575	75.70032	55.566917	16.554447	15.441339	131.46298	1.6980624
17568000	669.46	105	1815	29788.91	66.77152	3.2289896	76.43815	54.662136	15.578951	15.905144	179.32475	1.4869608
17600000	587.68	108	1830	29864.4	67.55114	3.4235382	76.713715	56.130177	15.372324	15.618561	135.76427	1.1445813
17632000	593.3	105	1467	29939.62	69.1688	3.1154082	77.3721	56.679413	15.802588	15.191315	137.13135	1.7858094
17664000	696.29	113	1517	30014.92	70.234055	3.0102644	77.52998	58.671516	15.051422	16.077168	156.27646	1.4134946
17696000	630.4	105	2128	30090.85	70.73961	2.973016	78.896866	56.53642	16.462454	16.928602	164.52357	1.696727
17728000	623.85	111	1660	30166.41	70.41989	2.9992254	79.986984	58.075504	16.241562	16.053185	141.95026	1.4121952
17760000	663.49	113	1714	30241.45	68.588844	3.339923	77.60416	54.58146	15.125225	15.397397	95.763535	1.2944957
17792000	582.98	111	1820	30317.03	67.66017	3.3828325	75.9142	56.437046	15.901396	17.095615	169.32901	1.020806
17824000	620.06	105	1217	30392.79	68.82595	3.2945466	76.86107	59.1439	16.342657	16.75052	134.24649	1.5995522
17856000	644.49	108	1727	30467.68	70.60858	2.8384972	77.14113	59.342705	16.755068	15.827974	107.38001	1.6316712
17888000	654.8	111	1801	30543.33	70.75118	2.9387062	78.62134	60.04426	16.64718	15.867847	118.578766	1.4155617
17920000	603.78	108	1710	30618.7	68.11825	3.229942	76.60114	55.99644	16.501823	17.479223	153.00015	1.6276792
17952000	718.05	108	1838	30694.11	66.4037	3.4776378	74.96545	52.95855	15.700674	16.288895	137.05396	1.4192233
17984000	656.54	111	1809	30769.63	64.27669	3.9004943	75.90728	49.15633	17.047005	17.38235	125.300934	1.8855574
18016000	640.79	111	1831	30844.94	64.273155	4.093553	75.98533	48.64573	16.814722	16.874332	134.94698	1.4795498
18048000	631.79	108	1807	30920.62	65.04169	4.0932474	75.75963	51.920017	18.12966	20.393673	159.69832	1.5466636
18080000	632.72	111	1218	30996.34	66.70181	3.787619	77.528854	53.74942	17.83617	18.907146	183.74568	1.7186296
18112000	734.38	120	1826	31071.52	68.54228	3.7590501	78.836975	55.899086	18.616796	20.941723	245.54626	1.6369574
18144000	654.29	113	1787	31146.96	67.92947	3.7754967	77.51615	55.70495	16.777706	19.744259	194.78374	1.4732308
18176000	667.91	113	1977	31222.43	68.985664	3.7438498	80.32715	55.177765	15.650791	17.91004	160.8277	1.39281
18208000	621.2	108	1672	31297.89	69.78214	3.6025128	79.72108	57.076523	15.219088	16.106789	180.25858	1.4234345
18240000	716.83	111	1818	31372.96	70.0074	3.5319774	79.38098	55.916775	16.980242	18.182209	135.38281	1.0149548
18272000	653.47	105	1823	31448.73	70.17268	3.3699017	79.30822	57.40544	17.661098	19.277153	159.38983	1.3212461
18304000	581.88	105	2110	31524.41	69.67931	3.451217	79.926735	59.026802	19.601746	21.071966	164.1572	1.4851887
18336000	667.92	105	1792	31599.36	69.399925	3.604629	80.45359	56.255863	19.57685	20.63497	143.08714	1.9114099
18368000	636.36	108	1953	31674.74	68.79644	3.6608884	80.04324	58.72699	19.573618	20.485306	165.06166	1.5669193
18400000	661.66	111	1817	31750.55	69.197266	3.5361578	79.30966	56.73281	20.043316	22.091583	194.38347	1.4297143
18432000	563.71	105	1764	31825.37	69.95751	3.4773724	79.6053	57.494812	19.618296	19.71093	132.70534	1.8236392
18464000	618.02	111	1981	31900.65	71.62239	3.2735548	79.18883	59.010723	18.643627	17.457287	130.76952	1.360305
18496000	641.6	120	1823	31975.83	72.17669	3.2071989	80.65521	62.724503	18.050983	17.05035	111.89132	1.2920173
18528000	600.33	105	1818	32051.47	70.03479	3.5627527	79.6055	57.56845	16.25176	15.170598	129.12192	1.4058045
18560000	643.44	111	1834	32126.85	66.892685	4.0417	78.41601	53.465603	15.419587	15.111499	121.684494	1.1962434
18592000	607.2	111	1826	32202.5	66.44541	4.1781464	77.52043	52.37809	15.27285	14.585192	124.200356	1.1290247
18624000	629.68	108	1819	32277.99	68.49659	3.7189128	78.787994	56.114548	17.757282	18.844723	155.91821	1.2847674
18656000	631.23	108	1229	32353.39	68.4273	3.7211766	79.9261	55.608746	16.899935	16.850163	139.9192	1.4856476
18688000	614.98	105	1835	32429.15	65.97123	4.163366	79.051125	50.78951	15.9189205	16.203619	144.60562	1.3778831
18720000	638.05	111	1829	32504.14	66.1427	4.0394454	77.02435	52.914536	14.357723	15.941135	163.33624	1.208682
18752000	638.08	105	1827	32579.35	68.04153	3.973682	79.30476	53.153603	16.211353	18.169718	162.48347	1.2248632
18784000	612.16	105	1810	32654.55	69.853836	3.6005208	79.502594	58.561966	16.262575	18.549664	161.39725	1.6471757
18816000	696.38	108	1773	32729.63	68.95825	3.7919502	80.15871	56.87589	15.974717	17.184946	129.45966	1.492037
18848000	637.22	111	2002	32805.08	69.02916	3.6367295	78.93899	56.79917	17.672224	18.631594	125.29556	2.2119143
18880000	567.95	113	1442	32880.77	70.17483	3.3980582	79.64996	58.768684	17.619171	19.15178	170.63875	1.3411704
18912000	675.71	120	1978	32955.68	71.345436	3.1496923	79.58955	56.16514	19.195215	20.720469	210.32855	1.2666318
18944000	591.46	108	2156	33031.0	71.14408	3.231901	79.95986	59.151825	19.594074	21.37412	235.35132	1.5107118
18976000	619.63	111	1547	33106.45	70.49124	3.5020413	80.93407	58.43361	17.973969	18.578173	141.97786	1.3853066
19008000	630.02	108	1817	33182.4	69.45281	3.7573466	79.63332	55.49553	17.211489	18.584564	238.72226	1.1104112
19040000	761.99	111	1996	33257.96	70.16261	3.834422	80.97427	59.04318	17.827477	19.525143	141.59474	1.533159
19072000	625.28	111	1812	33333.24	71.83828	3.3520072	81.19432	57.65017	18.693386	20.727987	222.02823	1.7296132
19104000	648.34	111	1227	33408.08	71.972206	3.1810985	79.833755	59.05612	17.657373	17.799204	141.7645	1.6264156
19136000	656.13	113	1998	33483.09	70.59439	3.5824337	81.08027	55.741783	15.924889	15.89112	149.595	1.580151
19168000	694.58	111	1823	33559.04	69.83019	3.8911827	80.10278	55.260452	17.17723	19.256147	154.59657	1.5794957
19200000	645.87	105	1216	33633.91	71.49387	3.523738	81.43883	58.88331	17.357128	18.590706	163.8313	1.3695724
19232000	618.54	111	1983	33708.71	72.55664	3.5055757	82.06273	59.793945	18.187868	19.72624	186.83865	1.4032023
19264000	623.94	105	1808	33783.94	72.04755	3.4461076	81.92658	60.058456	17.572952	18.305367	135.92358	1.6964982
19296000	727.88	111	1822	33859.1	71.14756	3.4438567	80.102234	58.14818	15.704061	16.216246	129.06662	1.4817388
19328000	659.53	105	2010	33934.89	69.58649	3.5885603	81.429855	55.868965	15.760864	16.628738	130.74966	1.6079413
19360000	644.14	111	1830	34010.11	66.18736	3.9474006	77.22046	52.48066	15.968994	17.85153	152.18536	1.2681224
19392000	668.96	113	1428	34085.2	64.19057	4.182834	76.012024	49.70136	15.937742	16.918861	145.21361	1.4018371
19424000	599.3	108	1821	34160.56	65.70366	4.0641527	76.556335	49.489647	15.627606	15.632742	119.135765	1.4430399
19456000	594.41	105	1826	34237.36	68.78697	3.34939	78.18467	57.05185	16.08217	15.409336	110.30951	1.5928826
19488000	625.96	105	1830	34312.89	69.42922	3.1497235	77.521805	58.659565	17.851269	17.912916	120.02351	1.8281524
19520000	656.49	113	1686	34388.41	68.64768	3.0923169	77.39197	57.483856	16.02995	17.256554	167.84224	1.5541579
19552000	688.05	111	1821	34463.86	69.23136	2.8835042	80.50978	56.34747	15.884316	16.19953	119.45986	1.4520772
19584000	669.08	105	1985	34539.45	68.96315	3.0355918	78.41642	58.788063	15.507425	15.978631	139.58528	1.4135604
19616000	613.26	113	1816	34614.98	67.19799	3.4583101	77.261856	55.34509	15.123884	15.998071	127.72693	1.8755413
19648000	568.2	111	1225	34690.6	65.54051	3.5236492	76.460976	53.176907	15.728464	16.880804	165.52551	0.761762
19680000	690.5	111	1826	34765.54	64.79229	3.6710691	77.184586	51.074493	16.42681	16.709446	112.443214	1.2521542
19712000	659.12	113	2001	34840.91	66.518906	3.6180472	76.537254	54.86852	17.269981	16.835115	116.890526	1.6072173
19744000	630.66	105	1993	34915.43	67.23904	3.2682517	78.34468	56.72855	17.44165	18.267805	137.52924	1.3250037
19776000	680.62	111	2063	34990.25	68.46473	3.3657424	78.34383	58.635765	17.217949	16.874071	119.8056	1.7191491
19808000	661.61	111	1945	35064.72	70.909096	3.1418567	80.06409	56.283794	16.240276	17.102125	148.1987	1.7505327
19840000	643.08	111	1667	35140.1	71.307	3.1909184	80.03581	59.602383	17.899483	19.036646	184.33788	1.8389169
19872000	621.68	105	1830	35215.29	68.41095	3.6866064	79.28258	56.354572	14.995278	15.768978	104.09791	1.5274293
19904000	644.66	111	1763	35290.41	66.226715	4.2399464	78.286865	51.142918	16.164501	17.786953	203.81699	1.3991847
19936000	581.09	108	1992	35364.97	65.3039	3.8771138	76.871765	53.067616	17.383402	18.227478	123.881645	1.2752331
19968000	621.75	113	1673	35440.38	68.33717	3.4940355	78.61517	56.150463	17.31178	17.836683	176.15123	2.0278947
20000000	674.6	111	1769	35515.64	69.427826	3.385291	80.73222	59.439034	18.05745	20.930666	176.58374	1.7140286
