TotalEnvInteracts	AverageEpRet	MinEpRet	MaxEpRet	time	Averageloss	Stdloss	Maxloss	Minloss
16000	638.22	223	1282	63.09	0.40042844	0.3486006	3.5103517	0.0070024566
32000	561.14	217	1263	128.89	1.4134512	1.1752129	6.910117	0.10249477
48000	617.16	223	1388	196.67	3.0423207	2.7090442	24.70474	0.28523573
64000	700.38	218	1289	264.51	4.6583824	4.413578	41.987476	0.55348086
80000	646.94	223	1317	332.21	5.3620934	5.860317	37.59233	0.62254643
96000	787.26	217	1409	400.15	6.8223557	7.9516983	47.983025	0.5828945
112000	693.26	215	1317	468.35	8.356056	9.525856	76.22969	0.93733364
128000	669.68	223	1296	537.13	8.914551	9.884429	70.49582	1.1368787
144000	678.48	223	1406	605.57	9.658785	9.828662	78.6808	1.2279341
160000	643.9	223	1397	673.06	10.166625	10.03753	78.38852	1.3350345
176000	697.66	226	1541	740.58	10.415902	9.343154	63.361183	1.2739803
192000	602.46	215	1398	808.03	9.45707	9.369404	66.14449	1.1987487
208000	717.86	218	1407	875.28	8.219181	8.053794	53.295483	1.2181144
224000	649.66	215	1313	942.84	8.547541	8.435362	61.850655	0.79796696
240000	487.86	218	1305	1008.92	7.9062333	7.640696	50.474792	0.7724346
256000	532.48	223	1312	1075.44	8.479627	7.7628927	68.55816	1.0756625
272000	560.62	223	1402	1140.29	8.268123	7.300453	57.037193	0.8955341
288000	644.58	223	1320	1205.13	7.845748	6.5126286	44.915516	1.2081898
304000	507.7	222	1121	1271.16	9.140517	8.201718	57.22167	1.3961679
320000	398.96	226	1045	1336.08	8.67583	7.6061573	41.386646	1.5364325
336000	340.54	231	1037	1401.78	9.730232	8.608545	71.04974	1.3992279
352000	318.54	231	1016	1467.41	10.615313	9.27041	72.54587	1.4557861
368000	250.5	226	806	1533.04	11.716437	10.007008	80.97733	1.8622239
384000	314.3	231	1311	1597.91	11.933346	9.97756	73.529884	1.8228376
400000	427.04	231	1048	1662.4	12.035342	11.174776	79.23862	1.3374124
416000	442.06	226	1049	1727.64	12.731757	12.523397	126.85113	1.8548968
432000	432.06	231	1305	1792.28	13.134836	12.72653	104.33763	1.8615988
448000	376.7	231	1061	1856.92	13.054529	12.488221	94.55352	1.0835338
464000	393.5	226	1549	1922.4	12.568299	14.239352	126.8774	1.3411174
480000	373.12	226	1279	1986.32	12.177868	15.123488	127.732285	1.5865672
496000	641.9	226	1304	2053.23	11.274019	12.896346	99.12688	1.2315286
512000	727.64	226	1307	2119.8	10.625197	10.258246	85.84069	0.9252981
528000	581.58	226	1309	2185.7	11.565598	13.327205	136.2089	1.3836563
544000	748.4	226	1309	2250.67	11.151436	11.829499	86.29181	1.4417336
560000	881.46	231	1305	2314.94	10.129743	10.913659	109.78973	1.1908686
576000	788.7	222	1298	2380.78	9.94255	9.08497	70.120056	1.2983487
592000	790.92	553	1310	2445.3	8.478808	7.7406096	55.738823	1.3103237
608000	796.94	231	1304	2510.64	8.774455	7.664139	55.021194	1.311492
624000	674.62	231	1234	2575.97	7.8283777	6.759407	47.35125	1.0339702
640000	725.42	231	1307	2641.21	7.7123127	6.792128	45.854073	1.1420989
656000	773.4	217	1931	2707.38	6.6983914	6.068426	43.00373	0.71880317
672000	765.2	231	1646	2772.98	6.8844466	6.1303644	43.277214	0.88153714
688000	613.3	231	1859	2836.8	6.2511926	5.8606296	41.031666	0.86459947
704000	753.64	231	1310	2901.36	7.5314517	8.141153	69.29973	0.73368615
720000	733.4	231	1331	2966.61	7.9357786	8.78266	64.41354	0.95130646
736000	793.86	139	1400	3032.34	6.891577	7.6207905	52.227066	0.7235043
752000	723.3	139	1400	3097.94	6.206762	7.4139733	64.94792	0.6373274
768000	833.92	223	1539	3163.6	5.6356826	6.341105	42.956566	0.56655264
784000	807.28	231	1836	3228.02	6.313635	6.9457545	72.03982	0.7309279
800000	724.94	223	1550	3294.01	7.7216163	6.705956	55.89334	0.775173
816000	601.16	226	1541	3359.6	9.066403	7.471077	54.9934	0.8457894
832000	726.16	226	1395	3425.16	11.526326	9.517287	73.48284	0.9748005
848000	804.72	226	1548	3490.06	11.715185	10.133906	65.17061	1.0552838
864000	847.0	223	1409	3555.14	11.962075	12.008114	94.33983	1.4104186
880000	778.3	231	1396	3621.55	11.793685	12.497715	105.64319	1.3462996
896000	856.78	231	1392	3689.86	12.916727	13.441324	83.25277	0.7746325
912000	803.18	585	1409	3755.47	13.193199	14.289291	135.50372	1.1768751
928000	761.04	231	1401	3822.8	13.742978	15.185194	107.82512	1.1748316
944000	810.0	231	1414	3890.11	11.80609	13.881021	102.86227	1.0659989
960000	873.16	603	1407	3954.43	10.763871	11.823454	103.05548	1.000715
976000	788.16	231	1318	4018.74	10.334864	11.426227	92.28284	0.9324894
992000	914.94	231	1410	4084.86	10.035146	12.0563965	82.2572	1.191968
1008000	935.54	231	1671	4150.76	8.696164	10.938047	99.55748	0.88705814
1024000	854.8	217	1397	4219.05	9.398221	11.584044	99.92478	1.2222078
1040000	908.38	596	1409	4285.09	9.764469	11.576595	83.08343	1.2599039
1056000	925.54	594	1405	4351.04	11.240103	14.971286	98.91051	1.2920029
1072000	889.06	494	1549	4418.03	12.078939	17.067991	119.87668	1.1237404
1088000	924.38	217	1405	4483.88	12.248741	16.401379	126.03201	1.2449374
1104000	726.2	215	1368	4550.55	13.019036	19.06508	141.63075	1.1222627
1120000	735.32	139	1314	4617.75	13.229691	18.025885	169.8372	1.0224608
1136000	890.22	231	1830	4683.71	12.515316	16.849195	123.20024	1.209817
1152000	869.08	585	1510	4748.34	13.033248	16.622873	104.762825	1.4452834
1168000	927.6	231	1663	4814.84	12.609535	15.380431	105.47713	1.3669076
1184000	973.32	231	1359	4881.68	11.702116	13.364865	90.619644	1.3447027
1200000	874.54	231	1327	4948.53	11.372182	12.3631935	77.897285	0.9104299
1216000	929.82	231	1323	5016.3	11.745203	12.305727	111.51987	1.2732989
1232000	760.9	231	1289	5081.08	11.136778	10.58282	80.888176	1.3361096
1248000	796.78	231	1323	5148.88	11.233454	10.270527	90.019485	1.6431805
1264000	816.36	231	1317	5216.06	10.32567	9.479397	68.07856	1.4928913
1280000	920.82	590	1323	5282.01	9.683198	8.654048	57.24202	1.5260603
1296000	930.38	615	1313	5349.27	9.326028	9.038295	68.87265	1.1094109
1312000	914.98	569	1544	5416.44	9.315472	9.471498	80.54682	0.9887775
1328000	1003.96	615	1404	5484.4	7.828029	7.87648	73.80174	0.7476386
1344000	925.18	231	1534	5553.5	7.4722977	6.869092	52.9869	0.87435603
1360000	935.64	231	1312	5620.42	6.32966	5.4570312	45.98275	0.8481704
1376000	887.88	601	1313	5688.7	6.190661	5.6879363	42.525204	0.8674426
1392000	838.32	139	1308	5755.46	6.5611234	6.132628	60.474247	0.9271723
1408000	824.48	611	1314	5825.94	5.9608655	4.7907567	49.69957	1.0173619
1424000	865.46	402	1318	5895.23	5.7102485	4.3551655	43.386665	1.0379815
1440000	1013.72	618	1317	5963.24	5.5869637	4.6307163	34.520527	0.8898282
1456000	892.2	598	1324	6029.58	5.2779446	4.32561	31.100737	0.93994987
1472000	1023.04	338	1319	6099.33	5.618657	4.5378423	33.055424	0.9355513
1488000	1047.52	223	1321	6166.26	5.6352315	4.890673	46.897884	1.1549559
1504000	1096.06	139	2316	6233.37	6.2498536	5.8029127	76.92554	0.95607543
1520000	1060.36	223	1389	6299.55	6.6691666	6.003104	61.587753	1.0111259
1536000	1073.24	223	2585	6366.19	7.1791463	6.1740603	55.6994	1.0114626
1552000	1029.24	223	1486	6433.82	7.313325	6.6509447	84.03557	1.2075162
1568000	1143.46	231	1821	6500.89	7.5193653	6.320569	50.18667	0.83561015
1584000	880.26	223	1317	6568.21	7.8870573	7.8757	62.871174	1.0721911
1600000	736.66	223	1553	6633.76	9.199159	9.316362	82.49661	1.2221428
1616000	727.38	223	1329	6699.01	9.883457	10.672559	91.33075	1.0875251
1632000	1070.0	223	1895	6764.05	11.475539	12.161212	98.72622	0.8989386
1648000	1021.64	223	1883	6831.3	11.612522	12.153391	91.56685	1.2272172
1664000	999.9	222	1663	6900.12	12.078988	12.866776	109.48951	1.1819402
1680000	1100.84	223	2974	6967.97	12.777026	13.241267	120.21471	1.1500261
1696000	1091.54	613	1425	7036.75	13.0747795	14.779287	126.305885	1.081461
1712000	1318.4	1045	1827	7104.47	12.180968	13.099246	93.76818	1.5487082
1728000	1221.62	610	1894	7170.71	9.22115	10.694564	105.1779	1.3618531
1744000	1223.54	605	1891	7239.19	8.622295	9.445556	66.60643	1.0671458
1760000	759.28	215	2560	7306.79	8.632647	8.595644	71.42785	1.2246641
1776000	448.08	215	1318	7375.51	8.590459	10.304469	86.984505	1.2347832
1792000	1113.92	589	2399	7444.61	9.560322	10.147558	119.517456	1.1439118
1808000	1205.84	615	1896	7512.5	11.10466	10.510669	101.26352	1.228128
1824000	1245.38	609	1877	7579.5	13.437193	13.666045	137.26883	1.8751142
1840000	1096.7	612	1892	7647.76	14.394176	15.96765	178.3435	1.9977405
1856000	1185.52	592	1771	7714.93	13.383785	12.835478	122.816284	1.6173506
1872000	632.6	231	1329	7784.11	10.34266	9.812946	129.22466	1.5499184
1888000	968.82	231	1402	7851.34	10.495473	9.688427	97.648186	1.8144684
1904000	1197.22	231	1390	7916.76	11.730926	10.471753	96.02538	1.7804799
1920000	1163.46	611	1330	7982.51	11.934269	11.755186	111.25714	1.6864736
1936000	1152.96	611	1411	8048.22	11.121601	11.7748575	105.67492	1.0185223
1952000	1257.98	810	1326	8113.88	9.389729	10.403309	112.04899	1.0888922
1968000	1207.0	615	1693	8178.47	8.304389	9.304209	113.32589	1.6454326
1984000	1168.06	231	1329	8243.21	7.199395	8.048192	92.88467	1.003959
2000000	1160.62	611	1329	8307.62	5.7351117	5.962868	88.36542	0.7717644
2016000	1192.7	570	1425	8372.0	5.3795147	5.967611	63.90184	0.96124005
2032000	1160.62	633	1328	8436.81	4.8923273	4.293316	53.540142	0.67131734
2048000	1211.9	615	1325	8501.9	5.594703	6.5549617	92.68037	0.8464819
2064000	1213.5	612	1412	8566.23	5.5527005	6.718415	84.5565	0.7924508
2080000	1192.38	633	1556	8630.8	5.858282	6.3745894	72.64772	0.7433797
2096000	1221.02	231	1690	8694.65	6.4957323	6.605469	86.33158	0.8922978
2112000	951.08	223	1329	8758.7	6.1991453	6.7335835	78.884056	0.8119882
2128000	1048.96	223	1553	8825.42	6.804409	7.187963	72.3265	1.3485142
2144000	1111.64	223	1412	8890.45	6.1060467	5.710516	46.300953	1.1768429
2160000	1159.4	612	1414	8955.39	6.138722	6.2933784	65.9073	1.0649837
2176000	1141.64	223	1801	9019.77	6.690738	6.6616683	55.80537	1.3306482
2192000	1157.82	231	1331	9084.89	6.823012	6.4214935	52.8385	0.94229317
2208000	1323.44	636	1893	9150.66	6.5315557	5.9075856	59.504753	1.1358027
2224000	1279.82	696	1894	9216.02	6.333278	6.3748703	94.48163	1.0818605
2240000	1280.16	592	2292	9280.83	6.4696903	7.416409	91.77399	0.9360974
2256000	1324.36	231	1883	9345.87	7.028637	6.6133795	52.757195	1.1447077
2272000	1342.98	618	1895	9410.89	7.0448093	7.381441	58.286774	1.1725256
2288000	1305.56	616	1771	9477.05	7.9001007	7.731182	62.03757	1.1512847
2304000	1238.56	603	1891	9541.41	7.203848	6.73194	56.420147	1.049182
2320000	1225.46	618	1835	9607.07	8.741203	8.945365	71.36677	1.2521892
2336000	1220.34	231	1995	9673.39	9.418504	9.9279995	78.61877	1.2089382
2352000	1317.12	618	1891	9738.45	9.796892	10.1744375	69.36186	1.7887228
2368000	1249.3	231	1889	9802.96	9.746185	10.77387	92.68469	1.203291
2384000	1318.32	608	1825	9868.88	8.750595	9.08305	66.714165	1.2442652
2400000	1207.42	620	1879	9933.79	8.296581	8.012859	58.7153	1.0362954
2416000	1255.54	618	1894	9998.65	7.683257	7.586896	60.754665	1.45595
2432000	1253.32	609	2517	10063.95	7.1471124	7.1886897	71.78611	1.0401831
2448000	1198.84	613	1410	10128.1	6.0320888	5.4195952	53.491283	1.0777371
2464000	1142.92	223	1892	10192.3	5.703922	5.385427	66.209656	1.0107619
2480000	1234.2	223	1888	10257.21	5.640593	5.309767	42.4927	1.0149355
2496000	1295.78	443	1832	10321.0	5.641138	5.6272035	49.314014	1.0037528
2512000	1290.98	616	1826	10385.74	5.4349513	5.859965	57.386234	0.9578142
2528000	1152.62	635	1832	10450.84	5.405389	6.0368056	70.26383	0.90986747
2544000	1250.98	617	1828	10516.78	5.6264586	5.7342567	63.140934	1.1294895
2560000	1294.32	633	1893	10581.99	5.9246826	6.100644	48.57264	1.019843
2576000	1182.64	223	1410	10646.47	6.022206	6.033636	54.102406	0.9340713
2592000	1153.18	620	1676	10711.57	6.14839	7.0136695	57.302963	0.97505844
2608000	1301.44	231	2954	10776.92	5.728917	5.0411224	49.837425	1.1057084
2624000	1264.58	267	1888	10842.78	6.2398186	5.901753	52.139194	0.9848772
2640000	1158.48	618	1887	10908.43	6.3341365	6.03329	49.563824	1.1194322
2656000	1348.58	139	2582	10973.74	6.385541	5.9702306	57.650253	0.9166278
2672000	1318.86	635	2958	11038.74	6.5794706	6.208435	82.05488	0.99012077
2688000	1331.64	615	1891	11103.18	7.3067007	6.458101	89.68493	1.0815953
2704000	1260.34	452	2296	11169.61	7.123911	6.0010524	59.48934	1.2278883
2720000	1212.3	614	2309	11235.51	7.1464367	6.156672	78.50482	1.381188
2736000	1269.36	618	1892	11301.17	7.331027	7.147272	70.24653	1.17479
2752000	1339.38	764	1893	11369.83	7.824999	7.4859676	72.675415	1.293592
2768000	1365.76	620	1892	11434.58	7.521827	7.4534	76.18441	0.97957104
2784000	1380.96	231	1893	11500.55	7.1555605	7.5982103	76.964874	1.2032623
2800000	1347.24	231	2317	11565.27	6.61338	6.6169252	82.71927	1.0729694
2816000	1312.06	615	2331	11630.78	7.228347	7.505224	87.79377	1.196213
2832000	1482.28	620	1895	11696.47	6.9319634	6.5398803	57.883533	1.171118
2848000	1295.96	620	1892	11760.15	6.461381	6.472134	67.350525	0.9009245
2864000	1520.0	605	2308	11825.36	6.656507	5.5507793	43.96866	1.2988601
2880000	1417.3	752	1895	11891.75	6.8572626	6.2617774	71.92339	1.5483265
2896000	1238.1	588	2778	11957.83	7.517586	6.303956	66.34128	1.2308942
2912000	1329.38	614	1896	12025.66	6.960289	5.1811895	55.46925	1.3757229
2928000	1409.14	617	2597	12091.69	7.538293	7.209962	87.04063	1.2760742
2944000	1316.2	223	1894	12158.75	8.250157	6.3246317	64.85701	1.6457222
2960000	1432.58	618	2571	12224.24	8.274317	7.2287273	74.92491	1.7228969
2976000	1544.52	618	2246	12290.41	7.9285245	7.1356106	69.43159	1.5316124
2992000	1510.62	739	2509	12356.84	7.6496263	5.9113097	46.531044	1.446864
3008000	1371.88	231	2310	12422.24	7.9086585	7.08487	73.30226	1.5300791
3024000	1492.34	771	2326	12488.88	8.14169	6.741714	50.508335	1.3765682
3040000	1426.82	619	1894	12558.35	8.075153	7.1396484	53.213028	1.6156168
3056000	1432.54	705	2298	12624.08	8.821707	8.549124	83.972626	1.2921888
3072000	1488.28	443	2335	12690.24	9.098759	7.7562575	64.43804	1.5697898
3088000	1583.62	705	2575	12756.72	9.841238	9.036296	70.22545	1.9289507
3104000	1489.32	231	2864	12822.74	9.535697	9.203504	83.00778	1.493628
3120000	1444.22	620	2311	12889.25	8.650465	8.421883	65.333176	1.3878428
3136000	1521.4	704	2590	12955.0	8.394946	8.29364	82.36661	1.6507399
3152000	1575.94	223	2962	13019.17	8.599244	8.853277	89.10935	0.8682302
3168000	1310.92	628	2058	13084.79	8.106956	8.148246	81.55032	1.5519825
3184000	1608.72	743	2928	13149.57	7.3082075	6.892782	66.43311	1.3267835
3200000	1519.74	743	2970	13215.7	7.9600925	8.052107	86.501144	1.4482665
3216000	1650.4	619	2903	13280.42	8.579683	8.8042965	94.46161	1.6434093
3232000	1552.1	627	2870	13346.32	10.042574	20.14972	457.56165	1.438709
3248000	1652.04	618	2880	13411.79	10.880503	28.127026	726.5972	1.2415586
3264000	1567.14	617	2594	13477.14	10.914698	11.74805	188.16435	1.3514793
3280000	1565.18	223	2909	13542.86	9.876303	9.858663	86.12136	1.6460519
3296000	1417.56	618	2595	13610.58	10.444573	10.093125	89.810486	1.7636694
3312000	1457.28	632	2794	13675.07	10.706602	9.710634	76.94607	1.8460433
3328000	1224.66	231	2308	13741.47	11.143283	10.40062	90.1731	1.9666542
3344000	1404.6	626	2562	13806.44	12.398232	12.132888	88.23095	1.8329703
3360000	1407.58	618	2338	13872.1	13.724415	15.268835	132.22012	1.846108
3376000	1269.38	617	2609	13938.97	14.921224	14.923408	122.899475	2.3005862
3392000	1319.06	618	2996	14005.18	15.28033	15.311643	107.74251	2.2569249
3408000	1674.12	618	2996	14070.18	14.945441	15.219409	125.64715	1.911661
3424000	1543.96	617	2928	14135.11	14.141661	15.322706	127.65253	1.6996701
3440000	1562.94	617	2599	14200.55	12.95549	14.750114	116.93779	1.2073417
3456000	1435.98	617	2500	14266.55	11.472881	14.508246	148.4394	1.2580185
3472000	1300.28	611	2984	14331.83	10.290966	14.022471	150.6087	1.047528
3488000	1457.46	614	2612	14395.43	9.28166	11.158009	172.32123	1.317326
3504000	1439.46	627	2946	14460.61	10.115449	11.004585	126.49262	1.3385832
3520000	1476.78	626	2925	14526.53	11.062464	9.855954	79.98572	2.0615547
3536000	1590.14	539	2925	14591.78	11.469482	11.681603	186.38611	1.8845856
3552000	1419.04	539	2580	14656.48	11.818918	11.252692	115.64598	1.8650107
3568000	1448.1	223	2598	14723.42	11.202506	9.949156	94.973495	1.7731422
3584000	1613.0	616	2607	14788.25	10.535794	9.536981	107.08424	2.037592
3600000	1663.04	568	2882	14853.09	10.22491	8.273927	80.69592	1.8693315
3616000	1564.74	551	2606	14918.28	10.369592	8.077896	71.00107	2.2085733
3632000	1619.04	626	2609	14983.25	10.232595	8.73689	82.97142	1.9599144
3648000	1704.86	618	2608	15048.81	10.544763	9.7308235	89.417816	1.7775725
3664000	1739.58	636	2341	15114.81	9.614665	8.805786	109.86413	1.5686088
3680000	1522.78	618	2932	15180.38	9.612683	9.893645	110.767395	1.7823815
3696000	1296.22	618	2471	15246.6	10.793453	13.218186	129.7191	1.5515316
3712000	1522.4	618	2508	15312.03	9.154802	11.739112	166.10089	1.6670766
3728000	1501.74	618	2613	15377.72	9.601369	14.460696	161.96712	1.57897
3744000	1362.5	618	2523	15443.03	9.74471	13.152927	176.69641	1.5199578
3760000	1559.1	618	2603	15508.98	11.5727215	16.019554	164.87466	1.6442447
3776000	1759.62	618	2997	15575.34	12.133016	17.907093	181.53413	1.6439724
3792000	1804.76	617	2997	15641.58	9.721865	11.95797	136.51727	1.310915
3808000	1559.56	614	2827	15705.52	10.967776	12.942282	144.201	1.893225
3824000	1580.02	223	3002	15770.97	12.242713	15.172562	157.32431	2.0898266
3840000	1822.98	231	2940	15836.16	10.871733	11.275812	104.133736	1.9811596
3856000	976.08	223	2607	15901.89	10.510796	12.384538	136.40112	1.8023065
3872000	1429.56	617	2960	15966.12	12.632164	16.838577	178.83142	1.767795
3888000	1758.14	617	2961	16030.87	11.404906	13.48579	163.24109	1.7230598
3904000	1600.46	616	3009	16096.0	12.150664	14.362244	190.45291	1.768327
3920000	1527.7	231	2858	16161.82	11.160591	13.039062	176.8549	1.5803666
3936000	1781.44	613	2894	16225.79	10.888808	15.248359	179.98982	1.9436696
3952000	1968.08	741	2894	16289.17	9.820601	10.528239	116.13878	1.4001232
3968000	1741.66	635	2979	16353.19	9.638748	11.025015	209.07585	1.8420819
3984000	1953.6	231	3022	16417.75	9.470483	9.025524	90.06216	1.7929492
4000000	1964.18	231	3017	16481.69	9.690568	8.455409	65.12019	1.9355505
4016000	1966.14	633	3021	16545.73	10.096756	9.8390875	98.33206	1.9046797
4032000	1947.22	618	3021	16612.46	10.6249275	9.062661	73.19853	2.2293222
4048000	1775.42	614	2995	16678.73	10.369061	8.719215	74.12108	2.606296
4064000	1500.68	618	2607	16745.42	10.137616	7.8062935	63.645878	1.3485302
4080000	1505.66	612	2597	16812.57	10.305396	9.408524	148.72874	1.5353078
4096000	1620.98	610	3002	16880.13	11.167506	11.97424	150.90833	2.2830222
4112000	1931.74	787	3002	16946.1	10.323052	8.650164	80.192116	1.6614518
4128000	1690.56	618	2969	17012.82	8.780221	7.79927	72.03081	1.4480944
4144000	1704.58	616	2611	17079.57	9.842624	10.229786	87.47151	1.5266079
4160000	1616.9	618	2604	17145.76	9.914562	9.650387	85.448784	1.2943733
4176000	1570.16	223	3004	17211.04	9.7232895	9.146676	83.87645	1.1794627
4192000	1506.5	231	3001	17276.24	9.50641	9.028035	72.45343	1.5328906
4208000	1467.9	223	2983	17343.48	9.035863	9.282687	114.90143	1.3631434
4224000	1752.48	223	2983	17408.35	9.669864	9.275127	100.1742	1.1684725
4240000	1843.04	231	2981	17473.61	9.628675	9.913554	81.98491	1.6521294
4256000	1884.06	618	3012	17539.58	9.966443	9.766629	94.58192	1.669677
4272000	1738.74	620	2992	17605.09	9.2127285	8.778471	84.77479	1.5930091
4288000	1790.16	620	3016	17672.03	9.184762	10.05611	110.95526	1.314007
4304000	1694.56	620	3018	17739.39	10.1559725	10.192324	76.22378	1.2718401
4320000	1792.88	626	2605	17807.08	9.689623	9.290993	75.83208	1.5957985
4336000	1583.62	620	2609	17873.54	10.354547	10.331027	108.14148	1.9554145
4352000	1615.72	619	2979	17940.31	10.438127	11.05198	128.43509	1.5282303
4368000	1660.84	609	3025	18006.9	11.036048	10.010802	73.66159	1.6520028
4384000	1747.12	620	2959	18074.86	10.990323	10.834663	97.97721	1.664819
4400000	1771.0	799	3005	18141.46	11.035647	10.387794	142.31274	1.8933139
4416000	2045.64	759	3005	18207.43	10.622594	10.665694	92.32506	1.825841
4432000	1741.82	231	2986	18273.15	10.939871	10.5046	84.75061	1.6574252
4448000	1813.52	731	3011	18338.42	11.644863	12.474032	101.67773	1.4688443
4464000	1701.56	618	3011	18404.66	11.495869	11.331349	96.31524	1.9604566
4480000	1921.4	231	3019	18471.31	10.645256	10.753518	101.67482	2.0036702
4496000	1994.34	620	3019	18537.59	9.764501	9.644945	112.57584	1.4256208
4512000	2073.0	618	2948	18602.86	7.977339	6.999982	64.123436	1.2666364
4528000	2109.0	620	3007	18667.94	8.27487	7.593604	73.018616	1.5315369
4544000	1830.68	231	3017	18734.3	7.1884127	6.7524543	90.48808	1.3874016
4560000	1723.98	618	2995	18801.35	7.8027635	8.007278	76.44793	1.3863319
4576000	1591.96	231	3000	18867.93	8.329228	7.9780073	75.94222	1.3541231
4592000	1817.88	635	3000	18935.17	8.77174	10.395608	139.8229	1.4980203
4608000	1977.4	620	2979	19000.49	9.084624	9.585091	121.569695	1.4630556
4624000	2057.02	620	3010	19066.03	9.391956	9.80679	104.97289	1.5461245
4640000	1752.38	231	2605	19132.0	9.818559	9.285386	88.84458	1.4831665
4656000	1833.96	231	3004	19198.58	9.536528	9.016186	87.96785	1.581317
4672000	1870.7	807	2609	19263.79	9.133272	8.925974	81.48805	1.6002665
4688000	1620.68	618	2593	19328.28	8.69575	9.682665	105.676056	1.4555148
4704000	1665.16	618	2977	19393.36	8.234215	9.431913	92.175385	1.264086
4720000	1992.28	620	3012	19459.78	7.6993074	11.900459	202.12878	1.0926564
4736000	2084.28	1036	3012	19524.84	6.44229	7.454951	81.88575	1.044971
4752000	1616.48	620	2927	19590.14	6.9779387	10.485215	117.43943	1.0133896
4768000	1980.0	618	2997	19655.02	7.9146047	10.868713	98.07427	0.7766769
4784000	1888.06	626	3014	19719.75	7.698425	9.178573	126.1072	1.0549272
4800000	1919.68	620	3019	19785.59	7.682706	8.767177	78.104355	1.2447888
4816000	2038.4	1127	3019	19852.8	7.451427	7.9301085	81.033806	1.3112612
4832000	1823.3	620	3001	19919.78	8.01954	8.979091	78.52382	1.065026
4848000	2078.94	1045	2994	19984.71	7.905256	9.431998	110.049065	1.1578382
4864000	1827.94	231	2606	20049.47	7.614508	9.2219715	79.88097	1.2916454
4880000	1940.22	772	2971	20114.54	7.2329607	8.786056	92.187614	1.0898416
4896000	1814.52	618	2993	20180.85	6.8310733	8.150355	77.6156	1.0769205
4912000	2061.94	1107	2998	20248.96	6.9567413	8.395567	79.723724	1.0622451
4928000	1980.74	231	2977	20318.14	6.99657	8.0855465	86.631714	1.0420489
4944000	1909.78	223	2607	20385.65	7.4273996	9.104397	143.73717	1.1092396
4960000	1605.74	223	2596	20454.24	8.411084	8.514754	97.6013	1.350868
4976000	1656.72	231	2926	20521.86	9.002024	8.644499	88.69034	1.207053
4992000	2020.66	748	2606	20590.36	9.706487	9.833242	99.97104	1.4491858
5008000	1756.4	620	2610	20658.21	10.029662	8.357986	78.800644	2.0533285
5024000	1970.64	744	3020	20725.21	9.638976	8.086041	90.68232	1.7000134
5040000	1935.86	620	3020	20790.45	9.591072	8.651517	71.37242	1.4875166
5056000	2044.4	620	3010	20855.13	8.858844	8.006203	67.39286	1.4786899
5072000	2013.34	718	3010	20918.85	8.681021	9.720507	138.5833	1.2694447
5088000	2036.8	231	3016	20982.22	7.3808484	7.7060347	86.26098	1.211477
5104000	1835.06	231	2983	21046.85	8.592076	8.896549	89.75064	0.9593445
5120000	1954.2	636	3007	21111.83	8.311937	8.782827	124.94753	1.4012706
5136000	1863.74	231	2997	21175.94	8.359294	7.911845	66.59642	1.2553195
5152000	2028.52	231	3013	21240.06	10.538178	10.110047	80.09482	1.7886713
5168000	1944.46	724	3003	21305.66	10.412692	10.324749	93.40803	1.8012462
5184000	2044.84	231	3009	21371.62	11.503623	12.2086315	115.26832	2.030871
5200000	1867.9	231	2940	21436.02	12.227066	13.218403	104.394264	2.1504025
5216000	1922.84	618	2994	21501.42	10.932845	11.156796	89.55177	1.9418702
5232000	2065.64	621	3017	21565.8	10.36963	11.13079	93.82887	1.4848526
5248000	1928.78	231	3017	21630.8	9.715277	9.726004	82.43665	1.6977043
5264000	1979.5	231	3018	21695.89	8.445884	8.402519	100.38394	1.1494578
5280000	1497.94	231	3004	21760.51	9.078761	9.528927	91.95219	1.5943131
5296000	2047.84	618	3014	21824.15	9.273271	9.951765	136.92885	1.3011523
5312000	1933.02	618	2985	21889.65	8.668371	9.405667	127.14755	1.5573099
5328000	1970.36	620	3012	21954.87	8.782907	9.351194	97.08827	1.318425
5344000	1665.8	231	3000	22019.01	10.148352	12.501322	109.21446	1.0763083
5360000	1847.36	231	3000	22084.36	9.897723	11.381483	93.28283	1.4797618
5376000	1575.32	231	3001	22149.0	9.640446	11.886034	117.50807	1.3055615
5392000	1718.26	231	3006	22215.17	11.751194	15.093325	177.24219	1.4919751
5408000	1837.88	589	2998	22280.48	11.041308	13.084895	120.67088	1.5575862
5424000	1553.76	231	2995	22346.41	11.947086	15.030972	123.065025	1.6953561
5440000	1844.7	703	3019	22411.11	11.849213	14.386078	140.45775	1.7084081
5456000	1687.54	231	3021	22475.67	12.199258	16.545158	163.76408	1.7789972
5472000	1670.0	620	3013	22539.37	14.186988	21.266077	194.28091	1.6145005
5488000	1801.34	618	3015	22604.47	12.915139	19.187475	179.83638	1.5816425
5504000	1761.3	231	3019	22669.44	12.962746	18.879324	166.26247	0.8658283
5520000	2011.6	231	3021	22733.99	11.532666	16.703524	166.55234	1.5184637
5536000	1771.24	614	3021	22798.98	11.651622	16.28402	167.8663	1.6928505
5552000	1666.38	614	3001	22864.16	9.667293	14.129376	177.53383	1.4294293
5568000	1908.66	231	3012	22930.34	9.918453	12.179938	138.45403	2.07822
5584000	1810.54	231	3022	22995.96	9.940295	14.267492	142.8895	1.3938894
5600000	1640.98	231	3001	23061.54	10.560198	14.386664	150.52922	1.984153
5616000	2026.6	231	3012	23129.66	10.52585	13.221966	152.28487	2.03219
5632000	2090.24	231	3016	23197.89	10.697347	13.819301	275.56985	2.449216
5648000	2117.82	231	3016	23264.93	10.390284	12.121906	162.60326	1.878495
5664000	2069.66	618	3009	23334.3	9.844027	9.553351	119.82255	2.096826
5680000	1927.98	626	3004	23402.95	10.391252	11.318794	120.314964	2.2280102
5696000	2090.2	626	3019	23473.19	10.908705	12.909005	161.92694	2.4523516
5712000	2332.06	231	3019	23539.57	9.944507	9.228536	94.77302	1.875963
5728000	2272.06	231	3019	23607.27	9.247319	8.774271	78.77483	1.6437893
5744000	2290.8	231	3018	23674.95	8.571893	8.058129	93.763855	1.5932375
5760000	2386.86	231	3018	23742.58	8.150532	8.01665	77.378006	1.467835
5776000	2425.28	231	3018	23809.71	7.3158774	7.618137	79.684654	1.4366937
5792000	2214.52	231	3016	23877.56	6.712792	7.142762	80.05467	1.3145583
5808000	2275.74	776	3019	23945.4	5.522249	5.6935177	81.927795	1.25168
5824000	2400.64	776	3019	24011.46	5.8192644	5.948012	101.53928	1.3038707
5840000	2219.12	231	3022	24081.15	5.7744493	6.2202845	83.193665	1.1681626
5856000	2081.22	620	3022	24150.5	6.134431	6.1175127	94.11901	1.2199017
5872000	2085.96	636	3012	24216.93	6.5155525	7.4398937	130.55185	1.3164296
5888000	2119.0	636	3011	24284.29	7.3467903	9.002155	97.94138	1.251368
5904000	2008.2	764	3011	24351.6	7.209094	8.583383	155.79224	1.1679759
5920000	2030.42	773	3018	24418.92	7.235842	6.95343	73.57193	1.1542578
5936000	1749.64	231	3018	24487.14	9.130754	12.193865	133.28262	1.5712142
5952000	1898.26	801	3020	24557.13	9.161347	12.941998	117.66219	1.5459983
5968000	1809.56	231	3009	24625.54	8.841605	13.366938	128.46725	1.1957083
5984000	1888.86	231	3019	24693.25	9.340547	12.894073	131.63751	1.3188744
6000000	1819.16	231	3019	24761.0	9.730849	13.141955	141.31874	1.2576258
6016000	2151.42	231	2995	24828.5	8.986193	11.124664	95.427086	1.2825835
6032000	2121.8	231	3016	24895.89	9.073846	11.599648	143.01715	1.3319831
6048000	2069.34	775	3016	24963.06	7.8332853	9.623894	126.26603	1.112484
6064000	2062.66	775	3022	25031.31	7.991077	8.645984	122.39627	1.3096988
6080000	2206.9	231	3022	25097.76	8.355788	9.83631	148.5591	1.1936666
6096000	2343.84	231	3015	25165.12	7.500918	7.5140185	78.71856	0.8575814
6112000	2419.06	231	3015	25231.28	7.7998605	8.318752	134.75092	1.2440867
6128000	2251.02	751	3021	25298.61	7.921961	7.9784155	87.28903	1.1004102
6144000	1837.64	231	2993	25366.18	8.8386135	8.874981	93.330215	1.6059489
6160000	1934.74	231	3019	25433.37	8.827387	8.79251	79.42619	1.1831641
6176000	1841.7	620	3015	25502.04	9.694459	11.891887	141.55507	1.3960485
6192000	1697.68	601	3014	25572.12	9.448131	10.354206	90.70784	1.4823502
6208000	1786.94	620	3016	25640.31	9.908485	10.974649	95.13082	1.6900387
6224000	1823.52	620	3012	25708.41	10.485963	13.045211	166.67256	1.7441081
6240000	2108.8	626	3009	25778.55	10.636336	15.168708	173.07208	1.214992
6256000	2349.56	635	3017	25847.08	9.605689	14.210236	180.91292	1.270494
6272000	2316.38	231	3017	25916.65	11.154804	17.087776	171.57144	1.4753697
6288000	2020.24	755	3010	25984.42	10.251938	13.204341	158.68552	1.4307725
6304000	1912.66	618	3000	26051.98	8.660727	10.56926	152.22495	1.2910323
6320000	2121.78	231	3010	26118.68	8.2260895	9.288296	117.387215	1.2595406
6336000	2198.66	231	3015	26185.91	7.8097224	8.028811	89.808754	1.1377639
6352000	2385.3	231	3021	26254.07	7.842363	7.8366437	107.164185	1.4133611
6368000	2173.34	231	3019	26321.64	7.7333155	9.727959	167.54237	1.2762612
6384000	2255.52	626	3010	26388.27	7.9313045	8.484481	122.990715	1.0246
6400000	2139.02	626	3013	26455.54	7.4426785	8.435248	109.70171	1.2401469
6416000	2088.7	231	3013	26522.99	7.720109	8.553567	94.7821	1.5145743
6432000	2070.54	231	3016	26589.57	7.315673	7.406199	86.12264	1.3526691
6448000	2218.68	231	3015	26657.68	7.769874	11.411564	222.24551	1.2694522
6464000	2006.34	231	3013	26724.21	7.3901834	10.07525	177.03339	1.2370322
6480000	2238.5	618	3017	26791.87	7.279103	9.111034	154.45416	1.1942582
6496000	2207.26	618	3019	26859.72	7.6691246	7.863846	74.46905	1.2187837
6512000	2151.1	231	3016	26926.93	7.7728624	11.807863	213.21306	1.3352959
6528000	2166.74	231	3012	26995.87	7.401894	10.821113	254.86665	1.2381892
6544000	2094.76	620	3018	27062.35	7.9901233	10.641538	232.71454	1.0788283
6560000	2274.58	620	3018	27129.81	6.670718	8.971792	210.63284	1.2754163
6576000	2445.46	715	3019	27197.31	8.145126	11.094007	155.27719	1.3410306
6592000	2439.58	231	3019	27266.93	6.8369384	7.936058	131.49454	1.2084734
6608000	2420.12	231	3024	27334.38	6.5681024	6.88584	104.752426	0.97618544
6624000	2345.02	725	3019	27401.29	6.355089	7.178265	80.962364	1.0499123
6640000	2083.72	231	3022	27467.91	6.6974363	7.4612803	76.50878	1.0428865
6656000	2092.22	620	3019	27534.1	7.132055	8.02503	108.45662	1.0089487
6672000	2047.3	667	3019	27599.34	8.52037	12.358512	193.66916	1.1867456
6688000	2189.26	635	3021	27667.49	9.08716	12.610982	199.12717	1.2068138
6704000	2488.12	231	3026	27735.2	8.62177	13.162181	196.99168	1.1118916
6720000	2599.18	231	3026	27801.5	8.870143	12.073446	191.9344	1.2392311
6736000	2347.6	713	3012	27868.09	9.173945	13.342947	181.07529	1.421606
6752000	2051.94	231	3013	27933.88	10.297311	17.313726	225.51628	1.3783679
6768000	2184.54	231	3021	27998.88	9.86009	14.55374	163.9365	1.4278831
6784000	2448.78	620	3024	28064.0	9.584995	12.9536295	163.5149	1.4717706
6800000	2352.72	620	3024	28131.04	9.762319	11.9552145	131.60294	1.6726942
6816000	2235.02	733	3020	28196.86	8.571741	9.049376	147.92046	1.4296781
6832000	2373.38	1316	3025	28263.35	9.021436	12.077578	142.66774	1.4341992
6848000	2268.02	231	3022	28330.22	8.270178	9.241748	112.28653	1.3636045
6864000	2358.54	231	3022	28398.6	7.7413964	7.614089	82.9659	0.9648942
6880000	2458.06	707	3025	28465.95	7.921105	7.609302	87.43034	1.495285
6896000	2470.94	707	3025	28534.54	8.32439	8.464574	121.12979	1.3807962
6912000	2388.84	618	3021	28600.56	8.172606	10.112604	172.32742	1.2887145
6928000	2463.64	620	3020	28667.71	7.244368	7.767915	106.814575	1.0456917
6944000	2281.36	609	3021	28736.24	7.223709	7.3164854	115.00439	1.414803
6960000	2469.6	1412	3020	28802.51	7.3681583	7.765862	83.8704	0.990884
6976000	2281.18	715	3020	28867.98	8.247287	10.569259	199.09097	1.2988336
6992000	2057.42	231	3021	28933.45	7.810846	7.844391	70.78258	1.4306065
7008000	2238.3	231	3021	28999.72	7.102105	6.8794875	64.57344	1.3682649
7024000	2490.86	231	3022	29065.29	7.2213783	7.178381	58.691486	1.1066809
7040000	2544.8	231	3022	29131.8	6.7577696	6.4062977	55.269466	1.3651915
7056000	2476.98	231	3020	29197.99	6.695643	8.040857	179.4878	0.98399496
7072000	2334.2	231	3013	29263.77	7.1214395	7.4285793	124.057465	1.4279046
7088000	2362.52	635	3012	29329.42	6.2524548	7.2751713	136.68362	1.2031639
7104000	2352.66	635	3017	29395.75	6.453253	8.351432	144.70299	0.9097177
7120000	2317.04	231	3018	29461.24	6.7941666	8.145773	106.818146	1.3430197
7136000	2500.6	231	3016	29527.03	6.8857174	8.231846	146.46426	1.4041946
7152000	2157.86	231	3009	29593.55	7.1293826	8.543845	109.82214	1.335468
7168000	2209.2	231	3022	29659.32	6.5643144	7.183692	100.43251	1.2441176
7184000	2470.94	231	3022	29725.32	6.838298	7.917235	117.53298	1.0074694
7200000	2471.2	231	3022	29791.45	5.89956	6.076337	54.57483	1.0786183
7216000	2402.2	231	3015	29858.1	5.808034	6.599281	108.1732	1.0842946
7232000	2444.84	626	3019	29924.12	5.7078586	6.077815	60.84865	1.078197
7248000	2444.12	630	3019	29989.8	6.371125	7.378859	71.81913	1.2077011
7264000	2452.36	1038	3024	30054.89	5.926959	6.580639	70.40889	1.06565
7280000	2509.92	1408	3024	30121.7	7.0797367	10.670714	195.14532	0.98917556
7296000	2328.5	231	3018	30188.37	7.1141706	7.8398304	87.97455	1.1543026
7312000	2253.9	231	3021	30253.99	6.8196864	8.744254	126.440475	1.1368408
7328000	2356.98	231	3020	30320.12	6.1308017	6.9374886	107.18085	1.2621925
7344000	2469.18	618	3023	30388.34	7.261866	9.457772	149.19217	1.1719921
7360000	2219.18	231	3023	30454.36	5.9097285	6.295972	70.30322	1.2435536
7376000	2163.36	231	3009	30520.12	6.090394	6.3588123	45.340816	1.0395794
7392000	2468.44	1410	3015	30585.78	6.2347465	6.011895	59.974785	1.0788382
7408000	2365.12	231	3016	30651.0	6.3923416	7.116713	110.50544	1.2129415
7424000	2264.22	231	3019	30718.45	5.996788	5.9978957	80.87088	1.2950566
7440000	2165.02	618	3022	30783.62	6.636457	7.449992	87.12627	1.4075546
7456000	2284.5	231	3020	30849.22	6.44309	7.680213	92.39062	1.1077647
7472000	2195.16	231	3018	30915.59	6.977874	9.562094	186.35448	1.0200578
7488000	2144.48	231	3024	30981.52	6.6486816	9.488935	119.53629	0.9960556
7504000	2087.6	617	3024	31046.47	7.0837674	8.175272	76.935	1.3501194
7520000	2193.34	617	3017	31111.28	7.928112	9.974326	104.80606	1.1876441
7536000	2161.6	619	3025	31178.42	8.060883	10.269238	107.95661	1.4297614
7552000	2156.42	634	3025	31244.08	7.254084	7.7194567	65.618965	1.3733987
7568000	2170.16	634	3020	31311.51	7.4122252	8.310407	91.461235	1.1629002
7584000	2221.98	231	3016	31377.2	6.7288775	6.940492	70.28824	1.1334124
7600000	2417.14	1315	3021	31443.66	6.6361046	6.6019015	78.04689	1.2742041
7616000	2492.34	1033	3023	31509.37	6.9229126	7.488504	101.772705	1.1519849
7632000	2116.58	738	3015	31575.1	7.170875	8.280019	120.803246	1.3695849
7648000	1915.22	618	3017	31640.62	8.380015	9.390142	107.78223	1.5542643
7664000	1861.88	620	3013	31706.18	9.096288	10.228034	119.84468	1.3982595
7680000	2027.28	231	3023	31772.02	9.593827	11.424642	180.5824	1.6499591
7696000	2037.38	231	3023	31837.82	9.354412	9.031727	95.36986	1.5228362
7712000	2078.14	618	3013	31903.52	9.69069	11.071713	152.4426	1.4647754
7728000	2242.82	618	3021	31969.67	10.720444	13.012617	137.7788	1.686939
7744000	1840.24	618	3019	32036.91	8.935802	8.82286	111.20514	1.6320876
7760000	1941.36	634	3024	32102.84	10.355161	15.301509	225.53392	1.6637583
7776000	2433.08	634	3024	32169.57	9.345434	11.604541	96.23129	1.3979125
7792000	2282.4	231	3019	32235.82	8.499741	12.681686	139.85886	1.2569546
7808000	2002.72	231	3023	32302.37	8.933599	14.26649	142.67336	1.1634353
7824000	2163.3	231	3023	32367.47	9.060616	13.312014	104.955574	1.2425797
7840000	1822.16	620	3021	32434.52	10.414101	14.705352	163.15105	1.5220454
7856000	1966.08	620	3021	32500.75	10.005181	13.482131	199.75177	1.6064167
7872000	2248.78	626	3020	32566.69	10.67021	13.578082	171.99849	1.6037059
7888000	2072.16	231	3020	32633.27	12.975476	15.698352	113.23392	1.6087751
7904000	2200.24	231	3024	32700.71	11.844308	15.216661	156.63876	1.5780177
7920000	2352.06	231	3024	32766.95	11.680633	15.756057	156.25658	1.2355571
7936000	2300.24	231	3019	32832.69	11.118289	15.02067	147.92773	1.741735
7952000	2203.18	231	3013	32899.38	10.125548	12.246132	106.422935	1.5148048
7968000	2332.5	634	3018	32966.11	9.193575	10.104964	107.92594	1.2814229
7984000	2412.32	620	3016	33033.78	9.569852	11.5769615	100.83714	1.3323619
8000000	2227.18	231	3020	33100.29	8.173009	9.668761	129.98117	1.4816175
8016000	2159.26	231	3020	33167.26	9.233824	10.509191	96.69776	1.5602787
8032000	2014.84	231	3003	33233.54	9.553427	11.071762	128.6366	1.5377119
8048000	2018.2	617	3007	33300.18	9.225187	10.283271	113.94305	1.8175688
8064000	2295.22	231	3021	33365.97	9.497286	13.319961	304.95685	1.6433036
8080000	2303.9	231	3021	33431.36	8.786081	8.849884	104.00247	1.4170163
8096000	2387.62	811	3016	33497.47	7.539462	7.925072	138.96074	1.427002
8112000	2335.88	810	3020	33562.51	8.919148	13.318694	215.6549	1.5433306
8128000	2310.38	231	3020	33629.33	7.764116	7.20764	65.85392	1.1133771
8144000	2388.14	231	3021	33695.45	7.399121	6.669836	71.58666	1.2610135
8160000	2491.52	742	3023	33762.16	6.978338	8.432168	140.14627	1.0346116
8176000	2633.3	742	3023	33828.46	6.020769	4.854822	45.87891	1.0760589
8192000	2478.16	231	3019	33893.85	6.376224	5.9802456	75.21185	1.2464637
8208000	2505.22	1328	3009	33959.0	6.420162	6.764583	84.19444	1.2894373
8224000	2452.8	759	3022	34024.67	7.004867	8.106973	158.83015	1.278349
8240000	2024.94	715	3023	34090.35	7.918808	10.128575	127.306496	1.2453408
8256000	2220.6	715	3014	34156.46	7.9342446	9.398999	91.77619	1.228529
8272000	2268.82	231	3020	34222.84	9.470544	12.890611	180.07477	1.0536207
8288000	2462.62	231	3020	34288.21	9.864915	14.089548	189.13852	1.3082428
8304000	2471.08	231	3016	34353.84	9.060551	10.629022	121.646416	1.4202579
8320000	2243.16	231	3020	34420.59	7.765686	8.2781725	104.84435	1.5162389
8336000	2429.38	231	3020	34486.73	8.058389	9.114891	105.32811	1.2088325
8352000	2589.52	620	3018	34553.21	7.4934454	8.936146	137.98305	1.581317
8368000	2241.34	231	3016	34619.45	7.9744368	10.309003	103.32068	1.1894149
8384000	2275.34	231	3016	34685.13	8.197077	9.090902	86.150444	1.5607967
8400000	2266.16	635	3022	34750.76	8.143209	9.765569	172.25615	1.1639286
8416000	2228.72	231	3023	34817.23	7.653432	7.9101877	90.17934	1.4183197
8432000	2403.28	231	3023	34883.61	7.314018	8.625103	92.72102	1.2092421
8448000	2584.3	753	3024	34949.41	6.709568	7.5470424	68.1164	1.2516651
8464000	2372.22	231	3024	35015.31	6.949023	9.489532	147.45847	1.3008823
8480000	2400.62	231	3019	35081.02	6.5106835	8.492855	110.1867	1.0717816
8496000	2581.94	806	3019	35147.8	6.376605	7.7957654	93.35142	0.8543017
8512000	2355.84	618	3017	35214.13	7.23096	9.24677	127.330734	1.2307574
8528000	2285.24	618	3017	35279.13	7.276453	8.316051	113.20698	1.43367
8544000	2461.64	620	3020	35344.7	7.910497	9.2928915	95.42001	1.2554662
8560000	2589.56	620	3020	35410.53	7.649089	11.525065	266.84955	1.5368505
8576000	2499.38	620	3022	35476.41	6.956311	6.9021297	74.93434	1.1740571
8592000	2227.04	618	3022	35541.92	7.2603645	6.6987796	76.03288	1.2408566
8608000	2263.28	231	3018	35608.03	7.116037	6.355878	57.30192	1.1441644
8624000	2426.22	231	3021	35673.52	7.3020906	7.9798293	149.67554	1.1438544
8640000	2552.18	231	3021	35740.62	6.7228894	6.182165	58.0882	1.0361817
8656000	2554.6	620	3023	35807.0	7.1974134	7.1279354	82.44805	1.3613576
8672000	2268.36	620	3021	35872.51	8.540737	10.502312	129.13985	1.4945481
8688000	2102.34	636	3023	35938.73	9.433744	11.678567	105.29427	1.2148485
8704000	2190.24	620	3025	36004.91	9.609531	11.47485	93.38306	1.4192712
8720000	2445.24	620	3025	36071.48	8.840361	10.111065	97.30268	1.141453
8736000	2477.72	692	3022	36137.57	7.962994	8.905778	90.53551	1.3377492
8752000	2773.88	692	3023	36203.6	8.455043	11.257222	146.33916	1.2016063
8768000	2302.12	636	3025	36268.84	8.066943	10.922232	114.69756	1.2840946
8784000	2071.72	231	3019	36334.85	8.432565	10.962302	135.13422	1.3239985
8800000	2062.1	231	3013	36400.03	8.410006	12.370666	181.27406	1.2785892
8816000	1796.78	618	3020	36466.76	8.888468	13.664183	166.40414	1.2404974
8832000	2045.48	636	3018	36532.69	10.724131	14.748323	164.16493	1.4356523
8848000	2525.94	1316	3025	36598.88	10.601957	14.244089	203.79929	1.2918562
8864000	2428.84	807	3025	36664.22	11.36946	16.030441	176.63889	1.8116395
8880000	2357.4	636	3023	36730.53	11.224947	13.254511	101.262276	1.8081512
8896000	2401.88	618	3023	36797.76	9.484255	10.843643	87.15577	1.2098095
8912000	2408.84	722	3026	36863.46	11.213306	13.661209	188.92508	1.4311904
8928000	2514.24	722	3026	36930.02	8.85412	11.394692	153.62369	1.3210037
8944000	2543.0	722	3023	36996.1	7.6453185	9.409558	115.49811	1.3268895
8960000	2492.78	715	3023	37062.12	7.0508604	8.548489	77.971306	1.0325344
8976000	2605.56	620	3023	37128.18	6.9662623	7.936374	80.00302	1.1765481
8992000	2467.1	620	3024	37194.36	5.993219	7.160449	82.62753	1.1800158
9008000	2262.72	231	3024	37260.37	6.6070075	7.662696	81.88273	0.8357835
9024000	2432.82	231	3024	37327.7	6.941836	8.084168	109.46129	0.99927676
9040000	2301.44	722	3020	37393.84	8.113061	14.52946	327.28912	1.0305104
9056000	2138.8	231	3022	37459.88	9.600635	13.918001	195.91295	0.8243412
9072000	2298.52	626	3022	37526.43	10.53704	16.721304	205.12263	1.3517118
9088000	2370.64	713	3016	37592.29	9.725223	14.090406	178.34306	1.0915399
9104000	2260.18	231	3017	37658.3	9.738817	13.218065	155.7514	1.5469426
9120000	2294.86	231	3020	37725.02	9.081882	11.728063	143.52867	1.4479696
9136000	2315.14	231	3024	37791.16	9.455426	12.906771	183.30022	1.629625
9152000	2235.46	231	3016	37855.73	8.737776	10.551753	116.822655	1.5319309
9168000	2254.24	231	3020	37921.79	10.22348	11.837423	110.163506	1.5446794
9184000	2150.22	620	3020	37988.5	8.220133	8.424882	131.69122	1.1767998
9200000	1979.26	620	3018	38053.51	8.510063	9.979728	117.51696	0.7573626
9216000	2256.6	636	3019	38118.27	9.414713	13.977436	197.99835	1.247195
9232000	2325.84	620	3025	38184.01	9.067002	14.345044	184.13087	1.1694643
9248000	2069.74	620	3014	38249.43	8.146989	12.094018	168.23914	1.2211988
9264000	2253.56	634	3016	38315.02	8.615991	12.803204	165.60698	1.3000559
9280000	2489.66	634	3018	38380.85	8.972772	11.4790745	112.97065	1.2233211
9296000	2064.16	626	3017	38446.39	9.062738	10.221807	141.25627	1.4338573
9312000	2148.54	231	3017	38512.07	8.639896	10.792718	195.33215	1.5948045
9328000	2350.46	231	3019	38577.82	9.036561	11.08986	152.62477	1.4686129
9344000	2421.32	626	3019	38643.31	8.756901	10.905563	171.25491	1.2650139
9360000	2388.56	635	3020	38710.04	8.099228	9.389938	122.96752	1.5116076
9376000	2347.38	626	3020	38775.28	7.6245527	9.440573	190.50874	1.5119683
9392000	2367.18	626	3020	38842.2	8.2954235	12.480289	178.335	1.1719712
9408000	2561.52	626	3024	38907.42	6.610546	7.3968034	91.85974	1.2530966
9424000	2545.54	620	3024	38972.49	5.8456287	6.7060075	75.39483	0.87779206
9440000	2434.04	620	3024	39038.36	6.384847	7.9800653	128.23753	1.1298747
9456000	2383.08	771	3004	39103.44	7.2435293	9.286013	109.18603	1.2125986
9472000	2272.78	620	3019	39168.77	8.214422	8.8582325	87.67286	1.224349
9488000	2196.8	620	3022	39234.49	8.146936	7.665711	88.340935	1.5821955
9504000	2151.42	620	3021	39300.54	8.775445	9.724866	124.93446	1.0600702
9520000	2218.54	620	3021	39367.2	9.635269	9.471496	102.09471	1.4233086
9536000	2469.3	620	3018	39433.1	8.627746	8.167312	89.92006	1.1965339
9552000	2605.5	618	3022	39498.97	7.5344696	7.0598645	81.3166	1.1138141
9568000	2365.18	618	3022	39565.89	7.2533507	6.6161294	61.181942	1.1351894
9584000	2286.4	231	3023	39632.12	7.0767465	6.667518	69.45046	1.0286225
9600000	2327.58	231	3023	39697.62	8.239312	13.332247	283.04947	1.1776602
9616000	2533.2	267	3022	39763.73	7.8812237	11.227583	145.91974	1.290339
9632000	2412.74	620	3018	39829.18	6.7857904	9.032153	191.15527	1.0916009
9648000	2390.5	620	3020	39895.43	6.7405586	7.4599133	108.54289	0.9816555
9664000	2348.52	626	3012	39962.31	7.2425146	9.226664	98.59296	1.1361288
9680000	2299.78	626	3011	40029.02	6.714593	7.4652195	86.36902	0.7952944
9696000	2388.68	626	3008	40095.97	6.209957	7.5428743	108.361786	0.86265504
9712000	2393.7	626	3019	40162.34	6.5192304	8.893904	159.16563	0.9973709
9728000	2395.36	267	3019	40228.4	6.4550614	8.08724	133.98497	1.0647475
9744000	2582.62	267	3024	40294.41	6.5703154	9.451778	138.87065	1.148105
9760000	2592.66	626	3024	40361.93	6.1840653	7.4258685	95.77746	1.1250198
9776000	2347.56	231	3020	40427.83	6.1296463	6.5381465	102.10075	0.92199856
9792000	2362.52	620	3017	40493.58	6.0256267	6.0492687	81.125885	1.0394653
9808000	2420.22	620	3019	40559.6	6.194556	7.290118	112.71796	1.1743125
9824000	2482.34	790	3022	40626.45	6.921695	8.56664	136.99614	1.2416341
9840000	2643.34	718	3022	40692.98	5.9778996	5.9596457	54.87854	0.92137945
9856000	2572.0	718	3025	40759.68	6.480956	8.270833	130.72447	1.0277277
9872000	2581.16	767	3025	40826.16	6.361901	7.5424943	106.67896	1.0932734
9888000	2554.64	767	3020	40891.43	6.246038	7.360158	117.28463	1.087749
9904000	2624.42	267	3020	40958.81	5.5256133	5.9476385	60.01885	0.97814274
9920000	2525.02	267	3020	41024.81	5.5109863	9.083685	136.16191	1.0137726
9936000	2577.86	1037	3027	41091.12	5.6479754	7.168007	81.99082	0.9398008
9952000	2567.68	602	3027	41157.01	5.9565563	6.866221	95.5449	1.0183026
9968000	2642.44	602	3025	41223.99	6.0451555	7.965189	92.684555	0.81040347
9984000	2660.4	620	3024	41289.28	4.8332257	6.15676	72.0758	0.5893919
10000000	2692.24	620	3024	41355.01	4.514691	5.4444857	64.43675	0.63527155
10016000	2660.32	1328	3026	41421.15	4.3886404	5.463854	66.237114	0.6927601
10032000	2397.44	1120	3026	41487.83	4.729536	7.829475	145.33347	0.6913135
10048000	2536.14	231	3021	41554.57	5.00303	7.8689137	130.30592	0.7464534
10064000	2679.62	231	3025	41621.0	5.370832	9.385039	125.78027	0.76958925
10080000	2650.0	1037	3025	41687.84	4.6945753	5.480797	56.402306	0.7725581
10096000	2539.72	267	3022	41754.07	5.5994043	8.622505	120.65364	0.8493666
10112000	2465.8	231	3022	41819.97	6.348083	7.3843584	85.67107	0.9292409
10128000	2378.92	620	3020	41885.73	6.525908	9.381814	108.429855	1.0491885
10144000	2469.98	620	3016	41952.07	6.0793643	7.489673	77.26757	0.8216746
10160000	2563.18	620	3016	42017.45	5.521266	7.297571	113.96033	0.85579723
10176000	2529.04	620	3022	42083.25	5.4499493	9.006989	138.27856	0.7697176
10192000	2514.64	626	3022	42149.16	4.879334	6.7547674	116.01059	0.8283961
10208000	2515.72	620	3022	42215.16	4.6477513	5.9191422	105.48752	0.7759735
10224000	2406.16	620	3022	42280.77	4.8873086	5.537584	69.12263	0.7800976
10240000	2401.86	267	3025	42347.15	5.7321806	7.982393	124.86694	0.8312675
10256000	2302.54	620	3025	42414.99	5.8303022	6.6137238	70.53942	0.87804675
10272000	2480.52	620	3024	42481.84	5.2750063	5.631637	88.24339	0.8431826
10288000	2734.0	636	3025	42549.08	5.4098973	5.7392955	61.12008	0.9290339
10304000	2556.78	636	3025	42616.69	5.6929216	7.844109	134.69373	0.9331565
10320000	2313.48	231	3025	42682.61	5.5341144	6.7644353	117.48066	0.8541034
10336000	2279.0	231	3024	42748.14	5.892581	6.539517	75.34305	1.0335348
10352000	2561.84	1327	3025	42814.0	5.6343145	8.613032	138.12321	0.69784486
10368000	2472.44	267	3025	42879.5	5.083252	5.786054	84.459045	0.83879906
10384000	2257.7	620	3025	42946.01	6.130234	9.090826	172.0348	0.79417527
10400000	2238.12	267	3026	43011.93	6.131094	9.004844	147.86142	1.003222
10416000	2383.66	620	3024	43078.5	5.6767645	5.887251	66.71977	0.83017683
10432000	2170.24	267	3014	43145.2	6.4740834	8.329324	95.00852	1.167013
10448000	2330.94	267	3026	43211.17	5.8404055	6.601587	103.77957	0.9413548
10464000	2359.48	715	3026	43277.03	5.359648	7.16543	147.80531	0.8539581
10480000	2202.56	267	3020	43341.97	5.577678	5.4663744	71.595985	0.9127029
10496000	2409.7	267	3027	43408.25	5.563978	7.599775	129.41539	0.6267687
10512000	2631.26	620	3027	43474.51	5.5270147	6.80194	99.949	0.8372613
10528000	2650.46	620	3025	43539.94	5.3938775	7.263983	144.56703	1.1321574
10544000	2600.62	620	3025	43606.95	5.6296535	8.920038	187.48732	0.8839294
10560000	2728.66	1404	3024	43673.32	4.9065776	6.0766163	112.10383	0.67533803
10576000	2537.8	554	3025	43740.1	4.3249884	5.6986017	74.73407	0.77715814
10592000	2550.68	554	3025	43805.68	4.091364	4.4492965	46.476776	0.74245596
10608000	2582.18	809	3026	43872.41	4.9636154	7.809945	168.87129	0.88562155
10624000	2488.42	790	3026	43939.52	4.394519	5.6793714	77.81931	0.6368481
10640000	2280.58	769	3026	44005.69	4.759583	7.690847	140.56007	0.7195483
10656000	2174.64	754	3025	44071.93	5.0284677	5.5643964	53.504826	0.8269125
10672000	2412.28	620	3023	44138.41	4.9328995	6.1930294	84.270424	0.56129843
10688000	2474.32	620	3024	44205.43	5.3311357	7.0983534	132.26628	0.99755776
10704000	2484.56	620	3025	44272.52	5.2841773	5.227596	59.685013	1.0135115
10720000	2306.72	620	3027	44338.63	5.79261	8.478707	154.54173	0.9100793
10736000	2528.28	626	3026	44405.51	5.2345233	5.4476004	57.520836	0.953827
10752000	2424.58	626	3024	44472.36	5.739867	5.8739166	50.61952	1.1870179
10768000	2609.1	620	3024	44539.57	5.8378916	6.152941	86.305595	1.1037897
10784000	2666.66	620	3028	44605.79	5.426417	6.3948	71.497574	0.90655947
10800000	2694.9	712	3028	44670.79	5.8088174	6.468437	81.94259	1.0325041
10816000	2730.1	582	3025	44736.33	6.511582	7.117282	76.39806	1.1743823
10832000	2670.84	582	3025	44802.9	6.473109	7.4818373	122.88602	0.84886634
10848000	2702.8	754	3023	44869.91	8.237752	11.215165	175.33792	1.1555581
10864000	2723.0	754	3023	44935.57	7.8677516	12.390157	183.09558	1.2004712
10880000	2454.52	231	3024	45002.24	8.275984	13.207241	174.91107	0.9665749
10896000	2453.82	231	3025	45067.84	7.7745447	12.350875	144.42079	0.98859096
10912000	2761.8	620	3025	45133.32	6.6485715	11.257614	141.03613	0.77016056
10928000	2453.18	620	3024	45199.4	6.772868	11.941589	161.31036	0.9171008
10944000	2551.26	620	3025	45265.34	5.5168962	7.633828	87.869736	0.96909845
10960000	2820.84	1331	3025	45331.66	5.168753	9.248567	180.57072	0.75162923
10976000	2780.8	1410	3025	45398.29	5.612242	8.477122	157.93466	0.89166903
10992000	2718.5	1551	3025	45464.14	5.7535243	9.672953	150.59682	0.943922
11008000	2698.94	715	3027	45531.02	5.1806083	6.83529	101.2683	0.83247554
11024000	2648.8	715	3027	45597.32	5.414515	6.393044	74.666756	0.6972562
11040000	2672.52	807	3027	45663.09	5.747334	8.352258	116.854576	0.98195
11056000	2751.76	770	3025	45729.75	6.3046856	8.846142	119.66922	0.7381741
11072000	2626.74	1410	3024	45795.88	6.2926564	8.174366	99.26529	1.1845539
11088000	2147.92	615	3023	45862.32	6.3811994	8.051741	107.56546	0.91713965
11104000	2095.34	620	3024	45929.11	6.761924	9.56802	98.27286	1.0640488
11120000	2100.24	443	3024	45995.07	8.303944	13.005548	144.86778	1.1394682
11136000	2193.62	231	3025	46062.37	9.271541	13.406139	126.367294	1.3085487
11152000	2503.06	231	3025	46127.77	9.37641	11.849688	109.32855	1.4087491
11168000	2567.0	231	3024	46195.27	9.489219	12.347786	138.67915	1.4579151
11184000	2551.14	231	3022	46262.06	8.286612	11.612585	108.71304	1.1156559
11200000	2551.82	231	3017	46328.18	7.599261	9.850448	85.200676	1.2369287
11216000	2568.08	231	3024	46394.73	7.0222754	9.58032	94.03983	0.9849364
11232000	2379.24	231	3024	46460.09	8.341319	16.451303	282.39835	0.8297962
11248000	2480.98	231	3023	46526.04	8.767945	15.088691	203.2488	1.0867739
11264000	2541.5	620	3023	46593.74	8.033582	15.132313	266.0788	1.1236634
11280000	2459.82	620	3022	46661.01	6.9934144	10.781438	132.69693	0.9515227
11296000	2429.1	620	3022	46726.84	6.877883	11.703339	213.5905	1.0350196
11312000	2515.0	620	3025	46793.14	6.2308064	10.343538	138.01324	0.96984553
11328000	2707.06	620	3025	46858.27	6.4218273	10.665737	231.44568	1.0963202
11344000	2730.34	636	3024	46924.42	4.7591467	5.1920366	85.175125	0.87903297
11360000	2761.18	1829	3024	46991.86	4.740465	5.6539464	109.54902	0.73518836
11376000	2619.14	620	3025	47058.21	4.4097443	4.2878547	45.422474	0.58727443
11392000	2594.08	620	3025	47125.79	4.634754	5.2432265	81.20021	0.7703723
11408000	2679.44	620	3023	47192.4	4.208116	5.4913034	122.76596	0.7566589
11424000	2674.96	626	3025	47258.72	4.1494784	4.0184317	47.55709	0.7322808
11440000	2689.38	755	3025	47325.92	4.216985	4.0977135	65.9066	0.828097
11456000	2617.46	231	3024	47392.01	4.8347635	6.426578	94.67227	0.8394386
11472000	2657.76	231	3024	47458.21	5.275497	6.9152617	111.004295	0.8002367
11488000	2481.24	620	3024	47524.95	5.179916	7.0373235	116.06708	0.97207034
11504000	2459.92	675	3024	47590.82	5.745711	7.8100214	130.2446	0.9540798
11520000	2607.9	735	3026	47657.58	5.941869	7.0492764	99.49691	0.8389092
11536000	2581.28	1308	3026	47724.49	6.05936	6.0734134	60.241608	0.787851
11552000	2360.24	620	3023	47790.52	6.7862906	7.068493	76.637344	1.118117
11568000	2382.72	620	3023	47856.47	7.9583025	12.728975	289.1724	1.0939956
11584000	2252.0	757	3021	47921.99	9.038412	13.207725	221.8905	0.9540764
11600000	2373.14	811	3021	47988.1	8.578515	10.321907	100.14638	1.1990864
11616000	2643.74	811	3021	48053.88	8.335473	13.919521	269.16867	1.2496649
11632000	2674.64	797	3022	48119.75	8.552649	17.414179	310.31046	0.9764605
11648000	2675.32	797	3022	48184.99	7.19944	12.322998	182.22594	0.9940146
11664000	2562.0	620	3019	48249.97	6.2459335	9.904622	186.34637	0.86474574
11680000	2477.14	620	3023	48316.41	5.423515	6.2069893	99.98889	0.78668326
11696000	2431.64	620	3018	48381.51	5.2971125	7.1635065	118.048645	1.014602
11712000	2509.0	620	3024	48447.52	5.4579277	7.8910956	177.86435	0.9015665
11728000	2543.4	620	3024	48514.82	4.8112607	5.8666053	101.48117	0.79551893
11744000	2413.94	620	3026	48581.24	4.702131	5.2414336	68.09732	0.7358278
11760000	2479.3	620	3026	48647.73	4.897709	6.575731	140.32016	0.92888623
11776000	2560.72	715	3021	48714.38	4.504848	5.204467	94.62174	0.8994827
11792000	2561.2	231	3020	48781.64	4.7664766	6.257463	84.303734	0.8721905
11808000	2393.3	231	3021	48847.37	5.0076466	5.455282	66.52907	0.7655114
11824000	2464.7	610	3021	48913.98	5.2787666	5.4996834	67.74668	0.85254115
11840000	2601.62	610	3021	48980.8	6.1460977	7.861834	122.452324	1.081128
11856000	2443.0	610	3022	49047.37	6.260826	9.923349	221.25797	0.9027821
11872000	2510.42	620	3023	49114.0	5.913368	8.848666	183.21057	0.90495944
11888000	2656.52	1034	3023	49180.45	5.9880505	7.194248	85.67346	1.0056084
11904000	2620.16	231	3023	49246.51	5.6023383	5.67153	68.05289	0.8263235
11920000	2473.6	231	3023	49313.47	5.4874215	7.0659146	136.10855	0.9081511
11936000	2692.56	231	3021	49380.36	5.833144	7.346289	100.324265	0.9244712
11952000	2717.58	231	3024	49446.93	5.2623253	5.7963457	64.02114	0.88374454
11968000	2749.12	620	3024	49513.09	5.250454	6.8142715	127.310455	0.7994721
11984000	2596.74	620	3024	49580.18	6.147422	9.882674	206.0214	0.82087386
12000000	2574.7	620	3023	49646.04	6.0407276	9.706912	161.95407	1.1455163
12016000	2572.64	620	3023	49712.62	5.3993807	7.357204	118.859245	0.78934145
12032000	2638.78	620	3023	49780.63	6.506463	10.757936	213.93202	0.9454376
12048000	2558.86	626	3023	49847.01	5.570461	6.7412753	98.66542	0.99254143
12064000	2675.8	626	3024	49913.05	5.4705243	6.7145653	84.959885	0.65902394
12080000	2670.26	626	3024	49979.92	5.531951	7.7517204	137.0389	0.91768754
12096000	2543.8	620	3021	50045.73	4.7517786	5.2885323	85.893	0.8281841
12112000	2625.9	626	3022	50111.36	4.8603234	5.6817946	76.43815	0.91665447
12128000	2673.88	626	3022	50176.79	5.7172127	9.329509	170.10094	0.96151626
12144000	2671.34	626	3011	50243.62	5.4946785	8.861738	147.31561	0.7715373
12160000	2674.02	626	3020	50310.22	4.929185	5.6187286	70.94232	1.0093817
12176000	2679.3	620	3022	50377.51	4.70933	5.680214	69.85454	0.7506522
12192000	2708.56	620	3023	50444.23	4.2248707	5.1734004	61.919533	0.7030779
12208000	2475.46	620	3023	50510.49	4.82423	9.36966	177.27576	0.6935476
12224000	2355.62	626	3016	50576.61	4.9393234	7.9454393	168.23518	0.6560318
12240000	2498.0	1112	3023	50642.21	5.0944824	9.598391	166.07524	0.7448536
12256000	2398.9	620	3023	50709.82	5.71932	10.838617	158.2143	0.8608816
12272000	2475.82	620	3019	50775.99	6.2927666	12.859331	151.58714	0.7978481
12288000	2473.64	1013	3020	50842.32	7.112413	11.21813	141.86397	0.7161329
12304000	2534.82	1037	3026	50909.03	7.4731154	11.000339	135.73543	0.9304942
12320000	2598.62	1037	3026	50974.78	5.9519053	9.567212	123.45433	0.89192927
12336000	2655.72	626	3023	51041.31	5.5587296	7.972593	100.11989	0.67773294
12352000	2414.5	620	3019	51108.09	5.7801757	7.883156	108.8156	0.73615897
12368000	2554.9	620	3025	51173.89	6.0788016	8.017828	73.067314	0.70772475
12384000	2667.88	1325	3025	51239.62	5.951495	7.710454	91.359764	0.7944214
12400000	2643.74	231	3023	51305.39	5.696962	7.270691	82.9405	0.87751853
12416000	2624.0	231	3024	51370.0	6.260195	12.397762	236.85329	0.8288087
12432000	2563.82	624	3024	51436.05	6.7824326	10.119757	173.31584	0.9949532
12448000	2544.28	620	3024	51502.44	7.859201	13.182545	150.07135	1.0839441
12464000	2641.24	620	3025	51568.71	7.347224	8.764388	89.40714	0.997475
12480000	2616.44	626	3025	51635.55	8.952478	11.979358	175.80492	1.0230331
12496000	2442.4	620	3023	51700.87	9.513605	13.14082	136.6552	1.1924844
12512000	2536.78	626	3021	51767.36	9.111379	11.62785	107.23345	1.0215962
12528000	2639.42	626	3024	51833.93	9.249304	13.523361	191.30077	0.9615459
12544000	2622.32	626	3026	51900.47	7.735416	10.682325	113.71641	0.93567944
12560000	2569.74	620	3026	51968.02	6.7036595	10.431271	198.15302	0.96153474
12576000	2542.36	618	3019	52033.09	6.6418486	9.330296	138.30302	0.8475246
12592000	2637.26	618	3024	52099.66	6.5344124	8.727346	64.76525	0.88308036
12608000	2723.9	636	3024	52165.77	5.7817655	7.484453	82.080055	0.9250163
12624000	2745.8	1036	3023	52231.84	4.8963733	5.844036	56.606045	0.78957117
12640000	2670.44	231	3026	52298.11	4.6217375	5.500112	70.0505	0.63052714
12656000	2702.22	231	3026	52363.82	5.1610823	10.166447	212.93527	0.6844573
12672000	2620.58	620	3025	52430.37	4.5972443	7.40328	170.23048	0.4513895
12688000	2223.3	681	3024	52497.34	4.756876	7.174076	144.33273	0.7496675
12704000	2335.56	773	3024	52563.84	6.3938413	12.461597	179.41525	0.7371489
12720000	2541.88	800	3024	52628.91	7.535621	12.815618	128.64323	0.98926955
12736000	2558.64	800	3024	52695.91	8.12043	12.626676	115.279236	1.3253298
12752000	2344.22	626	3025	52761.61	8.698891	12.304472	106.762985	0.812153
12768000	2489.36	620	3025	52827.78	8.872176	13.206572	186.68823	0.89095205
12784000	2636.64	231	3022	52893.81	9.251469	11.898393	113.89744	0.71680653
12800000	2423.92	231	3022	52959.57	7.5717764	9.330679	105.891975	1.0386409
12816000	2477.04	746	3022	53025.93	8.205761	9.911472	93.929405	0.925487
12832000	2654.6	231	3024	53090.86	7.5368934	10.976874	191.43538	1.128593
12848000	2622.16	231	3026	53156.79	7.6231704	9.895809	105.481384	1.1342484
12864000	2686.02	626	3026	53222.58	6.7353306	7.3773813	61.933163	0.8407532
12880000	2560.98	620	3026	53288.38	6.857378	9.211123	143.38638	0.7707559
12896000	2503.06	606	3025	53354.72	7.5677705	9.085676	94.166695	1.1140585
12912000	2579.04	606	3025	53421.32	6.0591316	6.862604	59.051086	0.94138604
12928000	2604.94	636	3025	53487.04	6.030438	8.07558	120.612885	0.8393855
12944000	2719.72	626	3025	53553.68	6.024129	8.585106	105.871994	0.9444401
12960000	2417.5	626	3025	53620.14	5.567643	6.7822623	67.45068	0.76868916
12976000	2412.12	636	3024	53686.67	6.2874165	9.6311865	100.84404	0.79100066
12992000	2681.04	636	3024	53753.08	6.1758056	9.096845	77.673294	0.8065311
13008000	2615.84	567	3022	53819.87	6.7643256	10.1045265	93.21324	0.9599813
13024000	2150.96	567	3019	53885.8	6.4779263	8.169392	86.24737	0.9379889
13040000	2281.62	620	3027	53951.67	10.001036	16.714119	235.58894	0.98681915
13056000	2471.32	231	3027	54018.49	8.746709	13.538237	226.50398	0.9790803
13072000	2240.14	226	3023	54085.27	8.695391	13.169552	212.40395	1.007863
13088000	2009.24	226	3022	54152.1	9.388934	13.305183	172.03036	1.0439014
13104000	2031.46	620	3022	54218.35	8.70817	12.895751	151.93393	0.9464814
13120000	2430.54	620	3025	54286.26	7.139996	8.784691	100.26836	1.0527486
13136000	2429.72	620	3025	54352.67	8.426486	11.181581	156.7378	0.95012534
13152000	2178.12	231	3020	54417.53	8.8029995	12.340889	189.03818	1.0169873
13168000	1458.64	231	3021	54484.03	9.052963	11.4635105	98.83468	1.056354
13184000	1829.18	620	3021	54549.98	9.760364	15.089436	137.74106	0.9880879
13200000	2329.62	620	3025	54617.46	9.492225	15.880991	162.58473	0.84317386
13216000	1469.16	620	3026	54683.26	11.732986	19.841475	178.93507	0.9920698
13232000	1785.92	620	3026	54751.06	11.600153	19.762695	190.45007	1.076196
13248000	2502.92	231	3027	54815.75	11.816927	20.999868	185.83556	1.2282124
13264000	2489.78	231	3027	54882.07	11.579315	18.304075	151.63528	1.1497648
13280000	2664.1	626	3027	54947.94	9.0006695	14.992491	114.57872	0.8258225
13296000	2523.24	231	3021	55015.49	9.641789	15.113413	157.36955	1.3526888
13312000	2287.48	226	3020	55080.96	8.958617	15.721309	297.7863	1.3838849
13328000	2300.78	226	3020	55147.7	8.475635	10.487574	101.09628	1.1212882
13344000	2332.22	231	3026	55213.86	8.45935	11.620462	174.7612	1.2550564
13360000	2408.22	231	3026	55280.03	8.23174	10.800017	114.45652	1.0331407
13376000	2566.88	636	3026	55346.02	8.553838	11.413884	165.64438	1.0113323
13392000	2479.6	231	3024	55412.23	10.593216	19.083677	279.62363	1.1430154
13408000	2573.12	231	3026	55477.62	7.8663793	9.971399	96.071724	0.98167646
13424000	2527.3	231	3026	55543.39	7.802237	12.995207	216.35934	1.029272
13440000	2480.58	231	3023	55609.49	8.495674	13.516237	205.01726	0.74034274
13456000	2443.6	231	3024	55675.9	6.680223	10.545964	141.29056	1.145364
13472000	2532.88	636	3024	55741.78	6.64263	10.927989	188.35956	0.79090774
13488000	2371.3	743	3017	55807.61	6.9396825	11.5878105	146.03853	1.0071893
13504000	2246.8	620	3023	55874.49	8.22966	15.121994	179.06995	0.95325583
13520000	2295.0	231	3025	55941.11	9.180242	16.322962	183.73206	0.7979348
13536000	2357.44	231	3025	56006.44	8.735781	14.3705435	144.48926	0.9285326
13552000	2025.46	231	3019	56072.37	8.680508	13.157231	100.168564	1.0461943
13568000	2275.68	636	3016	56138.8	11.000373	16.889736	232.41579	1.2708771
13584000	2211.38	636	3021	56205.23	10.733553	14.817596	144.7363	1.3184016
13600000	2223.6	636	3024	56271.23	9.962264	14.3786745	191.69467	1.0119166
13616000	1813.42	620	3025	56338.52	11.147321	15.710646	146.09148	1.078169
13632000	1697.24	576	3019	56408.22	10.9916935	16.417294	204.91817	1.0748035
13648000	2035.78	576	3019	56475.98	11.166031	17.489058	173.05196	1.0731215
13664000	2305.64	635	3019	56549.94	12.233377	19.820835	181.20099	1.3345938
13680000	2228.28	635	3024	56617.62	11.161376	17.999472	255.23273	1.1702604
13696000	2489.72	636	3024	56684.25	10.829493	17.000292	159.30736	1.3635774
13712000	2584.2	715	3023	56751.4	11.447314	17.597204	156.2066	1.1109971
13728000	2596.04	636	3023	56817.41	9.207577	13.536487	140.29492	0.9403361
13744000	2553.36	618	3024	56883.78	8.923967	12.4072275	143.74348	0.9590765
13760000	2628.2	618	3024	56950.15	7.847466	9.358975	64.08876	0.6869545
13776000	2599.08	701	3020	57016.75	7.1802297	8.528249	112.84873	0.8467444
13792000	2598.04	701	3023	57083.47	6.7228107	7.405007	73.74149	0.80348504
13808000	2698.92	809	3023	57149.03	6.553162	7.7042413	99.27522	1.016695
13824000	2327.26	620	3022	57215.38	8.147932	9.397961	104.72303	1.1945219
13840000	2399.86	636	3021	57281.55	8.327173	9.326102	76.60821	1.1596943
13856000	2610.76	636	3020	57347.8	9.262142	12.145015	182.62225	0.9969735
13872000	2332.02	626	3021	57414.15	8.888191	14.425754	222.12105	1.1883636
13888000	2384.16	626	3023	57481.14	8.289098	11.796789	201.42308	0.9010742
13904000	2541.96	635	3022	57546.96	8.500526	12.844349	175.2319	0.9943359
13920000	2543.8	620	3023	57612.64	8.016173	11.621344	181.27164	0.99260163
13936000	2667.84	618	3025	57678.73	8.039557	13.165017	206.21506	0.9246591
13952000	2398.44	618	3025	57745.86	7.4564342	13.42315	202.60873	0.98676693
13968000	2277.96	620	3025	57812.42	7.5084953	9.8820305	121.04495	0.9150802
13984000	2099.46	636	3024	57879.02	9.92628	14.199785	155.77599	1.1706998
14000000	1829.86	620	3023	57945.17	11.369493	13.247476	140.9091	1.1642272
14016000	1908.4	636	3024	58011.83	11.373181	15.542556	184.57886	1.296277
14032000	1829.6	231	3023	58078.37	11.685017	15.187576	167.06664	1.5520821
14048000	2100.78	231	3022	58144.54	12.2608185	17.576187	208.92935	1.52346
14064000	2250.8	620	3022	58211.88	14.109415	21.504606	182.55154	1.4325826
14080000	2076.4	636	3022	58278.59	13.6097145	22.037256	233.52235	1.3400834
14096000	2186.08	636	3022	58345.33	12.351675	18.7762	160.83499	1.2729378
14112000	1910.82	636	3024	58412.26	11.242375	16.509464	153.64812	1.0217435
14128000	2176.68	636	3026	58478.43	12.3867855	18.40447	206.07661	1.2875111
14144000	2725.74	231	3026	58545.12	10.999328	17.632225	194.80107	1.3488338
14160000	2337.44	231	3024	58611.93	10.960281	17.089327	202.49826	1.2193627
14176000	2328.52	231	3026	58678.34	10.497646	15.085209	139.81473	1.181615
14192000	2590.74	1305	3026	58745.18	9.951335	14.497446	184.91045	1.4454913
14208000	2568.66	636	3025	58811.92	10.679449	16.688448	166.05843	1.3965602
14224000	2475.42	620	3020	58878.4	10.905248	15.401271	196.9727	1.2250258
14240000	2489.18	786	3016	58945.11	10.474116	14.368571	190.93652	1.1120753
14256000	2581.56	620	3025	59012.14	10.113452	14.289922	182.41193	1.1564459
14272000	2529.8	620	3024	59078.06	8.476266	10.95782	119.5302	1.3588976
14288000	2321.02	626	3026	59144.49	7.2810683	11.542576	140.47464	1.0722425
14304000	2418.32	626	3026	59211.13	7.3828087	12.03626	127.93019	0.7316787
14320000	2502.06	1035	3025	59278.23	6.9826956	10.240963	84.44934	1.1573555
14336000	2418.36	635	3026	59343.31	6.892132	11.435685	155.0116	1.0501674
14352000	2289.18	635	3027	59410.11	6.4565506	9.915832	143.05852	0.87179583
14368000	2427.22	626	3027	59477.54	6.1373234	10.730765	133.19157	0.7840489
14384000	2359.54	626	3025	59543.81	6.8372765	9.368066	109.28753	0.96796656
14400000	2536.02	635	3028	59609.82	7.7960224	10.330277	114.99773	0.96288264
14416000	2723.9	620	3028	59676.48	7.6858616	12.128297	167.38069	1.0447081
14432000	2574.88	620	3024	59742.77	8.029435	11.929368	144.9414	1.1115737
14448000	2732.14	1326	3024	59808.37	7.4499755	8.591129	105.3659	0.89268553
14464000	2675.96	1326	3027	59876.01	7.3595514	8.43163	96.222885	0.96210015
14480000	2587.54	606	3027	59942.28	7.252814	8.29279	80.66226	0.93479246
14496000	2631.94	606	3027	60008.04	7.3835907	8.701422	136.61276	1.2457505
14512000	2612.06	231	3025	60073.98	7.739439	10.222202	184.45845	1.0034056
14528000	2720.06	626	3027	60140.14	6.6156473	7.772032	118.49226	1.0674601
14544000	2777.94	626	3027	60206.97	6.6376953	8.296847	90.38756	0.99092144
14560000	2632.52	715	3027	60272.64	6.108596	7.482631	109.46769	0.92817765
14576000	2458.44	620	3027	60338.36	5.600323	8.261491	161.4262	0.98466206
14592000	2493.3	620	3026	60403.71	5.3212714	6.7268167	96.376434	0.7064201
14608000	2606.36	620	3024	60470.22	4.6831574	8.243563	159.03502	0.59855473
14624000	1789.9	231	3025	60537.07	5.6076446	7.329028	60.688213	0.7321643
14640000	2222.0	715	3025	60603.73	7.5022216	11.395006	138.83702	0.82067114
14656000	2113.68	715	3025	60670.41	7.2312217	11.40326	147.40256	0.80272484
14672000	2043.0	636	3021	60736.36	7.312091	10.004191	146.49693	0.8772579
14688000	2202.36	636	3025	60802.4	9.519494	13.816726	140.55449	0.95041764
14704000	2460.28	231	3025	60867.54	9.152189	13.876076	197.57657	1.1275601
14720000	2365.02	231	3023	60934.8	9.417736	14.325588	193.1525	1.380101
14736000	2066.74	620	3022	61000.63	8.898221	13.864154	220.80536	1.1350675
14752000	2312.84	715	3024	61066.72	8.494808	13.623775	185.59988	1.3095531
14768000	2472.74	715	3024	61133.31	9.859324	16.59444	216.78969	1.392815
14784000	2376.62	707	3023	61199.65	8.788322	10.943862	115.655594	1.2914032
14800000	2373.66	707	3024	61266.12	9.1198635	12.408692	132.06747	1.3712683
14816000	2121.1	620	3024	61331.67	10.8054085	16.400425	182.15837	1.2127948
14832000	2217.6	620	3024	61396.95	9.714047	12.6165285	162.54416	1.3756846
14848000	2582.42	715	3024	61463.3	9.03516	13.206134	166.43483	1.094428
14864000	2631.44	1040	3026	61528.83	9.166211	11.57868	121.79469	1.1411182
14880000	2602.18	1040	3026	61595.08	8.143723	11.3896675	150.72934	1.0138814
14896000	2508.88	620	3026	61662.7	7.6517615	10.999984	141.21988	1.204219
14912000	2629.78	620	3025	61729.66	8.005464	11.618984	151.10722	1.1620727
14928000	2650.3	737	3025	61795.6	8.024145	12.879027	144.15228	0.7636166
14944000	2621.06	737	3024	61862.33	7.351548	8.860341	104.96147	1.0088813
14960000	2443.4	620	3024	61928.33	7.7070475	12.133222	212.03308	0.91233194
14976000	2392.72	620	3024	61995.0	7.806069	10.417224	141.20674	1.0147697
14992000	2640.42	634	3024	62061.18	7.8817143	10.606761	159.85992	0.8887444
15008000	2620.18	620	3024	62126.37	7.0085163	9.195355	97.54689	1.045312
15024000	2617.78	620	3021	62192.56	6.901164	9.5704365	180.7599	1.0538653
15040000	2715.4	1037	3016	62258.77	6.732628	12.212169	260.63672	0.850381
15056000	2773.24	1331	3016	62324.81	5.9523487	9.826666	177.6551	0.79882723
15072000	2540.68	636	3021	62391.69	6.4556456	9.412785	106.96213	0.7914633
15088000	2355.08	636	3023	62459.12	6.5073614	14.403784	311.01447	0.9132947
15104000	2572.38	1295	3025	62526.64	5.846047	8.410988	123.370705	0.7208897
15120000	2440.18	738	3022	62592.98	5.931576	8.879429	166.85307	0.6873146
15136000	2311.98	231	3022	62659.31	7.4458323	11.817067	202.48476	1.1889348
15152000	2430.9	231	3021	62726.83	5.9667754	7.5825505	117.96679	0.951936
15168000	2538.18	231	3025	62792.24	6.228316	10.936009	178.12743	0.9178864
15184000	2520.22	636	3025	62858.86	6.587219	13.329204	256.6896	0.9893532
15200000	2663.76	231	3025	62925.16	5.997509	10.756988	245.51552	0.87747455
15216000	2528.9	231	3017	62991.06	5.3804617	7.0638323	113.03435	1.0695097
15232000	2479.2	724	3021	63056.9	6.018871	12.087672	176.6758	1.039818
15248000	2577.02	724	3024	63124.96	4.9749036	7.131198	108.04013	1.0255476
15264000	2621.08	636	3024	63191.92	5.104538	8.202703	114.30503	0.93562484
15280000	2469.74	231	3023	63258.55	5.822665	9.926221	173.6763	0.860234
15296000	2440.04	231	3025	63325.39	5.8738165	8.148795	124.50501	0.7945284
15312000	2438.76	618	3023	63391.28	6.4001093	10.883954	176.6803	0.77543074
15328000	2662.18	618	3026	63458.45	5.7301135	10.238827	189.3952	0.9466309
15344000	2612.62	1412	3026	63524.67	5.5339055	12.812754	217.52533	1.0023483
15360000	2477.9	636	3024	63591.21	6.4855714	10.854815	158.10307	1.0013194
15376000	2387.26	231	3024	63656.84	6.821984	13.821211	221.16953	1.0525905
15392000	2285.56	231	3018	63723.91	7.9961424	13.584362	178.59785	1.1063108
15408000	2185.32	626	3022	63790.89	6.9740334	10.5481415	142.63774	1.0923939
15424000	2070.04	626	3025	63856.91	8.189549	13.100673	157.71281	1.1661022
15440000	1809.06	626	3025	63922.95	8.985402	13.668881	158.24936	1.0883121
15456000	1968.24	620	3023	63989.28	10.438832	16.701416	176.83318	1.2692271
15472000	1532.92	632	3022	64055.51	13.10621	21.94982	236.8006	1.56251
15488000	1892.8	636	3024	64121.97	12.861509	20.14234	244.68286	1.5181203
15504000	1934.46	636	3024	64188.48	15.292187	27.416534	297.49323	1.1218276
15520000	1983.38	636	3024	64254.11	12.871855	21.250528	233.41216	1.5024796
15536000	2159.22	636	3022	64319.24	15.812574	26.455425	341.53345	1.6955936
15552000	1991.48	599	3015	64385.91	14.073532	21.550161	224.61166	1.5422924
15568000	1497.12	636	3015	64452.8	14.150008	27.085648	367.74368	1.0940784
15584000	1949.22	626	3019	64520.19	12.47977	23.118391	301.93726	1.3241639
15600000	2536.52	626	3024	64586.67	11.25569	18.46197	182.26733	1.0342672
15616000	2804.62	636	3026	64653.3	11.556149	20.994108	249.30197	1.157289
15632000	2610.36	636	3022	64720.4	9.440115	16.911337	190.68588	1.136798
15648000	2636.22	718	3023	64787.18	8.387172	13.097364	131.45628	1.2166858
15664000	2364.54	620	3026	64853.58	8.872553	16.64482	199.03017	1.2361664
15680000	2274.12	620	3022	64919.83	7.3498683	10.908019	106.14078	0.88233817
15696000	2564.74	626	3025	64986.09	8.563501	12.878283	143.9523	1.267255
15712000	2492.52	603	3026	65052.44	8.828309	12.526956	125.10499	1.4874265
15728000	2524.86	603	3027	65119.43	9.401782	14.047951	194.62192	1.2895129
15744000	2668.62	658	3027	65184.86	9.340593	15.291483	205.99596	1.1103172
15760000	2710.28	658	3023	65251.25	8.08822	12.238005	183.01173	1.2005038
15776000	2287.5	231	3023	65317.33	8.718582	13.461888	139.76303	1.080698
15792000	2342.54	231	3024	65382.19	9.386831	15.215404	178.63309	1.0773332
15808000	2444.88	728	3026	65448.77	9.056825	13.439758	174.75479	1.1613402
15824000	2378.04	758	3026	65515.49	8.717647	14.03719	182.16724	1.0263476
15840000	2366.62	758	3025	65581.9	8.706673	12.791691	144.1298	1.1387146
15856000	2528.64	1037	3025	65648.94	9.475261	12.953384	147.19955	1.2128897
15872000	2266.6	743	3019	65714.91	11.599158	16.302193	140.82925	0.8631916
15888000	2043.92	1305	3022	65781.84	9.116356	11.716102	113.85736	0.9078654
15904000	2264.38	620	3022	65848.47	7.807466	10.980572	134.58961	1.0361522
15920000	2469.34	620	3023	65915.7	7.6106424	10.015001	121.534294	1.0244812
15936000	2538.98	1419	3023	65982.11	6.561515	7.944682	100.6733	0.8458022
15952000	2687.42	807	3023	66047.0	6.0362353	6.8539004	88.96418	0.6547318
15968000	2564.8	231	3024	66113.13	6.1157665	8.766613	106.309105	0.7570707
15984000	2111.22	231	3024	66179.57	6.264315	8.087613	88.49632	0.7959418
16000000	2116.44	443	3023	66245.55	6.813034	8.601676	132.69814	0.98349416
16016000	2390.42	443	3025	66312.75	6.6105437	9.068996	138.50313	1.040391
16032000	2358.04	811	3025	66378.59	8.326246	11.66526	221.29666	0.7676588
16048000	2192.02	231	3021	66445.34	8.251772	11.807448	232.12633	0.8349394
16064000	2369.7	231	3024	66512.41	8.8459215	11.962852	239.54218	1.2185184
16080000	2519.1	626	3024	66578.92	8.22056	9.496624	108.836426	1.1949438
16096000	2334.76	626	3022	66644.66	8.202127	11.88648	143.92708	1.0417042
16112000	1808.88	620	3016	66710.9	9.479621	13.437788	183.22093	1.0278076
16128000	1945.12	226	3024	66777.21	10.358993	13.771137	200.34462	1.1631764
16144000	1891.48	226	3024	66843.21	10.18501	14.871259	187.01242	1.1781247
16160000	2236.0	231	3026	66909.95	9.684449	13.126506	189.9798	1.1270454
16176000	2039.12	231	3023	66975.63	9.127625	11.001093	146.35599	1.2587354
16192000	2369.7	762	3026	67041.48	9.439571	13.06354	141.40149	1.2317779
16208000	2304.78	811	3026	67107.38	9.718352	14.623607	202.48172	1.1164868
16224000	2454.08	811	3025	67173.3	9.793891	12.990881	164.0313	1.1174092
16240000	2544.02	1316	3020	67238.94	7.563295	9.887439	149.7647	1.0814619
16256000	2517.96	774	3025	67304.58	8.063973	13.50262	190.90953	1.3228737
16272000	2442.56	708	3025	67370.71	7.484457	11.244392	174.52203	0.8546212
16288000	2373.72	708	3025	67437.11	7.5335965	10.807902	125.68979	0.964188
16304000	2497.36	711	3024	67502.34	7.7248397	10.848669	159.06438	1.2277123
16320000	2434.14	767	3024	67568.86	8.558811	11.944016	141.7489	1.0578486
16336000	2302.78	231	3024	67635.26	8.906732	14.159751	206.7912	1.3058726
16352000	2574.16	231	3021	67701.11	8.489233	12.008249	183.5149	1.0891901
16368000	2738.52	1671	3018	67767.76	7.414502	9.033566	104.137344	1.0367621
16384000	2654.86	1315	3018	67834.7	7.0303264	8.6881485	77.23344	1.0969923
16400000	2547.0	623	3020	67901.09	6.6311846	8.700572	117.352394	1.1562673
16416000	2558.68	623	3022	67966.72	6.606535	9.439019	156.85616	0.856463
16432000	2569.56	1312	3022	68032.57	5.773124	5.90748	48.36975	0.81827617
16448000	2419.02	618	3021	68098.24	6.796661	9.129368	124.83615	1.0497859
16464000	2395.26	618	3020	68163.9	6.488719	9.929063	212.23055	0.87235874
16480000	2582.1	776	3024	68230.8	5.818171	6.4400687	97.58337	0.99204
16496000	2419.96	776	3019	68296.82	7.2789545	10.352659	156.36159	0.9582796
16512000	2431.78	636	3022	68362.76	8.165565	10.00535	126.06296	1.0862257
16528000	2339.3	231	3022	68429.54	8.273526	9.028827	80.2605	1.2794502
16544000	2329.52	231	3024	68495.18	7.9887466	9.140564	93.76836	1.1621839
16560000	2352.38	1035	3024	68561.6	8.109617	8.697685	103.53953	1.3438156
16576000	2380.04	1324	3025	68627.77	7.295647	8.118546	85.528534	0.8717962
16592000	2430.22	231	3025	68694.32	7.581365	8.838682	92.95307	1.2178766
16608000	2440.1	231	3023	68761.86	7.2723155	9.282032	108.80629	1.0434517
16624000	2366.1	620	3023	68829.0	6.627663	9.883141	191.29231	0.75662553
16640000	2296.02	1316	3002	68896.95	6.946005	12.407067	249.15811	0.6903867
16656000	2481.9	1316	3016	68964.34	6.246323	8.431574	117.209984	0.65232986
16672000	2601.78	620	3024	69032.4	5.810335	7.126613	85.58821	0.57271445
16688000	2612.82	620	3025	69100.37	6.242806	8.10117	96.972145	0.8414022
16704000	2549.74	1129	3025	69168.25	6.707202	9.198093	98.05293	0.9785627
16720000	2543.42	231	3024	69236.36	7.0068507	10.020799	160.5287	0.90877765
16736000	2590.72	231	3024	69303.65	7.0387278	9.9102955	143.80537	1.0771675
16752000	2597.86	231	3024	69371.28	6.617876	9.951028	161.39813	0.9691329
16768000	2615.92	231	3026	69438.88	6.2891936	9.99028	141.94809	0.85694
16784000	2591.12	1016	3026	69506.48	5.7618246	9.665468	139.55968	0.7791189
16800000	2620.3	1016	3024	69574.58	5.977413	8.862073	140.49147	0.84756505
16816000	2503.42	746	3024	69642.07	5.9134073	11.477327	266.33157	0.8075491
16832000	2532.52	746	3023	69707.96	6.068053	9.118014	128.79236	0.80080503
16848000	2479.5	746	3024	69775.48	6.4672165	8.441955	133.43555	0.93684924
16864000	2666.44	620	3024	69842.13	6.7860966	9.0773735	120.59603	0.8514942
16880000	2579.04	231	3025	69910.28	7.171166	9.387579	136.7472	0.9213428
16896000	2646.52	1037	3025	69978.13	6.7888193	7.7977505	70.299095	0.9417546
16912000	2674.1	231	3026	70048.76	6.6866727	7.5596004	83.02667	1.0404173
16928000	2666.16	231	3026	70117.83	6.306363	8.083251	94.8985	0.75119996
16944000	2656.74	1037	3023	70186.68	5.6999493	7.5273533	100.159164	0.6260366
16960000	2597.28	714	3024	70254.08	5.673734	7.681897	161.22127	1.0527163
16976000	2549.18	620	3024	70321.07	5.5715756	9.387546	219.19963	0.8251759
16992000	2572.36	620	3023	70388.18	5.4098973	7.2830677	97.610466	0.99222404
17008000	2539.26	636	3025	70455.38	6.2551436	9.4995165	167.43484	1.1035491
17024000	2471.28	620	3025	70523.82	7.1496925	9.23041	141.16785	1.0391734
17040000	2382.1	620	3025	70593.01	7.0867386	8.292648	104.557945	1.054987
17056000	2553.02	620	3024	70660.11	7.354509	7.808795	80.18395	1.1663638
17072000	2582.24	1408	3024	70726.59	7.483561	8.950893	171.08162	1.1125708
17088000	2564.96	1408	3026	70794.56	6.894464	7.3380647	106.30006	1.1033641
17104000	2569.84	796	3026	70864.59	6.662747	9.967972	175.67854	0.8027674
17120000	2484.36	767	3025	70931.61	6.240635	9.136588	144.01138	0.8704716
17136000	2515.98	767	3025	70998.76	6.6812005	10.694705	145.5179	0.7361103
17152000	2535.9	490	3024	71065.92	5.9887824	8.089765	127.83507	0.8921418
17168000	2493.4	490	3024	71133.34	5.3816004	7.1723256	127.68883	0.8490213
17184000	2418.68	636	3021	71200.79	6.3919845	9.220104	124.263466	0.9507535
17200000	2287.2	231	3025	71268.28	6.6844397	8.511828	106.79783	1.004751
17216000	2357.38	231	3024	71335.88	6.988377	10.608127	158.9299	0.91306394
17232000	2409.28	231	3024	71402.62	7.5121784	10.12907	131.20448	0.9392485
17248000	2412.3	226	3023	71470.64	8.2592535	12.022307	183.63805	1.1703867
17264000	2410.34	231	3021	71538.93	8.129214	8.577238	106.07131	1.069458
17280000	2525.74	231	3023	71607.27	7.8869514	12.002489	225.33337	1.0428481
17296000	2645.92	1363	3023	71674.92	7.0178742	6.976829	86.54626	1.1803215
17312000	2457.16	659	3025	71742.4	7.2492557	9.373896	134.74127	1.0026273
17328000	2336.74	636	3025	71811.36	6.6895323	6.886784	62.220455	1.1730776
17344000	2535.22	636	3026	71880.23	6.5545774	8.475968	149.7862	0.98857707
17360000	2693.16	636	3026	71949.58	6.723794	7.062433	122.3262	1.0647684
17376000	2697.9	636	3026	72017.2	7.135953	10.25137	146.98022	1.105576
17392000	2688.08	636	3026	72086.03	6.6435204	7.21058	75.21678	0.81808937
17408000	2370.14	620	3025	72153.15	7.380315	8.8029995	128.84227	0.8938949
17424000	2233.64	620	3022	72220.68	6.914644	9.467383	108.82287	0.9161613
17440000	2330.34	231	3026	72288.39	6.451135	8.896348	117.11556	0.9403029
17456000	2423.38	231	3026	72355.32	7.174363	12.033066	168.18507	1.0262117
17472000	2720.64	1128	3025	72424.55	8.690815	13.339674	152.39594	1.0750936
17488000	2797.2	1135	3027	72490.64	8.389496	12.327922	148.61836	1.1806077
17504000	2712.06	231	3027	72557.63	7.4924707	10.614821	155.0121	1.1484323
17520000	2717.7	620	3024	72624.68	7.5411115	11.429277	173.72609	1.1134018
17536000	2285.62	636	3026	72691.53	6.2951145	7.421728	117.156204	0.962538
17552000	2174.08	636	3025	72758.65	6.560865	8.067634	134.11377	1.04964
17568000	2641.16	231	3027	72824.91	6.688403	8.21992	121.380226	1.1639853
17584000	2694.92	231	3027	72893.38	6.847287	8.173511	110.17483	1.1314484
17600000	2721.46	1045	3027	72962.16	6.536916	8.602496	150.32133	1.064625
17616000	2759.92	1305	3027	73031.01	6.1059833	7.0375896	78.63885	0.7652283
17632000	2620.74	610	3026	73097.69	5.8800807	8.638063	144.40257	0.78468174
17648000	2736.7	610	3026	73165.03	6.090385	9.290454	125.330475	0.76903015
17664000	2742.74	811	3023	73232.41	6.171177	8.458883	103.498665	0.71377766
17680000	2666.42	811	3023	73301.33	6.6346593	11.130567	177.90126	0.7478678
17696000	2629.92	636	3026	73369.8	6.241944	8.49483	96.20847	0.6778593
17712000	2582.1	802	3026	73437.69	5.9251857	7.1572013	66.05212	0.71526724
17728000	2619.2	811	3026	73504.27	6.23672	9.797031	128.94357	0.8593984
17744000	2585.98	231	3024	73573.31	6.27424	9.267513	106.35344	0.8721168
17760000	2484.28	226	3024	73640.19	7.2716837	17.20243	357.13538	1.0392759
17776000	2441.42	226	3027	73707.83	6.4105945	14.764006	260.00467	0.8265108
17792000	2559.76	231	3027	73775.35	6.5669827	14.448208	195.38013	0.9290744
17808000	2481.44	614	3025	73844.66	6.79122	15.988708	207.8357	0.9053642
17824000	2673.18	1037	3025	73913.08	5.989131	13.744823	258.71164	0.8294414
17840000	2414.76	620	3026	73979.09	6.0305867	11.381973	212.01909	0.9476199
17856000	2493.42	597	3026	74045.77	7.3188486	17.294048	319.4577	1.0152901
17872000	2621.18	635	3025	74113.64	5.397406	7.664435	140.06538	0.9327978
17888000	2640.98	1409	3026	74181.08	5.2994375	6.9996877	112.0463	0.75444865
17904000	2547.84	1317	3025	74249.28	6.223401	10.019186	163.86072	0.8820623
17920000	2344.08	620	3023	74317.61	6.1030965	8.50309	115.21133	0.9790679
17936000	2568.44	620	3023	74384.5	6.209522	9.077679	146.67525	0.99269986
17952000	2789.12	620	3026	74450.49	6.2016277	9.786217	184.43333	0.7890418
17968000	2430.6	620	3025	74517.21	6.3288245	7.5782905	82.95432	0.9665547
17984000	2339.54	620	3025	74584.32	6.808511	8.40349	116.89111	1.046016
18000000	2584.18	756	3026	74649.96	5.816982	7.498445	136.8395	0.85282445
18016000	2420.42	636	3024	74716.94	6.758288	10.129683	151.867	1.0459328
18032000	2418.76	759	3025	74783.95	6.38394	7.104568	74.72568	0.8929379
18048000	2682.84	636	3026	74850.83	7.40686	9.740517	145.47539	0.9156504
18064000	2695.68	620	3026	74917.72	7.0694165	7.9739513	80.63183	1.1561297
18080000	2474.46	620	3023	74982.64	6.971611	9.359476	111.16212	0.876957
18096000	2508.48	620	3021	75049.23	7.2265553	11.396359	237.89774	1.0485541
18112000	2725.48	1316	3024	75117.35	7.330914	13.409612	223.68945	1.1145884
18128000	2831.74	1316	3024	75183.29	6.2097754	9.276418	126.22348	1.0583062
18144000	2645.02	620	3024	75251.49	6.30965	9.445566	125.02592	0.8375932
18160000	2711.36	620	3025	75317.92	5.379918	6.907913	100.464294	0.7984966
18176000	2900.66	1844	3025	75384.37	6.189632	9.797681	163.71997	1.0252268
18192000	2796.08	712	3026	75451.49	5.8659773	9.688862	226.34036	1.027653
18208000	2738.2	231	3026	75517.68	5.4587336	8.687934	155.72337	0.93496543
18224000	2615.54	231	3023	75584.44	4.941984	6.8831577	161.12216	1.0469266
18240000	2608.38	620	3023	75651.8	5.310586	7.613105	107.2321	0.9381754
18256000	2673.58	791	3023	75717.97	5.3660984	8.6437435	196.28415	0.8028982
18272000	2759.16	636	3025	75784.16	4.9291086	7.3750725	126.52135	0.83166957
18288000	2637.3	636	3025	75851.41	5.84755	7.7119656	93.09054	1.1329663
18304000	2694.2	1033	3024	75917.79	5.871176	7.0224953	74.35947	0.96925795
18320000	2691.64	620	3024	75985.43	5.377134	5.5349245	77.544	0.9418247
18336000	2746.62	620	3023	76052.1	5.828653	6.893862	77.28421	1.0108519
18352000	2617.98	610	3024	76119.35	5.5420113	6.8485427	112.443665	0.96498513
18368000	2599.86	610	3024	76184.32	5.2032967	5.7262573	86.20757	0.7734553
18384000	2687.34	748	3026	76250.84	5.5644073	6.8762817	103.84613	0.9674382
18400000	2717.78	748	3026	76318.06	6.0521483	8.502619	100.10622	0.9000747
18416000	2713.74	223	3025	76384.14	6.269573	7.9818845	92.010025	0.7584895
18432000	2269.72	223	3026	76450.33	5.3195634	8.963341	146.99571	0.758075
18448000	2182.52	231	3020	76516.04	6.798342	8.88885	86.91779	0.9923251
18464000	2533.7	620	3026	76583.27	6.804741	9.621013	139.29854	0.923808
18480000	2563.96	620	3027	76649.73	6.3238955	8.229401	105.41333	0.8460501
18496000	2516.9	620	3027	76715.66	6.181754	7.6011014	85.00683	0.88342434
18512000	2608.66	231	3023	76781.77	6.92472	8.662832	106.28277	0.9647412
18528000	2666.26	231	3023	76848.37	7.1121173	11.010458	182.09584	1.0402988
18544000	2619.66	231	3024	76915.51	7.3397517	12.197032	202.82082	1.3675315
18560000	2604.8	231	3025	76981.87	7.0209866	11.445155	172.21117	1.0187771
18576000	2667.84	231	3027	77049.34	6.450696	9.040678	140.30496	0.85655445
18592000	2686.82	724	3027	77116.55	6.2967644	8.247869	124.4952	1.139958
18608000	2671.52	620	3024	77183.84	5.8670173	8.233178	167.98312	0.97231334
18624000	2632.28	620	3024	77249.84	6.2259846	8.071897	148.30309	1.2223338
18640000	2595.68	620	3022	77316.95	6.2321806	7.8929095	141.58003	1.0386173
18656000	2706.98	636	3022	77383.48	5.5468383	7.5821157	134.59053	1.003819
18672000	2579.02	231	3023	77449.51	5.3337927	7.373292	104.94839	0.9721273
18688000	2500.06	231	3023	77515.91	5.684754	8.264871	181.4347	0.9052703
18704000	2539.32	636	3023	77581.56	6.029919	8.084468	91.47759	0.8695433
18720000	2563.36	620	3023	77647.26	5.7063055	8.615361	142.46152	0.76168454
18736000	2449.3	620	3025	77713.8	6.4141493	10.068609	173.2655	0.8044979
18752000	2563.36	620	3027	77780.78	4.9281917	5.646384	71.50455	0.84592986
18768000	2634.08	714	3027	77847.43	5.967071	9.81653	124.03953	0.7622663
18784000	2495.56	620	3021	77914.64	5.7450733	11.199916	151.15565	0.85465586
18800000	2395.94	620	3023	77981.01	6.717334	11.21108	225.25717	1.0291005
18816000	2598.34	1035	3023	78047.12	6.3801136	10.151282	179.52945	0.7797439
18832000	2706.9	809	3023	78113.23	5.9756417	9.689343	135.18242	0.8490145
18848000	2553.76	636	3025	78179.82	6.138005	9.540943	115.50288	0.8868414
18864000	2509.4	636	3024	78246.44	6.6851892	8.960802	98.701164	1.1125908
18880000	2646.84	791	3026	78312.9	6.9926734	8.687733	102.175865	1.1051534
18896000	2709.14	620	3026	78379.55	6.089055	6.9060917	76.93492	1.1006726
18912000	2221.16	620	3024	78445.76	6.019406	7.886197	114.70666	1.0061355
18928000	2375.1	636	3021	78511.62	7.698342	11.939828	136.21683	1.0893624
18944000	2485.8	1320	3018	78577.84	7.761159	11.083244	109.01897	0.91844714
18960000	2602.48	1672	3018	78644.91	7.318196	10.666738	132.4972	0.80764186
18976000	2376.04	636	3017	78710.6	6.9953504	8.957657	112.46969	0.9109855
18992000	2389.24	712	3021	78776.39	6.9560537	8.386325	86.92895	0.77642465
19008000	2622.02	1034	3022	78841.91	6.4132733	7.911492	95.376945	0.7726816
19024000	2573.34	231	3024	78907.98	7.0004416	13.052277	208.30223	0.8526665
19040000	2530.84	722	3024	78973.84	6.2172146	9.057159	135.65779	0.92466855
19056000	2612.7	809	3021	79039.45	6.8552823	12.951918	183.72118	1.0566288
19072000	2621.12	620	3022	79105.72	5.640068	10.471211	172.687	0.82138884
19088000	2663.2	231	3023	79172.6	5.71554	10.877631	153.32356	0.76400506
19104000	2664.82	231	3025	79239.59	5.6512856	9.368156	146.38103	0.8265857
19120000	2610.56	231	3025	79305.4	6.3947287	12.939934	203.69283	0.8899741
19136000	2526.86	231	3026	79372.33	6.046956	9.000878	137.16658	1.0604274
19152000	2562.2	231	3026	79438.33	5.8112383	10.496033	192.64159	0.7829534
19168000	2662.08	748	3024	79503.82	5.861752	10.815581	173.89249	1.0611248
19184000	2305.16	231	3024	79571.05	6.3777695	12.522149	159.5362	0.7746147
19200000	2290.22	231	3024	79637.12	6.1764684	8.06493	135.42232	0.95386595
19216000	2270.88	231	3026	79703.33	7.3886056	14.12562	263.47253	1.0169084
19232000	2467.2	231	3026	79769.39	6.800034	11.112526	203.42328	1.0454195
19248000	2468.94	636	3024	79835.58	6.7174773	12.288444	205.11655	0.90856755
19264000	2347.34	231	3024	79902.01	8.088893	13.036377	189.64897	1.1434463
19280000	2407.68	231	3024	79968.94	8.498306	14.436364	205.6841	1.1587582
19296000	2534.46	231	3024	80034.41	7.142519	10.1335	161.00932	1.115643
19312000	2565.72	231	3022	80100.44	6.5765643	10.536369	144.81664	1.1813586
19328000	2647.3	231	3024	80166.93	5.978373	9.020796	139.80016	0.96348333
19344000	2815.18	231	3024	80233.34	6.2898407	9.721323	163.436	0.947983
19360000	2638.68	1036	3020	80299.36	5.6617312	8.568065	105.90818	0.94442856
19376000	2403.88	231	3024	80367.01	5.0369334	6.018907	82.33672	0.7785482
19392000	2270.44	636	3025	80434.08	5.6828074	8.664621	138.6445	0.87043154
19408000	2450.88	1035	3025	80500.38	5.8061147	7.7335496	88.57385	0.9947014
19424000	2690.9	746	3026	80565.95	6.639335	12.04551	198.06282	0.9258859
19440000	2453.02	231	3025	80631.27	6.809683	10.70573	124.515656	0.9164221
19456000	2475.36	231	3021	80697.42	7.225691	12.370451	167.0982	0.90929425
19472000	2598.68	231	3021	80764.81	6.31345	8.859296	110.432686	1.0705146
19488000	2620.24	1324	3021	80831.33	5.5739055	8.7539625	131.11827	1.0005594
19504000	2566.82	790	3021	80897.16	5.8482785	8.722504	116.91597	0.85185885
19520000	2642.66	790	3024	80963.33	5.6661806	8.250186	123.036736	0.90078866
19536000	2449.98	618	3024	81030.49	6.21613	8.429516	126.43171	0.88486123
19552000	2099.94	231	3024	81097.1	6.3597064	9.965869	172.18628	0.97427374
19568000	2553.28	618	3023	81162.87	6.3665195	7.876918	84.004585	0.95324934
19584000	2825.84	1403	3024	81230.43	7.137578	11.026384	194.13414	1.0923088
19600000	2511.54	635	3024	81296.73	6.630333	9.635237	132.31252	0.8460251
19616000	2456.28	620	3024	81363.45	6.3060236	7.8024735	91.242584	1.0551717
19632000	2658.36	620	3024	81429.1	6.175083	7.3546925	98.953255	1.0062268
19648000	2726.7	727	3024	81497.18	6.8806505	10.692416	161.84087	1.04722
19664000	2738.76	1034	3024	81563.6	5.6954355	7.2834287	145.5749	1.0096585
19680000	2630.86	620	3021	81629.51	5.575695	8.225909	145.60936	0.96345234
19696000	2640.78	620	3026	81696.44	5.029142	8.152862	172.897	0.81305146
19712000	2773.48	1385	3026	81763.83	4.9171143	7.5897465	145.00941	0.8130276
19728000	2565.32	231	3021	81830.6	4.643074	7.4182396	122.245605	0.68568397
19744000	2472.56	231	3023	81896.89	4.803733	9.061741	209.01181	0.91400623
19760000	2728.38	231	3025	81963.34	4.813687	7.1275315	103.584206	0.8071885
19776000	2557.14	636	3025	82029.97	5.1770606	9.409648	163.22966	0.69705355
19792000	2019.22	231	3023	82096.0	6.5745587	9.491799	116.36828	0.9628317
19808000	2382.18	620	3023	82162.7	5.7398186	8.184353	111.45164	0.8486344
19824000	2678.22	724	3023	82229.71	5.9714475	9.677458	162.60442	0.96504337
19840000	2649.74	1316	3024	82295.97	6.0314493	8.365103	107.54227	0.7999109
19856000	2524.42	722	3024	82361.46	5.9141397	9.368406	133.65761	1.0438706
19872000	2632.12	722	3024	82428.14	5.967463	7.5662236	89.04045	0.8384552
19888000	2724.68	1046	3025	82494.85	5.6556706	8.215924	89.19226	0.90148073
19904000	2612.56	620	3025	82561.07	5.9045877	7.92858	87.7152	0.992388
19920000	2589.04	231	3025	82626.93	5.7214007	7.144876	83.544	0.73352766
19936000	2719.88	620	3025	82692.85	5.2648525	7.5139337	139.45355	0.8224537
19952000	2694.58	620	3026	82758.74	4.8480372	5.6212893	57.793457	0.51858133
19968000	2609.6	231	3026	82824.09	5.8998632	10.699175	157.42892	0.91065073
19984000	2720.54	636	3026	82890.23	5.5180984	8.893016	162.6449	0.87083423
20000000	2697.44	231	3024	82955.28	5.4779997	6.352638	91.06029	0.7549465
