TotalEnvInteracts	AverageEpRet	MinEpRet	MaxEpRet	time
32000	651.31	217	1381	23.17
64000	640.56	217	1455	46.35
96000	705.56	217	1798	69.49
128000	665.85	222	1542	92.31
160000	603.0	217	1309	115.22
192000	688.52	215	1394	138.04
224000	642.0	217	1303	161.13
256000	619.16	217	1835	184.08
288000	604.03	217	1632	207.05
320000	642.54	217	1399	229.9
352000	674.72	217	1396	252.75
384000	688.34	222	1806	275.7
416000	640.18	217	1766	298.43
448000	632.94	215	1569	322.04
480000	647.3	217	1868	345.06
512000	618.63	218	2318	367.95
544000	665.06	217	1608	390.91
576000	640.08	215	1653	413.8
608000	683.96	217	1536	438.32
640000	621.87	215	1299	461.65
672000	728.37	217	2539	484.73
704000	656.9	217	3004	508.61
736000	663.85	217	1871	531.26
768000	698.36	215	2316	554.23
800000	635.68	218	1388	577.26
832000	680.19	222	1856	600.25
864000	575.5	218	1297	623.47
896000	617.53	218	1312	646.45
928000	658.94	217	1826	669.51
960000	647.31	218	1401	693.18
992000	674.01	222	1298	716.03
1024000	632.09	218	1290	738.68
1056000	661.83	217	1318	762.14
1088000	671.21	217	1749	785.65
1120000	544.33	217	1355	808.5
1152000	650.57	215	1307	832.05
1184000	673.65	217	2949	855.73
1216000	670.11	217	1347	879.61
1248000	660.46	218	1291	904.64
1280000	567.57	215	2310	928.78
1312000	680.51	218	2974	953.24
1344000	693.67	217	1405	978.6
1376000	627.62	215	1817	1003.81
1408000	690.91	217	1337	1028.72
1440000	715.03	217	1431	1055.74
1472000	635.47	215	1380	1082.47
1504000	658.24	222	1390	1108.02
1536000	703.94	218	2293	1134.53
1568000	618.7	215	1403	1160.53
1600000	668.52	218	1524	1186.0
1632000	652.66	215	1648	1212.81
1664000	623.7	217	1813	1239.91
1696000	655.44	218	1495	1265.36
1728000	671.89	217	1856	1292.09
1760000	651.24	218	1755	1317.95
1792000	663.35	215	1300	1343.73
1824000	693.38	217	2234	1370.87
1856000	682.62	217	1506	1395.78
1888000	683.33	222	1538	1422.95
1920000	643.75	215	1347	1448.88
1952000	672.14	215	1313	1474.68
1984000	607.7	215	1302	1501.78
2016000	643.39	222	1823	1528.68
2048000	700.92	217	2293	1555.03
2080000	592.99	215	2284	1584.22
2112000	633.15	217	1517	1611.31
2144000	679.58	215	1302	1638.58
2176000	658.6	218	2278	1664.35
2208000	683.13	217	1318	1690.71
2240000	672.99	215	1283	1716.74
2272000	673.79	217	1664	1743.06
2304000	630.43	215	2219	1769.38
2336000	669.65	215	1633	1796.06
2368000	672.3	215	1305	1822.65
2400000	716.95	223	1319	1849.11
2432000	656.06	217	1305	1874.59
2464000	643.36	215	1299	1900.16
2496000	668.76	222	2277	1926.11
2528000	618.67	217	1392	1950.98
2560000	630.66	217	1870	1975.97
2592000	683.48	222	1285	2000.25
2624000	649.69	215	1844	2025.31
2656000	659.26	217	1732	2049.72
2688000	718.65	215	1851	2073.81
2720000	653.54	222	1304	2097.99
2752000	661.3	217	1294	2122.8
2784000	642.85	218	1289	2147.3
2816000	654.6	223	1772	2172.84
2848000	654.62	223	1605	2198.68
2880000	610.19	222	1304	2223.91
2912000	611.58	217	1385	2249.02
2944000	641.33	215	1505	2274.25
2976000	703.47	217	2304	2299.13
3008000	617.87	222	1336	2324.21
3040000	704.12	218	1659	2349.38
3072000	587.83	217	1265	2374.21
3104000	616.91	215	1535	2399.27
3136000	632.39	222	1594	2425.34
3168000	623.83	217	1381	2450.14
3200000	695.64	222	1643	2475.93
3232000	685.16	217	2559	2501.03
3264000	620.85	217	1513	2526.24
3296000	597.21	223	1287	2550.94
3328000	687.51	218	1880	2576.28
3360000	654.24	217	1399	2601.31
3392000	629.18	215	1532	2628.22
3424000	627.11	215	1829	2653.55
3456000	703.76	218	2604	2678.22
3488000	678.99	217	1541	2703.31
3520000	633.38	223	1280	2727.67
3552000	662.82	215	1643	2752.18
3584000	679.67	217	1809	2776.99
3616000	705.27	217	1534	2802.81
3648000	680.9	223	1820	2829.07
3680000	694.95	223	2265	2853.65
3712000	624.51	222	1294	2878.51
3744000	608.41	215	1316	2903.91
3776000	649.28	222	1298	2929.82
3808000	645.36	217	1529	2954.74
3840000	618.99	223	1493	2979.53
3872000	689.13	215	1758	3006.14
3904000	622.03	215	1341	3030.65
3936000	585.22	222	1279	3055.79
3968000	673.25	222	1302	3081.53
4000000	620.82	215	1307	3106.75
4032000	702.72	217	1654	3132.22
4064000	656.84	218	1515	3156.61
4096000	647.4	217	1300	3181.13
4128000	623.33	217	1702	3205.39
4160000	696.86	217	1846	3231.03
4192000	659.11	217	1629	3256.62
4224000	640.97	217	1283	3281.26
4256000	630.24	215	1877	3306.99
4288000	630.09	217	1589	3332.66
4320000	704.7	223	1831	3358.22
4352000	659.86	218	1303	3383.47
4384000	602.97	217	1851	3408.95
4416000	674.5	218	1392	3434.63
4448000	687.33	215	1865	3460.55
4480000	653.16	218	1311	3485.26
4512000	690.62	215	1367	3509.86
4544000	612.71	215	1380	3534.91
4576000	645.25	217	1640	3560.47
4608000	651.12	215	1651	3585.56
4640000	613.0	223	1362	3611.0
4672000	641.1	215	1472	3635.72
4704000	681.14	217	1310	3662.34
4736000	697.06	217	1597	3687.72
4768000	612.39	217	1322	3713.52
4800000	672.45	217	1380	3740.83
4832000	645.15	218	1372	3772.17
4864000	684.89	231	1777	3805.57
4896000	662.89	218	1785	3831.11
4928000	629.4	215	1303	3856.94
4960000	688.56	222	1822	3882.31
4992000	628.42	218	1721	3909.64
5024000	662.34	215	1400	3934.87
5056000	631.96	218	1455	3962.7
5088000	671.89	215	1315	3990.32
5120000	680.53	217	1546	4016.55
5152000	660.9	217	2249	4042.25
5184000	632.37	215	1291	4068.14
5216000	690.48	217	1407	4096.22
5248000	682.11	217	1778	4122.69
5280000	648.93	218	2301	4149.84
5312000	689.94	217	1308	4175.76
5344000	640.38	215	1306	4201.38
5376000	660.48	215	1541	4229.83
5408000	660.11	222	1319	4257.78
5440000	630.07	218	1415	4282.9
5472000	652.19	215	2281	4310.03
5504000	650.84	215	1292	4335.34
5536000	619.97	217	2327	4361.76
5568000	596.69	218	1284	4390.22
5600000	687.96	222	1403	4416.68
5632000	605.54	218	1477	4442.86
5664000	649.9	215	1401	4470.32
5696000	653.45	217	1805	4496.68
5728000	609.28	217	1296	4524.51
5760000	687.51	217	1879	4551.46
5792000	671.99	217	1306	4577.77
5824000	661.19	217	1374	4605.32
5856000	667.56	215	1364	4632.61
5888000	624.64	217	1620	4660.22
5920000	649.58	217	1299	4687.34
5952000	649.35	215	1651	4714.04
5984000	593.4	215	1313	4740.82
6016000	684.14	217	1819	4766.27
6048000	609.59	215	1301	4792.63
6080000	630.96	217	1384	4819.64
6112000	682.7	217	1793	4846.77
6144000	684.78	215	2587	4873.64
6176000	626.5	217	2294	4900.71
6208000	595.89	215	1299	4927.63
6240000	646.01	215	1308	4953.84
6272000	668.48	215	2942	4979.25
6304000	701.14	215	1816	5005.3
6336000	652.67	223	1308	5030.76
6368000	668.47	215	1658	5055.73
6400000	677.12	223	1534	5080.89
6432000	619.03	218	1622	5106.89
6464000	671.94	215	1786	5132.43
6496000	701.2	218	1638	5158.14
6528000	656.34	222	1800	5183.72
6560000	703.11	215	1666	5209.01
6592000	726.57	222	1881	5234.77
6624000	660.21	223	2976	5260.3
6656000	611.54	217	1752	5285.55
6688000	704.1	218	1780	5312.83
6720000	675.45	222	1293	5338.23
6752000	640.43	217	1306	5362.77
6784000	650.91	215	2264	5388.38
6816000	581.55	217	1397	5414.07
6848000	680.05	217	1380	5439.47
6880000	644.8	223	1306	5464.96
6912000	640.15	217	2579	5490.27
6944000	641.4	217	1747	5515.2
6976000	690.25	218	2802	5541.56
7008000	655.12	215	1647	5566.34
7040000	637.63	218	1319	5591.8
7072000	638.02	217	1302	5617.17
7104000	620.64	217	1388	5643.17
7136000	680.68	222	2285	5668.52
7168000	733.63	223	1400	5694.16
7200000	707.63	215	1298	5719.92
7232000	666.39	215	1315	5746.13
7264000	647.73	223	2303	5771.33
7296000	678.35	217	1870	5795.22
7328000	690.42	217	1309	5820.74
7360000	658.2	218	1407	5847.2
7392000	619.53	218	1440	5873.07
7424000	633.06	218	1313	5898.69
7456000	639.08	215	1283	5923.8
7488000	665.67	215	1308	5950.22
7520000	596.76	217	1310	5976.87
7552000	640.23	223	1512	6001.81
7584000	619.07	215	1309	6028.52
7616000	698.0	217	1391	6053.81
7648000	711.74	218	2951	6079.35
7680000	659.84	215	1376	6105.02
7712000	714.84	218	1885	6130.71
7744000	663.09	215	1386	6156.0
7776000	619.12	215	1862	6181.05
7808000	644.21	215	1809	6205.32
7840000	635.37	223	2333	6231.35
7872000	636.35	217	1642	6257.18
7904000	625.01	217	1302	6281.92
7936000	592.81	215	1298	6308.08
7968000	678.47	215	1736	6333.02
8000000	665.97	217	2436	6357.63
8032000	661.2	215	1373	6383.28
8064000	658.4	215	1876	6408.58
8096000	636.08	215	1503	6433.5
8128000	682.78	218	1605	6459.32
8160000	617.34	218	1330	6483.92
8192000	683.4	217	1313	6508.87
8224000	705.94	217	1790	6533.36
8256000	634.91	217	1356	6559.02
8288000	660.27	218	2235	6584.27
8320000	720.51	231	1847	6609.96
8352000	658.67	215	1301	6634.06
8384000	641.89	217	1298	6659.29
8416000	613.5	215	1320	6685.26
8448000	613.56	215	1648	6710.72
8480000	604.84	215	1406	6736.92
8512000	680.9	215	2302	6762.23
8544000	605.13	222	2319	6792.58
8576000	606.3	223	1807	6818.86
8608000	643.51	217	2284	6846.51
8640000	597.03	217	2841	6872.21
8672000	665.13	218	1295	6899.84
8704000	637.11	218	1487	6927.32
8736000	660.82	217	2470	6953.97
8768000	651.79	222	2193	6981.01
8800000	634.12	218	1296	7007.62
8832000	606.22	218	1505	7034.43
8864000	602.41	215	1512	7060.37
8896000	656.23	223	1307	7087.27
8928000	716.02	226	1852	7114.6
8960000	697.34	217	2196	7140.62
8992000	663.8	218	1464	7168.59
9024000	670.78	215	1396	7194.61
9056000	640.92	218	1293	7220.23
9088000	609.3	217	1883	7247.39
9120000	650.16	218	1890	7273.24
9152000	641.59	215	1621	7300.33
9184000	622.96	218	1665	7326.72
9216000	614.31	215	1534	7353.66
9248000	652.96	217	1389	7379.21
9280000	601.74	215	1287	7405.4
9312000	648.06	218	2266	7431.69
9344000	679.55	223	1790	7457.75
9376000	647.67	215	1389	7485.34
9408000	617.9	218	1605	7511.52
9440000	670.1	217	1314	7536.56
9472000	668.27	217	1493	7562.94
9504000	764.24	223	1540	7588.52
9536000	644.44	217	1303	7613.27
9568000	616.69	215	1644	7639.27
9600000	657.26	217	1300	7665.0
9632000	683.51	218	2498	7691.34
9664000	668.34	215	1877	7717.02
9696000	665.85	218	1811	7742.11
9728000	637.13	217	1301	7766.96
9760000	613.79	217	1872	7792.4
9792000	665.24	218	1659	7818.66
9824000	704.77	217	1650	7843.58
9856000	631.4	217	1624	7869.96
9888000	597.83	217	1318	7894.99
9920000	681.96	222	1398	7920.27
9952000	675.68	218	1633	7946.28
9984000	692.42	215	1825	7971.32
10016000	634.86	217	1313	7995.86
10048000	622.15	222	1519	8021.03
10080000	698.98	218	1362	8045.07
10112000	702.77	215	1862	8069.57
10144000	600.94	217	1336	8093.89
10176000	665.69	217	1585	8118.27
10208000	669.48	222	2530	8142.78
10240000	680.84	223	1799	8167.44
10272000	646.78	217	1317	8192.21
10304000	633.73	217	1639	8216.69
10336000	691.94	223	1631	8241.86
10368000	738.94	222	1800	8266.47
10400000	664.46	218	2554	8291.25
10432000	678.51	222	1354	8315.68
10464000	659.84	217	2935	8340.51
10496000	667.36	223	1316	8364.52
10528000	665.86	217	1309	8389.66
10560000	686.82	222	1313	8414.48
10592000	645.11	217	1312	8439.6
10624000	746.18	222	2236	8463.83
10656000	716.85	217	2576	8488.63
10688000	633.38	218	1296	8514.09
10720000	659.04	215	1490	8538.04
10752000	662.36	218	1345	8562.67
10784000	627.94	215	1362	8587.33
10816000	648.06	223	1862	8612.57
10848000	657.65	217	1863	8637.17
10880000	658.85	217	1308	8661.33
10912000	683.34	217	1858	8686.75
10944000	637.82	217	1522	8711.2
10976000	687.27	217	1815	8735.15
11008000	602.91	215	1367	8759.81
11040000	709.9	222	1355	8785.61
11072000	659.37	223	1416	8810.15
11104000	631.93	215	1300	8834.94
11136000	631.88	217	1310	8858.96
11168000	626.09	215	1351	8883.51
11200000	647.08	215	1301	8908.21
11232000	677.41	223	1615	8933.18
11264000	652.48	215	1792	8956.79
11296000	606.57	217	1288	8981.29
11328000	586.22	215	1724	9006.5
11360000	654.59	217	1387	9030.64
11392000	680.82	217	1594	9054.92
11424000	614.16	215	1792	9079.95
11456000	674.32	217	1308	9104.44
11488000	692.28	217	1763	9130.11
11520000	701.84	215	1813	9154.61
11552000	644.23	217	1310	9179.53
11584000	689.11	223	2979	9204.24
11616000	691.95	217	1621	9228.94
11648000	636.7	215	2902	9253.25
11680000	674.54	218	3006	9277.63
11712000	649.43	217	1343	9302.46
11744000	673.33	215	1850	9328.22
11776000	598.52	217	1296	9353.24
11808000	703.6	215	1801	9376.81
11840000	611.19	218	1310	9401.3
11872000	652.76	217	1791	9426.09
11904000	723.7	215	2994	9451.15
11936000	650.95	223	1397	9476.43
11968000	633.07	215	1520	9501.09
12000000	662.8	222	1355	9526.02
12032000	691.77	215	1875	9550.69
12064000	642.67	215	1809	9574.44
12096000	643.31	217	1393	9598.45
12128000	757.77	223	2743	9624.25
12160000	667.68	215	1704	9648.91
12192000	649.26	217	1722	9672.95
12224000	643.1	217	1653	9697.54
12256000	694.06	218	1819	9722.21
12288000	702.24	218	1620	9746.84
12320000	692.49	217	1532	9772.22
12352000	690.06	218	1820	9796.19
12384000	668.7	218	2243	9821.15
12416000	613.97	217	1300	9847.88
12448000	635.43	223	1310	9873.92
12480000	623.44	217	1403	9899.22
12512000	681.57	217	1890	9924.74
12544000	682.13	215	2946	9950.12
12576000	604.97	217	1748	9974.9
12608000	718.35	217	2236	10000.16
12640000	669.23	222	1297	10025.12
12672000	671.57	217	1783	10050.59
12704000	658.85	215	1346	10077.55
12736000	661.59	217	1531	10102.03
12768000	623.35	217	2302	10127.52
12800000	663.44	217	1301	10152.62
12832000	659.42	217	1664	10177.91
12864000	670.0	218	1867	10203.18
12896000	671.33	217	2930	10227.72
12928000	639.31	217	1275	10252.47
12960000	659.58	218	1293	10277.89
12992000	650.47	217	1312	10303.57
13024000	667.59	217	1855	10328.42
13056000	677.76	215	1299	10352.81
13088000	655.26	217	2516	10377.98
13120000	707.57	217	1659	10403.5
13152000	731.81	215	1758	10427.73
13184000	662.09	217	1307	10452.94
13216000	679.03	217	1631	10477.84
13248000	677.69	217	1301	10503.38
13280000	687.66	222	2869	10528.41
13312000	628.05	218	2546	10553.74
13344000	654.22	222	1360	10577.78
13376000	647.44	222	1551	10602.62
13408000	579.06	215	1305	10627.98
13440000	614.19	215	1856	10652.82
13472000	663.88	215	2437	10678.96
13504000	709.34	218	1292	10704.72
13536000	598.27	217	1491	10729.73
13568000	661.25	217	1307	10754.96
13600000	692.8	223	1800	10779.82
13632000	623.87	218	1874	10805.21
13664000	693.47	217	1645	10831.78
13696000	636.0	218	1302	10856.4
13728000	625.13	217	1315	10881.38
13760000	632.57	218	1530	10906.71
13792000	666.15	222	1807	10932.21
13824000	614.89	215	1289	10957.25
13856000	585.83	217	1298	10983.04
13888000	624.37	217	1356	11007.87
13920000	661.18	222	2931	11032.27
13952000	680.44	215	1650	11056.95
13984000	605.8	217	1510	11081.06
14016000	684.72	215	2530	11106.44
14048000	636.1	215	2881	11131.88
14080000	695.11	226	2902	11157.92
14112000	649.85	217	1314	11183.1
14144000	667.22	218	1322	11209.31
14176000	657.28	223	1519	11234.95
14208000	651.75	218	1817	11259.18
14240000	643.75	223	1315	11283.91
14272000	629.13	223	1657	11307.56
14304000	670.51	215	2255	11331.82
14336000	655.37	218	1835	11356.03
14368000	657.84	215	1395	11381.45
14400000	646.79	217	1266	11405.95
14432000	675.38	215	1885	11430.48
14464000	673.52	222	1455	11455.29
14496000	671.53	218	1380	11480.17
14528000	698.83	217	1352	11505.76
14560000	652.95	217	1326	11530.16
14592000	627.57	217	1300	11554.74
14624000	587.64	215	1513	11580.03
14656000	663.14	215	2293	11604.61
14688000	689.26	217	1844	11629.21
14720000	685.57	217	1854	11654.04
14752000	682.87	215	1366	11679.31
14784000	656.38	215	1865	11703.45
14816000	654.99	222	1652	11727.12
14848000	602.16	218	1294	11751.17
14880000	614.48	215	1374	11776.32
14912000	724.2	223	1614	11801.71
14944000	608.73	217	1801	11826.63
14976000	666.63	217	1291	11851.22
15008000	629.48	217	1527	11876.31
15040000	663.89	215	2991	11901.08
15072000	652.77	218	1610	11925.3
15104000	642.45	215	1393	11950.03
15136000	631.19	215	1787	11974.67
15168000	704.29	218	1397	11999.36
15200000	671.89	222	1830	12024.11
15232000	681.77	218	1830	12049.56
15264000	654.97	215	1570	12074.15
15296000	696.68	215	1398	12098.33
15328000	652.72	218	1330	12122.16
15360000	656.67	215	1844	12145.82
15392000	664.59	218	1800	12170.96
15424000	635.71	215	1346	12196.32
15456000	640.6	217	2980	12220.81
15488000	648.18	223	1365	12246.71
15520000	646.64	217	1683	12273.22
15552000	686.72	215	1504	12297.41
15584000	649.19	222	1372	12321.94
15616000	719.84	222	1639	12346.43
15648000	633.35	217	1325	12370.54
15680000	607.76	217	1346	12395.47
15712000	679.82	222	1373	12421.09
15744000	627.02	222	1386	12446.17
15776000	677.07	217	1363	12471.05
15808000	683.81	217	1636	12495.94
15840000	664.99	223	1624	12520.82
15872000	705.77	215	1797	12545.26
15904000	630.97	217	1305	12569.16
15936000	626.95	223	1309	12594.59
15968000	660.34	215	1297	12619.09
16000000	615.73	215	1380	12643.81
16032000	679.95	215	1833	12668.37
16064000	659.84	218	1512	12692.88
16096000	647.89	218	1520	12717.28
16128000	665.25	215	1781	12742.87
16160000	660.05	215	1297	12767.53
16192000	640.24	218	1321	12791.49
16224000	600.05	217	1047	12816.81
16256000	652.79	217	1394	12841.63
16288000	596.15	218	1639	12868.06
16320000	631.35	215	1356	12893.56
16352000	621.66	217	1864	12919.08
16384000	619.46	217	1348	12945.37
16416000	656.59	217	1316	12970.52
16448000	698.75	218	2288	12995.33
16480000	635.12	215	1408	13020.92
16512000	651.36	215	1893	13047.21
16544000	676.48	218	1364	13072.75
16576000	649.4	215	1501	13097.89
16608000	671.44	217	1642	13122.83
16640000	683.04	222	1621	13149.67
16672000	692.27	217	1793	13175.47
16704000	629.06	217	1854	13200.19
16736000	642.33	218	1319	13225.07
16768000	639.3	215	1296	13250.22
16800000	702.4	222	1550	13275.62
16832000	645.33	218	1298	13301.83
16864000	628.16	218	1379	13327.91
16896000	650.42	218	1289	13353.81
16928000	596.85	215	1302	13381.4
16960000	644.51	215	1800	13406.68
16992000	759.37	215	2896	13432.38
17024000	687.69	217	1304	13457.99
17056000	672.81	218	1391	13485.04
17088000	665.56	217	1314	13510.12
17120000	658.52	222	1813	13536.3
17152000	677.99	218	1870	13562.07
17184000	643.67	217	1304	13587.34
17216000	653.68	215	1632	13612.63
17248000	653.99	217	1347	13638.51
17280000	649.8	218	1658	13664.64
17312000	667.2	217	1363	13690.94
17344000	625.25	218	1285	13715.97
17376000	689.87	218	1519	13740.99
17408000	664.84	223	1812	13766.96
17440000	649.78	218	1296	13792.83
17472000	702.85	223	1395	13818.05
17504000	641.04	217	1306	13843.43
17536000	636.38	217	1631	13868.65
17568000	682.42	215	1551	13893.63
17600000	670.16	217	1766	13919.23
17632000	663.67	217	1513	13944.96
17664000	644.72	215	1387	13970.7
17696000	662.4	215	1818	13997.33
17728000	658.76	218	1322	14023.95
17760000	666.71	215	1888	14048.49
17792000	645.47	218	1673	14074.22
17824000	698.13	223	1310	14099.55
17856000	729.27	223	1869	14124.24
17888000	556.2	222	1290	14148.96
17920000	617.32	217	1867	14173.96
17952000	654.35	218	1832	14198.48
17984000	683.95	215	1361	14223.73
18016000	710.29	215	1889	14249.12
18048000	686.71	217	1595	14273.91
18080000	700.06	217	1577	14298.52
18112000	673.19	218	1851	14324.02
18144000	710.23	226	1657	14348.54
18176000	673.48	218	1821	14374.25
18208000	664.49	217	1863	14399.55
18240000	620.26	215	1326	14423.97
18272000	680.47	215	1772	14448.99
18304000	666.29	222	1664	14473.13
18336000	635.18	215	1313	14497.96
18368000	632.57	217	1819	14522.58
18400000	673.28	215	1502	14548.55
18432000	646.16	217	1785	14572.89
18464000	627.3	223	1393	14597.73
18496000	654.57	217	1287	14622.97
18528000	657.16	215	1297	14647.13
18560000	705.67	222	1877	14672.45
18592000	581.34	217	1653	14696.71
18624000	608.22	215	1315	14721.3
18656000	674.14	217	1300	14746.32
18688000	602.37	217	1874	14771.62
18720000	696.88	217	1642	14796.06
18752000	662.01	218	1819	14821.03
18784000	694.93	217	1768	14846.35
18816000	640.13	215	1377	14870.25
18848000	600.21	215	1877	14893.43
18880000	662.55	217	1773	14918.3
18912000	644.41	215	2979	14943.27
18944000	643.08	215	1282	14967.53
18976000	656.41	217	2926	14992.14
19008000	614.59	222	1386	15016.71
19040000	650.41	217	1301	15041.32
19072000	652.25	222	1339	15065.76
19104000	633.22	217	1496	15089.99
19136000	672.39	217	1640	15114.18
19168000	663.69	215	1507	15139.12
19200000	689.78	218	2273	15163.51
19232000	661.6	215	1396	15187.88
19264000	700.86	218	1879	15212.38
19296000	642.17	215	1311	15237.6
19328000	638.52	217	1882	15262.21
19360000	678.08	215	1312	15286.27
19392000	735.43	217	1812	15310.73
19424000	654.93	215	1792	15335.16
19456000	706.06	223	1296	15359.74
19488000	702.13	217	1345	15384.33
19520000	670.02	215	1771	15408.84
19552000	691.95	215	1377	15432.79
19584000	583.56	217	1299	15457.24
19616000	632.52	215	1526	15481.47
19648000	693.27	215	1310	15505.85
19680000	659.94	218	1534	15530.22
19712000	662.99	215	1323	15555.07
19744000	638.84	217	1308	15579.42
19776000	590.28	218	1301	15604.55
19808000	606.21	217	1397	15629.41
19840000	664.12	215	1458	15653.36
19872000	644.49	215	1832	15678.34
19904000	646.01	218	1378	15702.69
19936000	696.21	215	3004	15728.24
19968000	659.49	218	1359	15752.34
20000000	709.61	217	1853	15776.5
