TotalEnvInteracts	AverageEpRet	MinEpRet	MaxEpRet	time	Averageloss	Stdloss	Maxloss	Minloss
16000	426.32	120	1144	73.59	0.36923048	0.25097054	2.1370425	0.044683695
32000	411.88	113	1170	148.39	1.4080067	0.75195825	5.9845705	0.30313396
48000	501.84	111	1214	224.22	3.1136143	1.7684742	11.569055	0.46175548
64000	446.74	120	1014	303.04	4.8836226	2.6933553	19.121883	0.89607
80000	530.84	113	1075	379.76	6.290598	3.5566258	26.909218	1.0669212
96000	457.88	113	1025	456.9	7.733839	4.3724356	26.962439	1.4267321
112000	489.78	120	1203	534.97	8.915011	5.1365633	39.554802	1.3284003
128000	573.74	120	1212	614.73	9.505586	5.45813	42.157806	1.6466677
144000	581.34	120	871	695.02	9.37892	5.780728	34.607647	1.6871142
160000	661.06	113	1035	775.33	8.602866	5.8506975	35.85472	1.667851
176000	651.66	113	808	856.71	7.6735625	5.778377	41.398136	1.3384295
192000	668.52	113	1011	937.46	7.0395646	5.6086946	38.852287	1.1271464
208000	681.78	113	1070	1017.8	7.257612	5.6941905	42.49293	1.2028426
224000	669.18	113	1070	1099.05	6.2373047	4.7082214	39.686176	1.0999547
240000	618.16	113	1062	1180.52	5.500981	4.455065	35.633453	0.6639157
256000	506.1	113	832	1261.74	5.7054276	4.4895835	44.339172	0.78588676
272000	664.26	113	843	1342.82	5.4980435	4.241354	36.18773	1.0020987
288000	600.92	113	1012	1423.99	5.3372416	3.9457614	35.571167	0.77441037
304000	691.56	194	829	1504.92	4.834086	3.2901292	24.292744	0.6517805
320000	673.82	194	1005	1586.31	4.4181385	3.625441	48.547855	0.4876595
336000	709.08	194	1158	1667.73	4.689819	3.7764359	46.711327	0.58017397
352000	587.28	194	1037	1749.32	4.7001534	3.9095242	28.803593	0.41234806
368000	541.52	-101	841	1831.57	4.754787	4.439271	29.37567	0.3914374
384000	500.1	-101	1026	1913.7	4.288574	4.6761646	38.253605	0.46336573
400000	630.02	-101	1001	1995.42	4.7533593	5.893944	91.283875	0.49438238
416000	695.66	-101	881	2076.55	4.3197775	5.5801578	41.39918	0.47174448
432000	766.08	-101	972	2158.76	5.0540366	7.6653094	50.904022	0.41167185
448000	771.06	527	1054	2242.28	5.02395	7.713684	59.19908	0.3888986
464000	769.86	120	1611	2328.54	5.032462	8.480918	65.10021	0.42550632
480000	764.18	120	1611	2414.83	5.822417	9.611769	76.84875	0.2655873
496000	741.18	-133	1171	2499.73	7.1549735	10.561533	81.5293	0.32118577
512000	727.96	-133	1912	2585.1	7.091235	10.895889	84.83125	0.2949562
528000	808.34	468	2181	2669.25	7.162692	11.10176	76.74721	0.26480234
544000	857.32	120	2181	2752.98	6.5549674	11.086749	92.11546	0.28534168
560000	752.28	-101	1179	2836.58	6.825045	11.400697	68.55827	0.33312267
576000	751.5	267	1216	2920.57	6.8244777	10.8877945	78.23844	0.36573738
592000	829.28	372	1653	3004.03	7.084341	10.162185	54.626465	0.5563749
608000	805.98	194	2334	3088.05	8.6434965	10.914925	76.3886	0.5854243
624000	799.34	523	1081	3171.82	7.807417	9.442938	53.31756	0.41147804
640000	871.92	712	1812	3255.87	8.333229	10.222148	72.41712	0.56013197
656000	781.58	120	1033	3339.26	9.134492	11.126578	79.08346	0.32839927
672000	845.16	389	1599	3423.4	9.007778	10.720574	85.11464	0.50127304
688000	923.62	406	1833	3506.88	9.183063	10.965271	69.02623	0.6167565
704000	902.62	194	1896	3590.63	8.6434555	10.156846	77.92768	0.5495742
720000	816.96	120	1794	3673.99	8.820058	10.85231	67.58194	0.63631386
736000	795.48	550	1003	3757.63	8.760334	10.60248	66.02484	0.6581142
752000	940.02	724	1826	3841.21	9.4883375	11.790507	73.48743	0.68647754
768000	924.2	689	2061	3925.18	9.649733	11.589005	81.33054	0.74237835
784000	994.32	754	2023	4009.71	10.644074	12.764516	81.90004	0.5674968
800000	915.42	772	1992	4093.36	10.109627	11.485133	70.26924	0.57235575
816000	865.46	729	1525	4177.21	11.482496	11.857705	74.32231	0.8794489
832000	871.48	367	1766	4261.94	11.24895	10.732089	82.69264	0.81947243
848000	925.58	401	1829	4345.69	10.841613	11.257742	105.87332	0.85323614
864000	921.34	365	1947	4428.7	11.531946	12.206984	81.316505	1.0590942
880000	957.9	194	2117	4512.08	10.439056	10.110496	57.92043	0.9617012
896000	1018.48	-69	1825	4596.96	10.320553	10.12744	74.2431	0.671025
912000	1015.0	394	1823	4681.4	9.904591	9.628908	71.429405	1.0189904
928000	905.74	194	1840	4765.41	10.072543	11.208231	83.758545	0.82719105
944000	1080.22	578	2343	4849.08	11.369621	11.691866	75.754486	1.0358465
960000	1131.06	194	2167	4933.45	10.8824	10.374196	70.41254	1.170824
976000	1049.54	194	2272	5017.41	10.992019	11.071056	91.93633	1.28403
992000	1267.68	194	1839	5101.52	11.484377	11.376538	103.03578	1.191715
1008000	1225.9	120	1838	5185.81	11.295769	11.293855	74.8411	1.1678159
1024000	1196.96	194	2343	5269.53	10.242845	10.830521	104.19771	1.2889763
1040000	1372.82	194	2413	5353.62	9.690457	10.504041	73.68133	0.9560758
1056000	1120.18	194	1837	5437.46	8.62382	9.527372	72.14994	1.1624365
1072000	904.36	194	1994	5521.7	8.755779	10.250077	85.24339	1.1976974
1088000	1064.14	194	2133	5605.82	8.487491	10.098568	110.83629	1.059896
1104000	854.84	120	2183	5689.8	8.282208	10.565074	99.60702	0.60302126
1120000	1145.16	194	2002	5773.97	9.193773	10.40434	99.26386	1.2906275
1136000	659.42	194	2134	5858.18	10.37404	12.237157	108.25252	1.1785301
1152000	623.8	194	1990	5942.17	10.954229	11.1539	91.50697	1.3062121
1168000	444.58	120	2008	6026.32	12.298094	12.80659	104.26725	1.0377977
1184000	236.9	120	869	6110.12	15.343033	16.245356	99.64455	1.0782497
1200000	659.16	120	2154	6194.05	17.44979	18.308455	140.17714	1.4357162
1216000	633.36	120	2160	6277.83	17.359226	19.060003	139.23364	1.3759294
1232000	862.98	133	2183	6361.53	17.696024	19.235254	137.04819	1.2245305
1248000	1290.18	120	2193	6445.38	19.309351	24.568317	176.31738	1.1643915
1264000	1119.48	777	2167	6530.06	17.528824	19.924093	142.63351	1.494869
1280000	1100.58	589	2349	6614.2	19.157164	21.359701	127.29463	1.8965394
1296000	914.06	582	2149	6699.17	15.003281	17.120453	127.469055	1.2973238
1312000	1304.58	785	2194	6783.19	12.811449	14.605638	95.67169	1.886975
1328000	1460.2	774	2639	6867.05	10.636156	12.879426	150.79361	1.2919974
1344000	1534.72	194	2200	6952.36	9.677265	11.228101	100.958336	1.3143387
1360000	1550.36	733	2199	7039.96	7.852708	8.160168	68.62592	0.99081093
1376000	1713.84	581	2663	7128.19	7.6847777	8.840626	143.5773	1.1695292
1392000	1495.78	412	2339	7217.09	8.415561	9.46662	99.72745	1.4303893
1408000	1558.82	397	2189	7309.3	7.619377	7.82917	104.37732	1.3164182
1424000	1701.56	543	2192	7399.94	9.0021515	10.5625305	108.80672	1.5360366
1440000	1627.98	587	2228	7491.52	9.057559	10.181858	119.60479	1.4806515
1456000	1547.66	120	2203	7578.5	8.306307	11.2021	122.39087	1.2543916
1472000	1685.7	580	2335	7666.75	9.256992	11.477862	100.963135	1.2199359
1488000	1738.94	784	2342	7753.6	11.093016	14.772862	111.9079	1.5900545
1504000	1615.68	120	2733	7841.36	11.081834	14.044702	122.29371	1.4837921
1520000	1765.82	782	2185	7929.41	10.682278	14.437723	142.29765	1.2818081
1536000	1687.64	774	2772	8016.51	9.224233	12.667867	111.3091	1.1802037
1552000	1772.14	787	2785	8103.72	10.315704	14.897473	129.93753	1.3698823
1568000	1940.3	580	2797	8191.89	7.7737827	11.735651	124.19953	0.923951
1584000	1659.4	589	2759	8280.94	7.578194	11.001702	116.14763	1.1646135
1600000	1851.76	133	2345	8370.25	6.769653	8.468138	82.04451	1.2221574
1616000	1774.64	133	2802	8459.67	6.052872	7.9372454	97.3402	1.0983285
1632000	1803.92	194	2358	8548.6	6.6588593	8.980133	108.7991	0.9972487
1648000	1588.8	194	2219	8635.78	6.809164	10.812882	142.3232	0.88323534
1664000	1923.8	-69	2184	8724.91	6.256587	8.899932	98.22179	1.0307235
1680000	1878.3	-69	2219	8814.44	6.7697463	9.338377	89.87447	1.0413897
1696000	1738.62	120	2770	8902.79	6.2183113	9.14668	124.10615	0.95058423
1712000	1885.2	1034	2348	8990.85	5.7325897	8.661829	151.05264	0.74487555
1728000	1697.46	194	2415	9080.6	6.048734	9.795877	123.07933	0.7844617
1744000	1802.0	773	2709	9168.5	5.774649	8.399375	119.36374	0.8962499
1760000	1584.78	194	2797	9255.64	6.824737	11.30697	130.70482	1.0600975
1776000	1788.6	194	2798	9342.51	7.1284866	12.300264	138.74895	0.8509614
1792000	1906.78	750	2740	9429.87	6.778914	9.914435	120.644196	0.8491891
1808000	1852.86	194	2795	9516.35	6.9892697	10.655979	121.329956	0.8957504
1824000	1980.2	788	2773	9603.31	6.5258584	7.7896705	77.18252	0.82236373
1840000	1960.58	788	2774	9689.83	6.7481046	10.603404	113.457535	0.889791
1856000	1872.78	765	2801	9777.2	6.2378693	9.960478	121.84867	0.68789697
1872000	2036.04	780	2791	9864.69	5.7649965	7.944416	103.859604	1.0897009
1888000	1802.56	582	2802	9952.07	5.5874376	7.8318014	97.2457	0.95683527
1904000	1803.2	582	2802	10039.85	5.9723234	10.855301	190.82214	0.73452836
1920000	1891.24	764	2803	10128.63	6.103512	9.336085	144.86235	0.6123359
1936000	1831.46	780	2803	10217.04	7.0628114	12.002199	138.26413	0.5687072
1952000	2029.52	792	2797	10307.14	6.754499	10.45509	135.47809	0.82288325
1968000	2089.8	787	2803	10396.07	6.9750457	10.8255415	123.82609	0.7402326
1984000	2082.48	576	2803	10484.96	7.124492	13.545568	325.6432	0.81172603
2000000	1916.2	120	2794	10573.86	7.5817337	13.127972	135.79413	0.8132927
2016000	1916.92	785	2803	10661.42	7.078847	9.505222	98.87239	0.7156006
2032000	1832.68	780	2799	10747.19	7.510634	9.755959	90.649994	0.77347547
2048000	1872.28	120	2803	10835.68	7.886093	10.161735	146.4534	0.8419603
2064000	1558.16	783	2803	10923.58	9.002008	13.0020485	129.12845	0.92402554
2080000	1520.06	120	2800	11012.43	10.280739	15.347361	188.43526	0.724031
2096000	1750.68	397	2804	11102.39	11.137002	16.926147	159.33691	1.3012408
2112000	1660.84	742	2804	11189.98	11.555465	16.087149	127.48759	1.030917
2128000	1879.26	587	2802	11278.2	10.489293	14.812731	188.98459	1.0982156
2144000	1683.7	773	2803	11365.88	9.429186	12.62048	105.97799	0.92566985
2160000	1902.6	786	2803	11455.36	8.780726	11.676146	119.59967	0.8997954
2176000	1798.5	783	2803	11543.74	8.201	11.061162	104.44974	0.99627244
2192000	1822.66	783	2804	11631.88	7.3208327	10.214625	125.09475	0.80934733
2208000	1805.42	589	2805	11720.67	6.8128076	9.972671	126.785194	0.88515025
2224000	1836.76	797	2804	11809.61	6.020504	7.468523	121.790726	0.90646994
2240000	1519.12	120	2804	11898.11	7.1373944	11.625055	120.12914	0.683414
2256000	1990.76	782	2802	11988.21	6.8582015	9.794285	138.5297	0.76795495
2272000	1486.48	589	2805	12077.68	7.449995	9.971511	98.50654	0.9049715
2288000	1831.16	589	2805	12167.74	8.209124	11.134785	164.60617	0.9924561
2304000	2055.06	589	2805	12257.33	7.8628397	10.541802	113.99093	1.0700464
2320000	1928.08	386	2804	12345.96	8.704424	12.781069	120.96255	1.0296973
2336000	2006.34	790	2806	12434.78	8.703181	12.258199	151.45128	1.1331762
2352000	2139.66	133	2803	12524.58	8.383722	10.004621	100.5716	1.0926305
2368000	2149.26	579	2803	12614.03	7.697877	11.045789	148.04842	0.910876
2384000	2212.64	587	2804	12700.79	7.6849866	10.722389	124.455696	0.781374
2400000	2196.08	766	2804	12788.37	6.7814956	8.889772	113.233765	0.85843515
2416000	2153.74	589	2804	12878.85	7.5971303	12.282983	157.19666	0.9426008
2432000	1988.04	120	2805	12967.77	5.6885104	8.096757	96.44003	0.8872199
2448000	1956.04	751	2804	13056.04	6.110179	10.344104	125.044785	0.8295065
2464000	1968.34	120	2804	13143.38	6.091097	11.331635	142.4388	0.8070019
2480000	2083.58	582	2804	13231.51	6.5353656	11.136189	133.84076	0.6472751
2496000	2296.86	877	2804	13320.09	5.9438133	10.958611	173.49579	0.7289247
2512000	2223.9	786	2804	13410.57	7.052882	11.611973	109.39534	0.5559608
2528000	2069.42	133	2804	13497.61	6.2503567	11.716424	104.910194	0.38633472
2544000	2327.82	133	2805	13587.49	5.250151	9.746528	96.887405	0.5183667
2560000	2270.66	588	2805	13678.42	4.6523886	8.658813	85.296165	0.4603676
2576000	2011.86	194	2805	13767.31	5.2452607	10.73462	111.72343	0.46383077
2592000	1960.48	194	2803	13855.79	5.4534116	10.865524	119.727	0.5345781
2608000	2294.3	707	2804	13945.38	4.7394834	7.6652036	62.41603	0.5752774
2624000	2356.12	786	2804	14035.32	4.6071744	7.96906	90.806656	0.5777496
2640000	2354.18	194	2804	14125.26	4.701421	8.203992	98.301605	0.66587603
2656000	2148.68	588	2801	14213.1	5.3737373	9.040307	97.42312	0.66332096
2672000	2193.14	783	2804	14301.1	5.065122	7.540084	80.332954	0.7672351
2688000	1930.08	194	2804	14386.54	5.304892	8.536969	93.29704	0.5857408
2704000	2170.52	194	2804	14473.82	4.7273684	8.461102	106.07963	0.53385645
2720000	2032.26	194	2804	14561.3	5.1243143	9.468004	99.817856	0.683461
2736000	2152.12	194	2803	14649.66	5.668004	10.555719	129.60529	0.6698075
2752000	2332.46	194	2805	14738.99	5.734496	10.70066	128.51204	0.5568944
2768000	2363.86	133	2806	14827.81	5.8054805	12.3679905	197.53792	0.59443533
2784000	2377.06	133	2806	14914.47	5.110752	9.974873	141.08914	0.5842178
2800000	2265.84	586	2806	15001.91	4.3254356	7.741696	100.995384	0.46675748
2816000	2329.78	586	2806	15090.71	5.257221	12.424606	256.2106	0.62030804
2832000	2157.56	769	2804	15178.46	5.1799617	9.762429	145.48737	0.6121691
2848000	2212.74	764	2806	15265.17	4.9669952	8.737574	109.6463	0.61163044
2864000	2468.32	764	2806	15355.38	3.9540298	6.5858088	95.38772	0.39673972
2880000	2448.34	844	2806	15442.93	4.1916895	8.350729	150.48883	0.46771118
2896000	2337.3	589	2804	15529.64	3.433385	5.337481	74.14706	0.5014275
2912000	2291.18	589	2804	15616.59	4.5107303	8.116996	114.64053	0.5738586
2928000	2152.5	589	2804	15701.82	4.5504665	9.745505	148.74588	0.54453874
2944000	1973.78	745	2803	15788.42	5.1638417	11.168723	164.82646	0.5731574
2960000	2056.3	789	2803	15877.27	5.6357074	13.172936	170.38316	0.64504284
2976000	1760.74	791	2804	15963.43	5.8266454	12.866585	142.90825	0.67532563
2992000	1398.04	120	2798	16048.51	8.590073	17.481571	158.02109	0.7049771
3008000	1389.58	133	2800	16134.58	10.274699	18.45509	207.74744	0.94040465
3024000	1808.96	120	2803	16221.0	10.419286	16.553488	128.23528	0.8041209
3040000	2149.08	194	2804	16309.53	10.34251	17.093256	140.00217	0.7798112
3056000	1781.2	194	2804	16397.27	11.170153	16.976122	146.57304	0.68052304
3072000	2067.24	194	2806	16487.27	10.23908	15.859856	153.65948	0.84310424
3088000	2372.56	194	2806	16574.45	8.49169	13.675564	154.60028	0.6411446
3104000	2431.56	27	2805	16664.61	6.4535007	11.239109	122.26961	0.8474659
3120000	2117.2	27	2803	16754.34	5.9709883	12.005494	127.50173	0.6793004
3136000	1189.26	194	2802	16842.42	6.120728	13.0105505	125.787025	0.66146237
3152000	1670.46	194	2803	16929.83	7.8288555	14.962174	136.1089	0.8201835
3168000	1995.56	120	2803	17016.97	7.767154	14.80313	142.90033	0.54151726
3184000	1667.26	194	2803	17104.45	9.09615	16.070988	156.47096	0.7569229
3200000	1516.12	194	2803	17191.42	9.40836	17.2383	168.17914	0.7505051
3216000	1573.48	194	2803	17278.07	9.366863	17.175276	167.7951	0.67652005
3232000	1661.02	194	2803	17364.13	9.403625	16.205654	137.15718	0.7055666
3248000	1749.02	194	2803	17451.19	9.078152	16.08305	152.87038	0.78638077
3264000	2187.54	194	2805	17537.91	8.61467	15.420347	163.21869	0.81193304
3280000	2121.0	792	2804	17624.68	9.72671	17.983288	160.7777	0.7525518
3296000	2213.32	794	2796	17712.18	7.8035035	13.537716	146.13094	0.88142383
3312000	2001.98	782	2800	17797.05	8.638467	15.117177	149.71764	0.77478707
3328000	2152.18	392	2804	17885.59	7.498789	14.3214445	152.05486	0.79494286
3344000	2098.1	392	2805	17971.84	6.8986793	12.269134	148.79333	0.8410899
3360000	2130.6	752	2807	18058.14	6.6135097	10.405552	106.45195	0.81283915
3376000	2244.06	787	2805	18146.29	5.9198904	10.554044	110.12783	0.68642974
3392000	2335.34	787	2802	18236.13	5.9289045	10.015695	123.22838	0.6250118
3408000	2377.42	782	2805	18324.05	6.504709	12.270311	154.82079	0.8591891
3424000	2250.34	412	2805	18410.49	4.9269505	8.90923	150.57005	0.76342493
3440000	1818.52	388	2805	18496.16	6.0516953	11.3631935	143.3606	0.54841995
3456000	2078.82	792	2803	18582.95	6.7633085	12.99889	164.52858	0.6878866
3472000	1886.54	782	2800	18668.33	5.690556	9.981123	129.04501	0.67889035
3488000	2116.64	797	2804	18755.14	6.47542	13.4103985	152.28711	0.53004515
3504000	1900.0	797	2806	18843.38	6.0826716	13.963338	263.9876	0.56408954
3520000	1842.36	795	2804	18929.23	6.1493564	12.393193	158.71536	0.55009985
3536000	1770.7	801	2804	19016.21	5.974784	10.299211	151.79196	0.50949794
3552000	2171.92	801	2803	19103.9	5.5916743	8.407231	84.07307	0.557044
3568000	2376.78	795	2804	19192.11	5.453047	10.038623	155.33078	0.5024893
3584000	2383.24	1036	2805	19278.88	5.0073533	8.80287	102.93874	0.5921272
3600000	2055.16	583	2802	19365.89	5.113081	10.56323	142.99837	0.42733693
3616000	2065.0	578	2803	19454.07	5.126835	8.885976	112.39664	0.6608801
3632000	2202.1	588	2805	19541.58	5.388903	9.6391735	101.95035	0.6043926
3648000	2305.04	774	2803	19628.32	5.1851225	9.035927	83.751686	0.68907905
3664000	2271.24	761	2805	19716.26	5.3402586	8.120638	74.951	0.48330057
3680000	2283.32	797	2805	19802.44	6.5189595	13.097505	209.94473	0.59299624
3696000	2000.1	588	2805	19889.34	5.1881623	8.2408695	75.89954	0.6324448
3712000	2153.24	588	2807	19977.59	6.231721	12.011307	149.79784	0.6123489
3728000	2572.3	588	2805	20065.36	5.4749694	9.319901	77.525536	0.5351038
3744000	2051.2	133	2804	20154.62	4.527419	9.535558	144.19377	0.4210374
3760000	2230.3	133	2804	20243.77	4.918449	9.167226	111.449104	0.5593817
3776000	2304.32	582	2806	20331.41	4.2716103	8.806649	150.85873	0.44575712
3792000	2036.7	794	2806	20417.56	4.1458397	7.8320346	144.37314	0.51408565
3808000	2221.28	784	2805	20505.94	4.1657977	6.5316443	58.62191	0.4482149
3824000	2443.32	396	2805	20593.45	4.7746434	10.383269	120.585045	0.5059878
3840000	2330.74	391	2805	20679.61	5.2888246	12.395568	152.84068	0.57159615
3856000	2492.0	391	2806	20767.9	4.608175	9.933526	122.69679	0.53710735
3872000	2396.82	693	2805	20853.76	5.3318954	11.078744	149.50038	0.52887815
3888000	2404.24	783	2805	20940.04	4.958634	8.534943	93.7298	0.5275383
3904000	2368.9	390	2805	21027.44	5.2566113	8.813468	131.61986	0.57196957
3920000	2390.92	783	2805	21114.8	5.608746	10.209504	144.16292	0.6990217
3936000	2416.04	794	2803	21202.19	5.491004	8.908823	93.64785	0.6725366
3952000	2443.56	788	2805	21290.18	5.266627	8.930836	92.09253	0.5869036
3968000	2684.9	797	2807	21378.61	4.413011	6.7606215	83.8959	0.4898307
3984000	2628.74	120	2807	21468.06	3.973806	6.4104495	66.91037	0.55289733
4000000	2578.64	120	2804	21556.86	3.2954688	6.2863064	107.574356	0.33823994
4016000	2576.7	786	2807	21645.89	2.7620444	4.9510865	77.47926	0.35169902
4032000	2420.0	551	2806	21735.02	2.9610226	7.1462226	158.24977	0.2975752
4048000	2286.04	551	2805	21823.42	3.4145064	8.439862	149.43907	0.30065313
4064000	2495.2	1035	2806	21913.87	3.1270006	9.006234	149.46594	0.31241786
4080000	2564.32	786	2806	22000.66	3.1048267	8.226614	148.595	0.31284058
4096000	2364.84	787	2804	22089.14	3.347717	5.5751534	62.671703	0.36459082
4112000	2303.28	797	2806	22176.09	3.7119455	7.392679	116.32387	0.36332852
4128000	2531.7	797	2805	22263.68	3.739495	9.471586	158.10931	0.3067064
4144000	2362.96	582	2805	22350.5	3.6444082	8.856471	159.71472	0.388785
4160000	2311.94	736	2805	22439.67	3.5127196	7.24522	152.21837	0.2995876
4176000	2316.16	736	2806	22527.27	4.367672	10.880673	155.73482	0.3387708
4192000	2524.94	1023	2806	22614.81	3.5263212	8.167739	154.00536	0.4263218
4208000	2276.36	783	2805	22701.96	4.169398	9.231953	150.39598	0.49406078
4224000	2389.72	783	2806	22789.73	3.9305375	6.9582367	88.97647	0.46102208
4240000	2368.94	797	2807	22877.41	4.166643	10.192757	197.39287	0.50115454
4256000	2479.66	807	2806	22965.88	3.6492543	7.324425	107.83281	0.51863617
4272000	2362.46	791	2805	23054.5	4.790074	10.089662	164.37062	0.5434092
4288000	1410.6	795	2806	23139.46	4.357467	9.853644	177.35217	0.5588708
4304000	1781.0	582	2805	23226.79	5.230158	14.103482	142.02133	0.3960585
4320000	2440.86	582	2806	23314.87	4.466048	11.934061	142.03984	0.27395263
4336000	2210.62	579	2806	23402.42	4.5298476	12.728636	139.95345	0.4387746
4352000	2158.98	589	2806	23490.87	4.125791	9.891011	151.85648	0.43840438
4368000	1953.74	589	2807	23578.13	5.366742	13.264215	150.69649	0.43810844
4384000	2319.76	120	2805	23665.05	4.9494395	13.198193	153.32976	0.38545284
4400000	2425.8	786	2804	23752.67	4.3931613	10.149772	148.39146	0.37805715
4416000	2533.98	783	2806	23841.26	3.639825	7.4637027	137.37968	0.39086723
4432000	2508.24	579	2806	23930.48	3.3113868	6.48071	103.042206	0.34134555
4448000	2249.92	718	2806	24017.12	4.237531	10.88425	148.71942	0.45049918
4464000	2224.26	575	2806	24104.58	3.5523841	5.550077	74.185196	0.40675765
4480000	1948.66	714	2806	24190.37	4.4292803	9.475929	119.40015	0.421864
4496000	2109.44	714	2806	24276.75	4.0237026	7.9641433	122.780624	0.5170644
4512000	2317.72	759	2806	24363.91	4.6378703	8.918541	113.19804	0.6125061
4528000	2274.02	775	2806	24451.57	5.386557	9.367302	98.1616	0.65002525
4544000	2460.02	795	2806	24539.98	6.453192	10.15369	90.28419	0.6767765
4560000	2364.76	776	2806	24627.42	6.403106	10.366361	121.0764	0.60635686
4576000	2151.2	575	2804	24713.49	6.745212	10.91019	139.72238	0.58310413
4592000	2470.46	598	2806	24801.69	6.387042	12.091445	163.08304	0.49780583
4608000	2092.2	775	2805	24888.64	4.967706	8.139783	75.414665	0.5426702
4624000	2342.74	775	2805	24977.77	5.382777	10.056716	161.41492	0.5976925
4640000	2241.3	579	2805	25064.56	4.3990674	8.620408	149.18341	0.5053643
4656000	2131.64	579	2805	25151.97	4.1539083	8.926984	125.75314	0.45329833
4672000	2347.72	775	2806	25240.58	3.7735333	8.66843	164.2047	0.45503667
4688000	2248.28	791	2806	25329.11	3.948469	9.684277	153.33815	0.4990361
4704000	2443.42	776	2806	25416.42	4.084592	9.100974	143.93896	0.32942563
4720000	2528.92	776	2806	25504.27	3.402042	8.07037	119.979164	0.40110302
4736000	2516.14	1085	2806	25589.88	3.449037	8.359721	157.002	0.4474947
4752000	2341.92	775	2806	25676.14	3.311597	6.4954147	113.44927	0.5197812
4768000	2179.44	523	2805	25763.17	4.279912	8.94491	113.83824	0.4877824
4784000	2346.02	523	2805	25851.71	4.5061994	10.179223	153.03691	0.50584245
4800000	2261.76	780	2806	25939.56	3.9987915	7.4952326	87.16838	0.45609915
4816000	2310.06	412	2806	26028.22	5.708255	14.075718	170.33644	0.48651174
4832000	1733.84	589	2804	26112.82	4.52509	7.734379	89.75787	0.49195063
4848000	1681.14	575	2806	26200.6	5.357289	10.779183	140.32832	0.530705
4864000	1998.78	575	2806	26289.09	5.038955	10.21794	162.7432	0.5495552
4880000	2391.7	782	2806	26378.38	4.9009686	10.169071	137.88472	0.59628046
4896000	2327.7	782	2805	26467.12	5.9815054	10.8305645	159.44215	0.58326364
4912000	2308.12	763	2803	26555.18	4.8040547	7.9181314	104.19846	0.58646214
4928000	2178.92	789	2805	26640.5	5.282549	10.344662	169.87473	0.5398059
4944000	2144.82	782	2805	26728.08	5.3622975	8.538044	109.63382	0.61172223
4960000	2107.1	767	2805	26815.4	5.220477	10.1392	164.78685	0.6160002
4976000	2263.68	752	2806	26903.76	5.3144555	9.642726	168.10382	0.66014624
4992000	2271.38	793	2806	26990.13	5.1725497	11.521912	164.01715	0.5716189
5008000	2245.14	767	2805	27078.59	4.8528304	10.368226	150.6557	0.5462863
5024000	2208.34	586	2805	27165.37	4.020507	7.660071	107.21846	0.52171624
5040000	2453.7	586	2806	27253.96	4.32151	9.702212	154.26433	0.48793778
5056000	2258.54	111	2806	27339.99	3.6176167	8.11179	131.11504	0.39258894
5072000	2180.76	113	2806	27427.65	4.089656	10.674297	153.1491	0.40286323
5088000	1796.76	794	2806	27514.44	5.485643	16.093115	155.1029	0.47520858
5104000	1928.7	631	2805	27602.34	6.477545	17.153477	152.74744	0.43313062
5120000	2265.12	797	2807	27693.97	6.156086	18.067867	143.20152	0.42464936
5136000	1323.76	582	2806	27783.69	6.045433	18.138134	222.28627	0.44162673
5152000	1154.2	582	2804	27870.07	7.938108	17.798939	159.5181	0.44672024
5168000	1917.08	792	2805	27956.5	8.175044	16.159721	167.6945	0.46412235
5184000	1507.46	790	2802	28044.14	8.670382	16.523762	123.63196	0.50049824
5200000	1801.0	412	2806	28132.47	8.51423	16.694042	142.441	0.4759856
5216000	1563.88	586	2804	28222.34	10.345081	18.410725	179.72887	0.39630255
5232000	1900.12	698	2803	28311.27	10.204552	17.076506	123.73121	0.5893988
5248000	1929.68	450	2804	28399.46	9.272652	15.37333	137.05997	0.6698704
5264000	1896.22	412	2805	28486.76	8.376787	13.782353	119.60283	0.5921576
5280000	2086.28	749	2806	28574.67	7.139508	11.090319	83.43086	0.5985343
5296000	1938.26	411	2804	28665.15	7.287071	10.548896	134.90756	0.6327853
5312000	2139.88	412	2803	28753.17	6.3706574	10.075836	111.423454	0.9191047
5328000	2141.38	756	2805	28843.9	6.839036	12.545415	169.81056	0.94923687
5344000	2395.76	785	2805	28933.99	6.7422853	13.057092	167.8159	0.9212016
5360000	2049.06	589	2803	29023.88	6.1084924	10.632198	146.41113	0.74231154
5376000	2071.62	586	2804	29112.7	5.155945	8.047713	158.38234	0.7657019
5392000	2246.72	586	2805	29202.87	5.2484355	8.654714	158.83032	0.564716
5408000	2223.74	579	2804	29292.49	4.968145	6.9549713	107.80569	0.6857389
5424000	2104.92	412	2804	29381.76	5.359661	8.777697	125.871925	0.63443226
5440000	2272.42	412	2802	29471.29	5.311232	8.151522	106.4678	0.74399537
5456000	2467.3	845	2803	29560.86	5.3280473	7.853425	80.3112	0.7474246
5472000	2361.06	797	2803	29650.44	4.708785	6.8655634	65.15382	0.65635
5488000	1916.46	586	2803	29736.47	5.5145984	10.336716	156.29448	0.6234015
5504000	1724.88	586	2803	29824.04	5.8190527	11.941217	145.81268	0.7005162
5520000	1905.12	586	2805	29913.27	6.5156326	12.740728	122.00305	0.6353884
5536000	2240.7	791	2805	30003.63	6.2445846	13.379486	136.44778	0.48344073
5552000	2266.84	701	2805	30091.58	6.6256804	14.71065	147.60333	0.6890701
5568000	2414.86	790	2805	30179.49	7.158838	15.329653	147.61699	0.6462592
5584000	2344.8	412	2806	30270.06	6.497581	13.5178175	165.62222	0.59012604
5600000	2411.48	412	2806	30360.89	5.2083087	13.136083	151.76788	0.5350946
5616000	2597.4	875	2806	30452.71	4.362749	9.579793	147.83534	0.5207803
5632000	2550.36	1035	2807	30544.0	3.5661614	7.4008775	97.45576	0.319517
5648000	2174.32	588	2807	30635.58	4.069577	12.276711	158.47849	0.36126363
5664000	2348.3	412	2806	30723.89	2.6372812	6.3307824	153.64665	0.28634438
5680000	2445.12	412	2806	30813.07	3.0276625	7.27287	117.51633	0.27697533
5696000	2147.02	412	2806	30901.47	2.6594496	6.23222	96.9854	0.37159854
5712000	2167.06	412	2806	30992.44	3.6536071	8.369977	132.52827	0.27615166
5728000	2262.08	412	2806	31080.33	3.8116567	10.1488495	150.32198	0.3596738
5744000	2411.54	588	2806	31168.61	4.278166	8.869853	148.91588	0.38278216
5760000	2591.8	1039	2806	31259.36	3.8100586	7.751846	102.26183	0.42729485
5776000	2539.96	791	2806	31349.67	3.8159926	7.565685	75.45947	0.40626988
5792000	2541.48	589	2806	31439.35	3.8876147	9.709098	193.84286	0.39354938
5808000	2456.54	777	2805	31528.91	3.77764	6.151661	53.37203	0.40191904
5824000	2182.66	579	2806	31619.1	4.026742	8.059318	101.80075	0.45400786
5840000	2054.74	412	2805	31706.59	4.4866815	8.768799	165.07524	0.47986916
5856000	1979.42	412	2805	31793.52	4.833198	9.769913	110.43718	0.34616232
5872000	2139.98	797	2806	31882.79	5.55863	9.874411	160.74835	0.57933116
5888000	2643.48	1035	2806	31973.69	5.817993	9.45719	84.62152	0.5574276
5904000	2741.54	2022	2806	32061.73	5.3394985	9.117322	74.479996	0.48098528
5920000	2628.82	788	2806	32149.96	4.964409	8.657581	74.77279	0.54538834
5936000	2353.82	772	2806	32236.52	5.2067456	9.623615	90.899315	0.4149618
5952000	2263.46	582	2806	32325.31	4.4876614	9.158989	156.50362	0.44042858
5968000	2426.22	795	2806	32414.11	3.8357055	8.482323	124.52426	0.4071637
5984000	2269.6	394	2806	32502.91	3.5134242	6.410674	65.02976	0.47248366
6000000	2383.0	545	2806	32590.48	4.410909	10.5441475	152.99759	0.39135414
6016000	2247.5	588	2804	32679.87	5.3778934	11.472669	169.03682	0.47108203
6032000	2184.98	588	2806	32766.8	6.6770067	12.103333	137.68823	0.43731183
6048000	2314.3	831	2804	32856.28	7.147407	13.348965	147.84915	0.50464547
6064000	2153.54	870	2806	32945.78	7.758842	13.423741	111.19096	0.5799924
6080000	2167.66	768	2806	33034.76	8.084669	13.036724	114.83628	0.6109593
6096000	2272.78	741	2805	33124.0	8.179777	13.3700075	95.77113	0.5613811
6112000	2355.26	741	2804	33212.44	7.7462745	12.664556	159.28885	0.5645425
6128000	2403.96	768	2804	33300.97	7.9065723	14.170246	160.38382	0.6370352
6144000	2204.82	412	2804	33388.58	7.4023104	12.756601	108.86386	0.5012661
6160000	2171.76	412	2805	33476.97	6.897938	12.192187	122.3378	0.599013
6176000	2439.58	791	2805	33568.78	5.7501235	9.904646	87.29574	0.46342272
6192000	2410.62	767	2807	33662.46	4.521409	8.790359	94.89603	0.4695646
6208000	2478.98	767	2805	33754.01	3.4891298	5.0677505	52.469704	0.40540552
6224000	2463.22	797	2806	33846.2	3.6977086	6.4359174	71.60552	0.43936253
6240000	2207.36	854	2807	33935.29	3.4002357	6.473226	86.896454	0.37329787
6256000	2314.3	885	2806	34026.62	2.8981092	5.5262065	85.48421	0.44059256
6272000	2486.86	795	2803	34117.5	2.7105386	5.3284955	87.97502	0.3197687
6288000	2316.12	667	2806	34210.54	2.8909945	6.1179247	83.6802	0.39444298
6304000	2340.76	523	2806	34302.09	3.368506	7.4582996	113.1382	0.487505
6320000	2514.66	523	2807	34393.46	3.490731	7.70683	90.26505	0.4422372
6336000	2581.42	590	2807	34482.51	2.9568906	5.4626503	67.20628	0.44590235
6352000	2073.26	767	2807	34569.45	3.1036851	6.3190374	69.222626	0.34346378
6368000	2220.08	770	2806	34657.78	2.8883193	6.520929	101.8108	0.29445302
6384000	2470.14	120	2805	34747.8	2.739871	6.4095316	117.26883	0.32947168
6400000	2229.88	120	2806	34837.36	2.812895	6.942307	122.30632	0.35443684
6416000	2398.2	120	2806	34928.55	3.0177898	6.7652164	77.35167	0.38143814
6432000	2235.32	120	2806	35019.45	3.4745913	8.274816	147.56253	0.38627693
6448000	2446.12	795	2805	35109.5	3.1453092	6.715416	80.69221	0.38747716
6464000	2577.48	795	2805	35200.71	2.7620168	7.367567	126.18181	0.29794526
6480000	2253.36	120	2806	35291.53	3.7497492	11.149617	185.3211	0.30530697
6496000	2392.68	1038	2805	35381.4	3.3772187	9.339424	172.53613	0.4144774
6512000	2371.24	800	2806	35469.84	3.8726602	9.472393	164.50148	0.43396917
6528000	2288.22	798	2805	35556.52	3.5742624	8.795345	154.87819	0.43223253
6544000	2428.72	863	2806	35644.98	3.5650272	8.12648	143.54962	0.44834223
6560000	2186.74	120	2803	35731.48	3.937121	9.351243	143.44077	0.429316
6576000	2283.52	120	2805	35818.52	4.856922	9.712586	130.75397	0.5144103
6592000	2313.64	-69	2805	35906.33	4.6363826	9.214035	158.48149	0.44274056
6608000	2390.34	-69	2805	35994.85	3.9624596	6.5559254	77.392204	0.5260762
6624000	2582.6	797	2805	36083.61	4.2577724	7.2894797	134.43073	0.5123488
6640000	2277.04	747	2804	36170.97	4.185888	6.434623	86.6415	0.5084386
6656000	2270.2	762	2805	36259.44	4.3006406	7.6249485	114.78883	0.527589
6672000	2490.74	789	2805	36346.83	4.6450586	9.030816	111.61486	0.5456831
6688000	2522.48	797	2805	36435.19	4.0152664	8.376149	122.31183	0.40704042
6704000	2592.08	798	2807	36524.54	3.7032857	6.6134157	63.344193	0.37738812
6720000	2290.08	582	2804	36613.4	3.7458167	8.487254	155.15921	0.42760766
6736000	2502.26	806	2804	36702.28	3.5133295	6.9745026	97.51132	0.31186813
6752000	2459.88	784	2803	36789.9	3.3205361	9.161654	150.29642	0.4070915
6768000	2367.0	582	2804	36879.39	4.012131	10.468876	158.08794	0.42724875
6784000	2042.24	582	2805	36965.79	4.525823	10.558912	156.44208	0.54593873
6800000	2162.36	586	2803	37052.7	4.163875	9.508969	143.39218	0.39918506
6816000	1909.48	575	2805	37138.41	4.434232	9.378451	155.47484	0.50537336
6832000	2344.26	793	2804	37228.2	4.8070135	11.322525	192.02483	0.56960225
6848000	2045.06	120	2804	37316.13	5.3252525	10.89503	151.37917	0.5535663
6864000	2127.32	120	2804	37405.69	5.164662	11.505579	164.91461	0.5517986
6880000	2170.6	120	2804	37492.6	5.0465937	10.408171	169.27454	0.5131697
6896000	2165.84	589	2805	37581.01	6.33831	15.263491	145.45807	0.5074272
6912000	2229.96	799	2805	37667.96	4.9399605	13.055508	220.47382	0.5351403
6928000	2267.14	746	2804	37755.01	5.124745	12.017753	147.27695	0.58178216
6944000	2330.48	586	2805	37844.56	5.259015	11.074462	152.72021	0.6204472
6960000	2212.9	120	2805	37932.25	5.534734	12.757155	172.17769	0.6274897
6976000	2164.0	523	2805	38019.69	5.219687	10.874122	147.46889	0.62111247
6992000	2408.02	788	2805	38106.7	4.9143353	10.077741	146.05746	0.62834525
7008000	2142.24	588	2805	38193.32	5.35389	9.790602	170.10841	0.6627853
7024000	2295.02	797	2805	38280.73	5.2218513	9.909455	155.07048	0.74363875
7040000	2469.04	1028	2805	38370.06	5.277227	9.928798	131.76959	0.43919784
7056000	2442.3	120	2807	38458.06	4.639937	9.358914	129.68164	0.5442861
7072000	2578.44	750	2807	38545.61	4.7074323	10.563734	154.3673	0.4169731
7088000	2415.36	589	2803	38633.62	4.5096283	11.292584	186.56279	0.49372712
7104000	2082.6	120	2807	38720.78	3.3462758	6.8167953	69.66986	0.39293763
7120000	2281.0	120	2806	38808.97	3.0882263	6.049031	60.94382	0.28303263
7136000	2364.9	589	2807	38897.65	3.5714993	8.242247	138.16878	0.3833872
7152000	2352.84	782	2807	38986.31	4.399662	11.000697	150.19975	0.4117022
7168000	2226.48	120	2805	39073.29	4.2445164	10.715582	144.39218	0.39271277
7184000	2007.62	807	2804	39159.19	4.834171	10.919068	149.42723	0.46355462
7200000	2051.94	763	2807	39246.1	5.826364	13.014172	143.10373	0.5313357
7216000	2247.92	769	2805	39332.54	6.3957	13.500218	146.56488	0.51817596
7232000	2117.16	769	2805	39419.39	6.3552947	10.437847	84.54768	0.48094928
7248000	2352.0	783	2807	39506.95	5.597385	8.939963	105.556404	0.6084741
7264000	2510.66	783	2807	39594.71	5.658817	11.1577425	132.37743	0.5613668
7280000	2225.14	587	2805	39680.9	5.397309	9.715246	95.8459	0.5681571
7296000	2269.64	120	2805	39768.2	4.9497952	9.7491045	127.03578	0.591926
7312000	2432.54	120	2806	39856.3	4.2882314	7.846598	109.272064	0.45731544
7328000	2395.26	797	2806	39943.48	4.1293945	8.49164	114.85525	0.4145284
7344000	2387.0	797	2807	40032.61	4.1389446	9.245437	166.05756	0.44739023
7360000	2443.5	523	2807	40110.66	4.2507634	7.4185276	75.72034	0.419231
7376000	2558.04	523	2804	40179.98	4.057992	8.523457	113.96223	0.38015568
7392000	2554.0	782	2804	40250.0	3.1477935	7.6419034	119.350624	0.3497428
7408000	2557.2	782	2805	40320.08	2.3884332	5.69689	80.08682	0.23742567
7424000	2539.68	794	2806	40389.42	2.216477	5.891047	135.62225	0.2424083
7440000	2576.9	786	2805	40459.95	1.8586092	5.2486835	134.3221	0.2711974
7456000	2534.26	194	2806	40529.59	2.1134365	6.2249775	135.49934	0.22272077
7472000	2583.02	194	2807	40598.95	2.2496552	8.562331	138.16815	0.2143129
7488000	2457.14	1181	2805	40666.83	1.7542706	6.784187	183.70053	0.22895268
7504000	2383.78	795	2807	40734.98	2.0086098	5.858619	95.33026	0.21194547
7520000	2082.98	795	2807	40803.1	2.5467827	5.7355704	76.770706	0.29260424
7536000	2247.4	582	2805	40872.67	2.713905	6.5563006	122.701324	0.31958407
7552000	2555.6	794	2806	40941.21	3.796971	11.21804	156.73454	0.30309197
7568000	2564.76	793	2806	41010.36	3.152488	8.045234	127.52843	0.28842068
7584000	2392.6	761	2806	41079.04	3.5212336	9.643248	155.5237	0.25578967
7600000	2197.08	575	2806	41149.04	4.199612	10.385652	135.41544	0.36676267
7616000	2364.14	575	2806	41216.94	4.224748	11.141087	159.24776	0.36586666
7632000	2050.34	120	2806	41285.07	3.4606416	8.880712	120.667465	0.29990232
7648000	2344.4	769	2804	41353.85	4.1246142	10.096369	123.1888	0.35532868
7664000	2444.88	790	2804	41422.15	4.7012997	11.817374	154.1568	0.37766397
7680000	1842.32	579	2805	41490.69	5.072411	12.321266	141.37527	0.3919591
7696000	1737.32	797	2805	41558.22	5.2468114	11.5160675	201.40144	0.3721973
7712000	1959.52	786	2806	41627.61	5.744128	12.444894	160.6436	0.36147943
7728000	2117.94	782	2805	41697.5	6.4459786	14.312886	170.19519	0.3020308
7744000	2226.68	782	2805	41765.56	6.1056204	13.1535845	142.55637	0.36754707
7760000	1768.3	523	2804	41833.02	7.702947	16.142002	150.29555	0.39408702
7776000	2240.86	547	2804	41901.12	7.6207757	15.544601	134.90428	0.38636166
7792000	2310.02	781	2805	41968.77	6.3222404	13.504341	128.92943	0.4381251
7808000	2400.46	523	2805	42037.01	6.379901	11.395501	90.4135	0.44767076
7824000	2116.54	523	2803	42105.78	6.0252833	12.106554	124.27617	0.55489105
7840000	2041.02	579	2804	42174.58	6.613813	12.011216	135.95453	0.5946113
7856000	2082.94	785	2805	42243.26	5.7342577	11.836575	141.02318	0.4781872
7872000	2382.12	797	2804	42311.6	5.019316	10.753985	199.59027	0.491808
7888000	2457.88	794	2804	42380.96	5.030348	11.055143	163.36479	0.5497663
7904000	2021.62	120	2805	42449.68	5.553668	11.203325	141.62671	0.52623236
7920000	2134.9	120	2805	42518.42	4.903719	10.149759	154.50311	0.5152004
7936000	2355.08	523	2805	42588.52	4.1975174	9.998382	157.30794	0.45475
7952000	2227.26	749	2804	42656.45	3.76204	9.512776	154.1664	0.46465975
7968000	2373.04	523	2805	42725.91	3.5303354	6.8169518	130.48271	0.39493704
7984000	2444.26	786	2804	42794.6	3.8945992	10.188272	154.73015	0.32169434
8000000	2369.08	797	2804	42864.12	4.038822	9.8011	151.37419	0.40171668
8016000	2515.92	808	2804	42932.96	4.2502213	10.688213	161.84836	0.3679575
8032000	2079.2	120	2804	43000.08	4.448143	10.92634	158.96744	0.41293716
8048000	2175.28	120	2803	43067.42	4.635705	10.581179	158.75691	0.4963014
8064000	2257.26	120	2805	43136.91	4.091318	6.791272	79.906395	0.38927403
8080000	2218.76	579	2804	43205.33	4.293538	11.206429	152.09692	0.38093692
8096000	1718.56	120	2804	43272.59	5.7820845	15.000487	154.53622	0.44299868
8112000	2003.56	785	2805	43340.82	5.631159	13.527417	118.759514	0.43215325
8128000	2175.34	412	2805	43409.4	5.928112	15.206081	175.61548	0.49785963
8144000	2108.22	579	2805	43476.87	5.962431	14.761634	138.21292	0.5346651
8160000	2316.92	798	2805	43545.27	6.4046025	15.968329	231.1612	0.47605366
8176000	1946.16	113	2804	43612.39	6.2334714	14.814634	136.42052	0.46601516
8192000	2210.12	113	2806	43681.95	6.7205725	13.551136	147.7557	0.58984387
8208000	2186.38	796	2804	43751.27	5.6473994	13.348736	231.44191	0.5145427
8224000	2340.68	120	2804	43820.24	5.7162666	10.937372	166.55858	0.51979184
8240000	2498.46	120	2805	43888.85	4.6640735	8.804408	113.494736	0.46496403
8256000	2163.9	120	2805	43958.46	4.5218635	8.929005	119.48577	0.45298058
8272000	2357.16	120	2805	44027.99	4.5046005	8.621284	136.54745	0.34881026
8288000	2161.7	785	2805	44096.94	5.3707485	10.492844	92.04195	0.4583998
8304000	2197.62	789	2806	44165.77	5.4400163	10.313228	123.29807	0.46400017
8320000	2512.28	794	2804	44234.5	4.881282	8.800782	109.69032	0.45119035
8336000	2512.98	775	2804	44303.37	5.3643026	10.071774	105.88008	0.47824386
8352000	2534.64	588	2803	44371.93	4.908295	8.765193	73.782074	0.5196364
8368000	2335.7	120	2803	44439.83	5.541212	11.502972	122.46312	0.5150353
8384000	2252.16	752	2805	44508.14	6.7943935	13.741156	132.9527	0.5495261
8400000	2151.16	385	2802	44575.5	7.8646593	15.007728	154.66194	0.5950563
8416000	1942.26	389	2803	44641.88	7.1763096	14.888023	125.42892	0.70822656
8432000	2252.68	389	2803	44711.0	8.367964	15.522709	130.30103	0.59996355
8448000	2251.14	412	2804	44779.22	8.482977	14.801618	116.122025	0.69743866
8464000	2193.94	412	2804	44848.24	8.789182	16.012552	158.81676	0.76709723
8480000	2270.02	133	2804	44916.48	6.845402	10.900065	82.168396	0.5271948
8496000	2240.38	133	2804	44984.26	6.140018	9.774328	99.70976	0.74895734
8512000	2320.74	133	2803	45053.73	5.4877276	9.419681	140.5233	0.75164104
8528000	1474.64	133	2803	45121.43	5.833773	10.079636	126.30542	0.6955238
8544000	2334.12	133	2802	45190.34	5.70394	10.212068	137.18321	0.62355226
8560000	2366.88	795	2806	45259.13	5.3267393	11.290349	144.02971	0.6310042
8576000	2191.64	120	2805	45326.84	5.506654	11.69296	145.0296	0.7202349
8592000	2115.44	368	2804	45394.61	6.102966	12.600215	135.23628	0.6929492
8608000	1842.26	588	2804	45462.06	6.403842	13.061014	203.47849	0.62414825
8624000	1720.3	389	2803	45528.33	6.3473873	11.366133	122.81033	0.78329587
8640000	2282.6	389	2805	45596.72	7.4167275	12.716471	136.03494	0.73717606
8656000	2454.4	795	2805	45664.89	5.9364223	9.685376	168.10715	0.75763077
8672000	2389.38	389	2805	45733.78	6.204022	13.030778	184.30956	0.59960634
8688000	2152.38	587	2803	45802.34	7.6351404	18.114895	185.76195	0.64395237
8704000	1826.7	795	2804	45870.54	7.1069913	15.9858	154.44948	0.3971398
8720000	2167.62	795	2804	45937.93	7.18663	15.980134	153.65582	0.5983132
8736000	2147.56	795	2805	46006.69	5.9740233	14.244103	158.8806	0.45326582
8752000	1969.24	795	2805	46074.75	7.2656884	16.827635	200.66483	0.4613039
8768000	2095.94	795	2802	46142.57	7.156783	15.91681	146.8637	0.32465243
8784000	2419.96	794	2805	46211.43	6.5659523	14.757187	163.74425	0.42070848
8800000	2552.72	794	2804	46280.91	5.9023533	13.439652	126.622955	0.4483783
8816000	2502.32	120	2805	46350.21	3.8318365	8.688471	71.39111	0.37999934
8832000	2363.64	120	2805	46419.42	4.5401006	11.725806	137.41145	0.36770302
8848000	2376.48	588	2801	46487.17	3.7704606	9.485492	114.458916	0.32374465
8864000	2351.84	773	2805	46556.41	2.9264889	6.5062194	76.8575	0.34655023
8880000	2376.68	120	2804	46624.98	2.7164237	7.715848	155.68327	0.25243822
8896000	2390.14	120	2804	46694.35	3.0470128	6.355588	104.16628	0.24010752
8912000	2421.26	588	2804	46762.52	2.5958574	7.19867	165.62875	0.31095797
8928000	2264.0	570	2805	46831.14	3.0431497	6.75548	111.71127	0.2921035
8944000	2312.54	570	2804	46898.91	3.760132	10.932577	161.1056	0.37035
8960000	2257.28	794	2805	46966.83	3.9631393	10.116652	164.78941	0.3908292
8976000	2380.72	587	2805	47035.29	3.7207139	7.343971	91.90616	0.398561
8992000	2257.14	585	2803	47103.46	4.2342286	9.818155	128.28455	0.5295218
9008000	2278.62	585	2803	47172.16	4.736875	11.2854595	124.26176	0.32325402
9024000	2321.84	588	2806	47240.73	4.7904806	10.136779	146.97664	0.38377386
9040000	2509.14	1028	2806	47310.34	3.671604	8.388563	137.60052	0.4123414
9056000	2632.18	589	2805	47379.45	3.3791635	6.922998	105.64504	0.36460555
9072000	2353.26	-69	2804	47447.59	3.3479044	7.7927337	123.139404	0.44739836
9088000	2271.64	-69	2805	47515.19	2.7496471	6.5159693	116.75557	0.37397283
9104000	2361.92	785	2806	47582.95	2.9255302	8.219658	119.6351	0.39659566
9120000	2381.66	120	2806	47651.83	2.5548716	5.9949603	118.47571	0.3200965
9136000	2488.58	120	2806	47720.81	2.9184873	8.038526	148.14908	0.34848154
9152000	2556.5	523	2806	47789.98	3.0232942	9.031364	158.54959	0.32542288
9168000	2342.14	799	2806	47857.44	2.9415472	8.401484	135.2931	0.2727525
9184000	2337.34	768	2806	47925.99	2.575508	4.4054317	44.477013	0.3152938
9200000	2376.26	768	2806	47995.03	2.82902	7.4888606	154.83044	0.3230238
9216000	2056.18	120	2806	48062.82	3.2235904	11.071788	149.61723	0.30956212
9232000	2219.98	587	2806	48131.06	3.3003204	10.543947	150.76692	0.22383723
9248000	2156.96	120	2805	48199.77	3.6064441	9.227055	151.4173	0.27393824
9264000	2415.18	587	2805	48269.34	4.2266455	10.244716	112.792984	0.39881912
9280000	2519.88	785	2805	48339.07	3.6202734	8.426082	95.24566	0.35628152
9296000	2043.7	779	2805	48407.05	3.2505078	8.463565	122.030846	0.2849278
9312000	1805.12	795	2806	48474.83	5.0617185	13.106583	146.7693	0.31609708
9328000	1930.86	120	2805	48542.26	5.264969	14.022127	176.20924	0.453035
9344000	2013.68	120	2805	48609.99	5.4072504	13.905084	126.55634	0.29971957
9360000	2138.78	774	2804	48677.52	4.3089247	10.92885	132.66399	0.43181276
9376000	2290.26	-101	2805	48745.33	4.9842105	13.019521	238.93802	0.36888146
9392000	2443.84	459	2806	48814.06	5.5374594	12.414636	134.31885	0.47228158
9408000	2385.5	590	2806	48884.22	5.0674343	11.758733	130.76491	0.4848436
9424000	2626.92	805	2805	48953.44	4.1349564	10.0424795	130.67317	0.46071178
9440000	2368.36	457	2805	49021.51	3.3460317	7.026339	122.650955	0.43554437
9456000	2425.48	-101	2806	49090.76	2.7023463	4.382516	60.34234	0.38620615
9472000	2410.14	785	2806	49159.05	2.9181666	6.7289667	155.9721	0.40084293
9488000	2341.7	744	2807	49228.23	3.622586	8.21195	152.3371	0.3841164
9504000	2266.2	589	2807	49296.15	4.113165	9.299302	121.05332	0.37415203
9520000	2144.86	768	2804	49364.19	4.2959933	9.234342	131.77982	0.4465436
9536000	2404.74	768	2804	49432.22	4.600372	7.9470377	80.55495	0.52524376
9552000	2511.24	767	2804	49502.29	4.71695	8.620709	87.38996	0.32065666
9568000	2454.9	793	2806	49571.11	4.714383	7.9115586	100.30935	0.49456093
9584000	2192.86	552	2804	49639.58	4.2240205	7.840745	89.04329	0.348229
9600000	2437.36	772	2806	49708.56	4.978703	9.357082	146.64407	0.37522894
9616000	2475.48	757	2806	49777.06	3.9897592	6.077948	70.81074	0.45857608
9632000	2361.46	757	2805	49844.81	4.807708	10.504241	143.44052	0.30843142
9648000	2339.22	791	2806	49914.54	4.5166564	9.05176	171.17023	0.43460572
9664000	2557.44	791	2806	49982.6	4.4634404	7.706581	84.36773	0.39887893
9680000	2358.8	120	2806	50049.92	4.2710767	8.036537	138.33748	0.36125764
9696000	2517.92	789	2806	50118.15	4.2141795	9.544544	150.5357	0.40352476
9712000	2609.18	789	2806	50187.06	3.8064926	7.809061	123.95991	0.4171765
9728000	2540.08	1037	2806	50255.14	3.6926022	6.1620874	88.004616	0.3765147
9744000	2417.24	523	2806	50324.23	3.639525	6.8399367	102.26495	0.41132054
9760000	2449.1	120	2806	50393.35	3.7204857	6.7325497	124.07588	0.42090732
9776000	2582.84	120	2806	50462.65	3.6481752	6.9570336	119.832695	0.39097714
9792000	2665.2	1839	2806	50531.14	2.8001378	4.6117964	42.666187	0.3109594
9808000	2586.6	798	2806	50599.9	3.3325932	6.9187827	80.45434	0.36640787
9824000	2381.58	783	2806	50666.94	3.2954214	6.995289	91.51315	0.31665504
9840000	2227.26	120	2804	50735.39	3.081537	6.2691298	75.7542	0.29727072
9856000	2373.12	120	2806	50804.29	3.9000654	9.507838	128.90887	0.36797965
9872000	2379.94	120	2806	50873.36	3.7293584	9.536632	146.71979	0.33394656
9888000	2652.24	1837	2806	50941.46	3.640427	7.809138	132.45561	0.40599477
9904000	2585.64	1208	2805	51011.44	3.3633516	7.853293	135.31084	0.24780132
9920000	2440.74	795	2806	51078.77	3.0869224	6.0457244	65.48776	0.31122774
9936000	2338.58	789	2806	51147.9	3.382761	8.382146	107.58826	0.35668623
9952000	2371.92	523	2806	51217.24	2.6460404	5.255403	92.701584	0.29814315
9968000	2464.26	589	2806	51285.76	2.7203476	7.048662	125.26345	0.2057386
9984000	2593.02	589	2806	51354.92	2.2789483	4.52645	59.466717	0.23311578
10000000	2602.14	791	2806	51423.2	2.440454	7.394251	150.78392	0.26167315
10016000	2580.28	523	2806	51492.87	2.461052	7.5455866	133.35277	0.2582361
10032000	2503.96	783	2806	51560.93	1.888697	4.719632	103.157906	0.21650282
10048000	2320.38	783	2806	51629.55	2.2059731	4.879659	61.815895	0.28097963
10064000	2391.8	587	2804	51698.42	2.4551396	6.440538	93.493866	0.2492204
10080000	2510.02	768	2806	51767.9	2.51243	6.2054687	67.12778	0.25714916
10096000	2400.86	587	2806	51836.15	2.5567079	8.339877	156.6267	0.27543807
10112000	2396.2	587	2806	51904.78	2.6769037	6.9217997	116.69943	0.24655856
10128000	2550.68	799	2804	51972.53	2.4794533	6.235417	130.21558	0.21871054
10144000	2339.76	791	2805	52041.2	2.6405778	7.1282544	153.31403	0.33330053
10160000	2334.5	794	2806	52109.64	3.1680548	9.320764	148.78741	0.28855553
10176000	2304.74	794	2806	52178.24	3.2110987	8.870242	143.87221	0.3122729
10192000	2402.44	120	2805	52247.48	3.5135567	9.421864	134.71056	0.33417124
10208000	2453.06	120	2805	52316.75	3.209561	8.217977	124.322365	0.2892394
10224000	2669.24	1037	2805	52385.18	2.725084	8.007061	145.7673	0.30696023
10240000	2560.8	120	2805	52453.44	2.3199337	4.9076056	56.44989	0.27031326
10256000	2434.86	120	2806	52521.92	2.2872682	5.6041403	96.3069	0.2074375
10272000	2548.86	783	2806	52590.48	2.1559122	6.8484006	144.57213	0.22315496
10288000	2489.04	780	2804	52658.8	2.5579	8.604857	131.3403	0.26728988
10304000	2350.68	807	2803	52726.26	2.2746508	6.025085	69.261406	0.2581317
10320000	2531.18	795	2804	52795.76	1.8468297	3.8286462	54.42682	0.22988565
10336000	2440.08	797	2806	52864.84	2.353854	6.5478883	162.44736	0.267557
10352000	2481.82	412	2806	52934.51	3.0892134	9.923853	165.57657	0.16544147
10368000	2396.58	797	2804	53003.13	3.4020193	9.494911	145.465	0.25072524
10384000	2504.04	120	2805	53071.05	2.728652	7.4077187	116.337364	0.26968867
10400000	2438.7	120	2803	53139.42	2.5396566	7.971139	156.45529	0.32356668
10416000	2573.44	795	2802	53208.12	2.5416808	6.0934653	96.00301	0.21291319
10432000	2462.16	412	2804	53276.52	2.1515841	4.4491963	60.872635	0.2803368
10448000	2303.74	786	2804	53345.23	2.556458	6.258834	118.87764	0.31797028
10464000	2044.62	756	2804	53413.8	3.7144396	10.634082	131.04266	0.2487892
10480000	2291.46	797	2804	53481.88	4.0966177	10.532203	125.28829	0.22736079
10496000	2502.28	1025	2804	53550.59	4.3689218	10.886099	143.46846	0.34011337
10512000	2550.3	791	2804	53619.3	3.393662	8.430605	104.67051	0.26667696
10528000	2453.12	791	2804	53687.19	3.4440272	9.176035	157.48358	0.36436155
10544000	2532.96	488	2804	53756.8	3.3070045	8.595558	144.3899	0.3581483
10560000	2453.72	120	2804	53825.55	3.3297265	9.298972	144.87213	0.3189152
10576000	2362.52	120	2804	53894.31	3.6198168	9.85042	137.25302	0.40904307
10592000	2367.28	120	2804	53964.0	3.0915244	9.54277	180.2416	0.32464612
10608000	1809.54	120	2804	54031.61	4.545882	11.744538	149.12325	0.3572526
10624000	2288.26	120	2804	54100.53	4.032513	9.372959	149.61516	0.40838677
10640000	2570.2	120	2805	54169.79	5.1517005	11.666862	127.81292	0.41023472
10656000	2607.84	1039	2805	54238.32	4.7956867	11.983556	144.19064	0.35582376
10672000	2475.0	785	2803	54306.67	3.8982286	10.608551	142.76405	0.33527878
10688000	2452.14	785	2804	54375.42	4.574572	11.564322	126.57675	0.37342364
10704000	2076.72	120	2803	54442.8	3.9762242	9.139073	94.84275	0.3754319
10720000	2006.68	585	2804	54509.46	4.6223955	11.305102	142.2088	0.41537488
10736000	2044.56	389	2804	54578.27	4.4402237	10.851985	121.83704	0.3672959
10752000	1777.56	383	2804	54644.99	4.7416596	8.941173	92.25244	0.31148687
10768000	2361.78	355	2804	54713.11	4.9391737	8.701722	108.747246	0.47363514
10784000	2471.76	355	2803	54781.76	5.546836	9.305756	116.783676	0.5377268
10800000	2617.48	397	2803	54850.17	5.179957	8.580882	88.63285	0.46238577
10816000	2474.52	807	2804	54919.71	4.603691	7.3143744	69.16348	0.5115782
10832000	2215.92	791	2804	54987.65	4.2196183	7.278233	86.71577	0.3125543
10848000	2094.86	412	2804	55055.42	4.8725877	10.980004	121.59366	0.49063945
10864000	2277.38	120	2804	55123.55	4.9597144	9.885586	124.08972	0.560356
10880000	2073.18	194	2803	55192.09	5.1259227	10.770861	139.53174	0.517489
10896000	2307.72	194	2803	55259.95	5.170673	8.840447	94.173096	0.5550567
10912000	2095.0	785	2805	55328.94	5.2270293	11.090128	151.29767	0.49752435
10928000	2354.74	797	2805	55397.17	6.795535	14.055136	158.45255	0.6363858
10944000	2070.42	120	2805	55465.27	4.921379	6.9259133	72.20794	0.5583173
10960000	2080.84	782	2805	55533.1	5.9391494	12.924648	160.3324	0.545704
10976000	2351.8	782	2805	55603.05	4.3879504	7.1311517	105.69284	0.49590766
10992000	2423.36	582	2806	55671.96	4.518934	9.777215	166.78429	0.44090134
11008000	2342.34	582	2806	55741.28	4.317532	9.443679	131.67325	0.43099296
11024000	2323.22	797	2805	55810.24	3.1807222	6.5596743	67.47631	0.33151966
11040000	2573.14	786	2805	55879.6	2.5607698	5.5863	72.496124	0.2750949
11056000	2449.2	797	2804	55948.58	2.2133045	5.207528	78.70896	0.22267336
11072000	2559.74	798	2804	56018.57	2.0038273	6.339069	165.92511	0.23772871
11088000	2581.6	786	2804	56088.76	2.1960335	9.049949	160.36404	0.20599964
11104000	2387.94	786	2805	56156.86	2.3410044	10.04088	159.73012	0.196358
11120000	2526.14	798	2804	56225.86	2.256241	9.039174	162.40323	0.2504966
11136000	2559.66	783	2803	56295.09	2.0459435	6.337261	159.13158	0.22561568
11152000	2335.74	798	2803	56363.96	2.5609615	8.729925	154.82872	0.26693514
11168000	2245.54	778	2802	56432.99	2.8759859	9.012962	139.19725	0.30842108
11184000	2447.82	778	2805	56502.79	3.5317283	8.944688	149.09683	0.33771247
11200000	2534.72	713	2804	56572.74	2.9118555	6.016332	85.11757	0.29848945
11216000	2472.5	713	2805	56642.07	2.8984907	6.6249976	98.28346	0.29531586
11232000	2476.18	798	2805	56709.91	3.0138755	6.209077	83.31738	0.31843966
11248000	2368.7	798	2804	56779.2	3.3417118	8.801796	147.13889	0.31565654
11264000	2556.96	1027	2803	56848.23	3.3556602	11.143085	167.49957	0.32920954
11280000	2674.24	806	2802	56917.46	2.9968944	9.065103	138.11743	0.29113814
11296000	2626.68	783	2803	56986.91	3.0952837	12.467425	271.2737	0.2565723
11312000	2493.32	386	2802	57055.41	2.4508765	7.1102223	98.556076	0.22390369
11328000	2608.18	798	2803	57125.12	2.0196445	6.8634496	163.77365	0.25306815
11344000	2263.4	798	2802	57193.69	2.5968301	11.394961	162.50401	0.17906244
11360000	2380.06	793	2803	57263.31	2.5460908	8.720873	160.21866	0.19237909
11376000	2389.54	120	2802	57331.85	2.5760643	10.579657	159.34036	0.29042962
11392000	2015.78	398	2801	57400.75	3.452416	13.58087	154.87953	0.22294927
11408000	2168.36	398	2803	57468.99	3.3682146	11.502809	140.07213	0.23924118
11424000	2129.76	120	2803	57535.98	4.2605066	15.4616	166.45064	0.30776313
11440000	1597.0	120	2802	57604.61	5.428552	15.407358	126.39524	0.31044364
11456000	2145.56	120	2802	57673.3	4.967715	12.578008	116.038605	0.35398233
11472000	2465.48	589	2802	57742.68	5.0821834	13.745767	113.227196	0.34810257
11488000	2424.26	589	2802	57811.39	6.019811	14.716393	214.17636	0.3581834
11504000	2251.16	582	2802	57880.22	5.461412	12.742633	152.87802	0.3214198
11520000	2392.14	785	2803	57948.26	5.7043915	14.834053	148.42928	0.39793766
11536000	2260.84	582	2802	58016.84	5.21193	12.963921	138.22972	0.39074153
11552000	2527.4	582	2804	58086.2	3.829527	10.233425	137.93742	0.37856013
11568000	2721.5	2164	2804	58156.06	3.4849405	10.605444	134.6767	0.3485321
11584000	2546.28	582	2805	58224.53	3.5165677	10.28107	108.48662	0.27966213
11600000	2513.74	120	2805	58293.58	2.8200269	7.7362223	96.92674	0.27316755
11616000	2489.76	120	2806	58363.0	2.3065434	6.9671774	91.10061	0.17576447
11632000	2325.6	582	2804	58432.08	1.9805906	5.374791	103.29864	0.16223477
11648000	2415.42	582	2803	58501.01	2.314503	8.578316	155.8432	0.23871249
11664000	2347.9	120	2803	58568.35	2.441084	5.795743	74.80326	0.1562914
11680000	2335.6	797	2804	58635.85	2.7946572	6.913421	93.77831	0.20282568
11696000	2463.62	120	2802	58705.07	4.3174815	12.114564	168.30571	0.3424664
11712000	2410.34	797	2804	58772.54	3.1249104	8.07607	136.76823	0.24211997
11728000	2441.44	798	2802	58841.28	3.4471295	9.102515	157.37862	0.27107292
11744000	2530.34	1036	2806	58909.94	3.1626887	7.2184505	76.179535	0.25539976
11760000	2100.86	797	2806	58977.14	3.1754673	7.3807077	164.44531	0.27593434
11776000	2345.54	785	2804	59045.51	3.6532898	9.123961	129.23717	0.3021608
11792000	2349.58	785	2804	59113.08	3.0213966	5.9751296	82.65552	0.26435673
11808000	2392.04	582	2805	59182.25	2.9947267	8.842601	164.19131	0.23701113
11824000	2410.22	786	2805	59250.84	3.9495332	9.931827	139.63007	0.2782693
11840000	2287.56	783	2802	59319.63	3.5309947	8.938168	158.36227	0.23117426
11856000	2414.72	797	2803	59388.95	2.9618676	7.2803955	116.31104	0.19758916
11872000	2326.32	120	2804	59457.83	3.456255	8.88583	119.629585	0.26939657
11888000	2392.62	120	2802	59527.73	3.1762183	8.530018	112.771484	0.16063462
11904000	2375.12	791	2802	59594.84	3.854684	11.070105	163.07355	0.28474545
11920000	2391.58	807	2802	59664.45	3.2966661	7.270644	78.63027	0.26915365
11936000	2374.86	786	2802	59733.93	2.7060218	6.6117077	79.29368	0.25297686
11952000	2286.88	783	2803	59801.91	2.9069474	7.7315884	119.64895	0.24357808
11968000	2427.34	783	2803	59871.16	2.720696	7.686787	139.3344	0.2730855
11984000	2625.6	876	2802	59940.85	2.5282946	5.349789	56.381294	0.2607193
12000000	2645.84	1039	2804	60009.87	2.7057319	5.9551773	69.86767	0.20347375
12016000	2624.74	27	2804	60078.87	2.0156934	4.353047	55.41591	0.1948376
12032000	2584.62	325	2802	60147.14	2.284028	5.620088	100.67462	0.2884058
12048000	2517.82	325	2803	60215.33	2.967395	7.7857423	125.13939	0.293707
12064000	2343.52	396	2803	60284.65	2.973975	8.723632	152.88167	0.23733136
12080000	2342.14	396	2801	60353.49	3.600045	7.722474	94.24463	0.2509936
12096000	2521.4	855	2802	60423.18	3.5266814	8.038524	138.52356	0.3012541
12112000	2466.48	1212	2802	60490.0	3.847961	8.658073	102.9854	0.2932727
12128000	2482.9	807	2802	60559.84	3.8611565	8.587001	114.16498	0.33550066
12144000	2378.28	807	2802	60627.76	3.931995	8.807451	106.81122	0.3547736
12160000	2446.3	797	2802	60697.18	3.437158	8.536636	131.96214	0.39766234
12176000	2324.34	786	2804	60765.7	3.7312863	10.361294	148.15141	0.272153
12192000	2330.06	582	2804	60832.62	3.4016669	8.799603	137.8153	0.37022394
12208000	2321.38	120	2805	60901.45	3.7191758	9.80711	137.7265	0.37174073
12224000	2250.38	120	2804	60970.01	3.2776835	9.8498335	187.95116	0.25603324
12240000	2422.28	120	2804	61039.16	3.4022994	8.617906	129.87387	0.3142869
12256000	2371.68	770	2803	61107.52	3.1398895	8.220956	126.830315	0.25498724
12272000	2411.86	797	2805	61176.92	3.5203042	8.790906	147.89615	0.30884612
12288000	2437.08	797	2803	61245.4	2.907686	7.448858	102.95078	0.18798274
12304000	2261.76	120	2801	61314.02	3.0075479	7.246963	75.53753	0.2760548
12320000	2231.1	120	2802	61382.76	3.6369598	9.312363	92.432945	0.2254435
12336000	2504.34	800	2802	61451.31	3.092294	6.6508026	85.244194	0.29052907
12352000	2327.66	768	2803	61519.53	3.3212929	8.368935	109.05238	0.3277635
12368000	2610.64	862	2803	61590.36	3.2488847	10.300439	153.50551	0.31124568
12384000	2554.34	120	2803	61659.78	2.445427	7.586723	148.6793	0.31827602
12400000	2567.9	792	2802	61728.9	2.8247058	9.091849	149.08287	0.3077908
12416000	2704.5	792	2803	61799.03	2.7002287	7.6474924	133.85164	0.29436576
12432000	2424.28	772	2803	61868.45	2.2951944	7.3478093	149.97002	0.29589194
12448000	2478.62	797	2803	61938.29	2.137042	7.5121	135.41652	0.20661493
12464000	2546.08	1085	2803	62007.0	1.5930392	3.7310393	49.131214	0.2154929
12480000	2542.52	783	2802	62076.97	1.4249458	2.6025448	35.33988	0.21681282
12496000	2597.6	1033	2803	62145.59	2.1284225	7.734144	150.75221	0.25761294
12512000	2569.3	120	2803	62214.69	2.069882	6.133357	105.11955	0.21422155
12528000	2561.82	797	2803	62284.15	1.8647538	6.1037364	127.6201	0.22219662
12544000	2381.6	120	2802	62353.79	1.9420781	7.3349223	121.810486	0.21835248
12560000	2145.26	133	2801	62422.16	2.4616544	7.9840684	164.04921	0.18292162
12576000	2466.22	797	2802	62491.0	2.8421254	9.995662	157.7457	0.30357873
12592000	2263.04	783	2802	62559.5	2.9570162	8.614806	159.13559	0.32737184
12608000	2489.0	796	2803	62628.46	3.0134952	9.712399	166.42943	0.25222525
12624000	2048.78	784	2804	62696.19	4.7156434	15.599468	162.68008	0.3107558
12640000	1678.56	795	2803	62763.57	4.492353	14.151838	125.71238	0.34521663
12656000	1368.48	780	2801	62831.5	7.286824	15.249924	108.94846	0.4108743
12672000	2027.18	582	2801	62900.08	6.6313076	13.985693	129.67813	0.3579945
12688000	2082.92	738	2804	62969.41	7.5027523	15.231266	134.44965	0.28889117
12704000	1680.52	582	2802	63036.06	7.278296	14.502635	107.69144	0.5275363
12720000	1460.5	133	2802	63103.73	6.7630944	14.535503	115.99236	0.41731024
12736000	2050.84	120	2801	63172.04	7.3670325	15.500378	123.63612	0.472817
12752000	1918.66	787	2803	63241.48	6.715413	14.740741	135.30634	0.42888078
12768000	2588.88	798	2804	63311.81	4.953449	11.619128	149.92809	0.36201596
12784000	2691.04	1212	2807	63381.51	4.850794	11.779419	141.63055	0.34928244
12800000	2494.54	749	2807	63451.18	4.3644195	10.902659	137.69633	0.37541217
12816000	2414.46	120	2805	63520.4	4.845677	12.601699	168.88057	0.43752623
12832000	2514.02	797	2805	63589.52	3.5318735	8.255388	129.86244	0.35965353
12848000	2464.46	791	2802	63659.33	2.7991402	5.772506	91.10096	0.33037943
12864000	2334.28	791	2801	63728.15	3.101951	5.5423355	56.698936	0.3909025
12880000	2323.16	120	2802	63796.19	3.4203281	8.167267	139.20923	0.3932213
12896000	2443.84	514	2802	63865.04	3.689261	9.649286	134.75502	0.3451163
12912000	2479.66	514	2803	63934.57	2.7895796	6.309659	98.20057	0.30530983
12928000	2143.92	782	2803	64002.37	3.4655733	7.687467	123.03916	0.3403952
12944000	2121.64	120	2801	64070.84	4.434736	11.136541	160.63968	0.37797576
12960000	2209.52	120	2802	64139.41	3.810065	10.066469	152.45856	0.32470137
12976000	2052.8	800	2801	64208.43	3.6189113	8.779108	86.88121	0.22898665
12992000	2240.38	120	2802	64277.23	4.480708	11.5814	127.43274	0.3292963
13008000	2373.18	120	2802	64345.68	3.9271631	9.933108	98.06512	0.30098215
13024000	2262.42	769	2801	64412.71	4.8776445	13.063618	200.18832	0.28816006
13040000	2499.58	120	2802	64481.74	3.9747877	10.680672	127.94829	0.19973227
13056000	2664.98	120	2802	64551.11	2.7695217	6.9289207	81.06169	0.17493232
13072000	2594.18	589	2802	64620.01	2.436368	6.2131047	85.653725	0.23457491
13088000	2578.02	565	2803	64689.29	2.4285202	8.233808	184.42311	0.2119933
13104000	2488.04	565	2803	64757.98	1.9083052	4.5717416	59.532528	0.1732387
13120000	2583.5	785	2803	64826.7	1.7872177	4.8207555	81.47936	0.16903272
13136000	2548.36	583	2803	64895.48	1.5960606	4.383582	80.0845	0.21697938
13152000	2339.96	523	2803	64964.19	2.9607213	9.861474	147.2004	0.2750582
13168000	2505.34	589	2802	65033.35	2.0344374	6.1853414	122.06459	0.19715717
13184000	2511.24	795	2802	65102.69	2.6212757	7.6346917	124.045845	0.2776638
13200000	2502.96	120	2802	65172.96	1.9086926	6.518603	105.14756	0.18828154
13216000	2624.4	582	2802	65242.68	1.9160712	8.15513	150.13667	0.20564368
13232000	2719.74	794	2802	65313.37	1.5068706	5.1347394	87.14105	0.1278203
13248000	2676.82	794	2803	65383.83	1.220252	4.184165	98.86542	0.11121924
13264000	2674.72	794	2804	65454.77	1.3919517	6.2509756	159.95894	0.13396293
13280000	2651.8	582	2804	65524.78	0.9745768	1.9951345	23.545376	0.10913869
13296000	2403.36	582	2804	65592.83	1.1412672	3.757457	71.340965	0.10996036
13312000	2606.76	872	2804	65662.4	1.8594273	7.130637	160.54108	0.13833837
13328000	2451.42	791	2804	65731.27	1.7617751	6.1012335	120.11058	0.16567862
13344000	2347.78	120	2801	65799.71	2.2676713	6.128163	127.63597	0.18965092
13360000	2346.72	582	2804	65867.42	2.3915122	5.896233	74.86397	0.20268565
13376000	2313.08	782	2803	65935.82	3.3370998	9.9322815	144.92702	0.24133429
13392000	2520.72	120	2802	66006.84	3.2340534	6.549912	100.19068	0.309165
13408000	2463.98	120	2802	66076.46	3.702766	10.156483	129.39288	0.26446024
13424000	2394.78	582	2803	66145.75	3.9582753	11.43425	161.47392	0.276182
13440000	2557.72	1023	2804	66214.72	4.518319	12.673267	161.92677	0.2626094
13456000	2596.58	120	2804	66283.54	4.0924997	11.8700485	149.19562	0.36469865
13472000	2512.1	120	2802	66351.37	2.9533632	8.954328	169.40903	0.32697418
13488000	2316.64	582	2804	66420.22	3.0574138	6.3687	74.947014	0.21175194
13504000	2486.14	790	2801	66489.49	3.2725515	6.322635	86.08294	0.35088712
13520000	2529.0	1030	2802	66558.27	3.6743917	10.030855	161.57364	0.20853972
13536000	2501.04	586	2802	66626.62	3.495593	7.378755	140.50435	0.28500617
13552000	2522.24	786	2802	66694.9	3.049691	5.98937	82.44984	0.28220478
13568000	2447.76	582	2802	66763.51	2.8933923	6.1422253	108.062035	0.2994846
13584000	2568.52	865	2802	66833.22	3.0589833	5.309352	70.154785	0.25684792
13600000	2446.66	786	2804	66903.42	2.6834726	6.044646	107.3011	0.27653152
13616000	2483.28	794	2802	66972.32	3.0303223	7.252097	105.00341	0.3058338
13632000	2594.38	794	2806	67041.86	3.0206616	8.246063	111.732635	0.2271091
13648000	2609.04	794	2806	67111.57	2.9143608	6.6505246	88.8754	0.22309561
13664000	2645.46	1035	2803	67180.56	2.7308466	5.791919	64.33428	0.17789298
13680000	2497.48	765	2802	67248.11	2.1732333	4.5459375	69.17927	0.17923066
13696000	2368.36	582	2801	67317.18	2.196349	4.7464747	56.819695	0.22320633
13712000	2185.56	582	2802	67383.69	2.8568575	6.9314733	89.1812	0.20154803
13728000	2364.14	794	2802	67452.29	3.0592136	8.37811	147.45345	0.21242218
13744000	2167.28	794	2802	67520.24	3.2089453	9.000206	147.08511	0.21021356
13760000	1694.48	120	2802	67588.09	4.5969696	15.73382	165.81912	0.20377567
13776000	1469.3	582	2801	67654.02	7.1808496	18.798834	133.09816	0.29023474
13792000	2076.02	120	2801	67722.82	8.06712	18.442747	144.74815	0.28929484
13808000	2038.1	582	2802	67790.21	6.596858	16.96227	148.88937	0.30548838
13824000	1969.14	794	2804	67858.13	6.148839	16.643734	189.33879	0.26958412
13840000	2315.14	120	2804	67927.76	6.3854527	16.474598	186.48648	0.27062494
13856000	2395.08	775	2803	67995.82	6.923638	13.961238	109.30286	0.30724
13872000	2239.78	797	2802	68063.78	6.7286625	13.886555	126.385704	0.32856527
13888000	2483.84	120	2802	68132.76	4.6832013	11.225106	121.62268	0.2978922
13904000	2521.32	769	2803	68201.92	5.139122	12.612801	131.51471	0.34169722
13920000	2382.76	769	2801	68270.01	4.9105763	11.4558935	118.086334	0.32975513
13936000	2260.9	120	2802	68338.26	3.4781241	7.5923605	109.622574	0.36194754
13952000	2320.08	775	2802	68406.84	3.9799745	8.922868	144.19038	0.2916718
13968000	2107.26	775	2803	68472.66	3.5057638	8.643845	141.95493	0.40119863
13984000	2067.38	786	2801	68540.58	4.7231812	10.442806	145.35614	0.4088794
14000000	2360.0	133	2801	68609.14	4.068988	11.40073	190.61916	0.37911987
14016000	2464.1	781	2803	68677.74	4.115256	9.683265	128.05894	0.42613432
14032000	2126.7	1083	2802	68744.9	3.97151	10.062423	143.17622	0.38024253
14048000	2087.34	777	2803	68812.31	5.5405755	13.628987	171.12457	0.5322688
14064000	2173.54	589	2803	68879.54	6.137612	14.042872	153.7791	0.54540086
14080000	1991.4	785	2803	68946.91	4.912534	10.890641	156.55243	0.47136033
14096000	2130.7	785	2803	69014.46	4.906867	9.518311	114.028015	0.38538927
14112000	2351.44	589	2803	69082.35	5.637248	11.06373	146.83298	0.45112693
14128000	2434.6	589	2803	69149.83	4.675202	9.986348	138.55501	0.48586458
14144000	2533.66	589	2803	69217.14	5.346413	11.74341	144.9286	0.4083144
14160000	2526.48	589	2803	69285.87	4.096496	10.0755005	150.91943	0.2774418
14176000	2121.84	589	2805	69352.44	3.7116375	9.260503	152.963	0.3528924
14192000	2136.84	120	2805	69419.84	3.4640648	8.781042	140.16063	0.3677122
14208000	2194.5	120	2805	69487.91	3.7414663	10.420633	145.05533	0.40558767
14224000	2329.04	120	2805	69555.46	3.4033499	8.648834	152.0611	0.38504303
14240000	2346.18	120	2805	69623.77	4.1652207	11.200685	140.9666	0.3743105
14256000	2480.2	783	2803	69692.17	4.2982674	9.28362	113.97575	0.46377832
14272000	2336.24	875	2803	69758.74	3.535511	7.988832	123.996544	0.2617743
14288000	2273.72	588	2801	69826.2	3.6597524	7.1514797	122.76965	0.37838343
14304000	2589.32	1830	2801	69894.24	3.1742182	5.81951	66.20949	0.3496443
14320000	2474.22	586	2803	69961.47	3.2043307	5.1232014	55.214592	0.50986135
14336000	2530.14	589	2804	70030.72	3.5876937	6.964528	85.962234	0.44445163
14352000	2274.36	775	2802	70097.85	3.237594	6.8651075	98.80276	0.33509916
14368000	2185.14	120	2801	70166.32	3.1481285	5.5728593	85.0381	0.37984663
14384000	2504.0	772	2801	70235.49	3.028817	7.0167522	137.68097	0.33572072
14400000	2391.68	402	2801	70303.7	3.7367895	7.194688	94.063354	0.41059682
14416000	2563.08	784	2801	70372.03	3.1485507	5.586507	74.537964	0.42391038
14432000	2374.28	795	2802	70439.98	3.2997553	6.1363387	107.845955	0.3727346
14448000	2387.44	778	2803	70509.01	4.255666	8.169684	117.37276	0.46403065
14464000	2278.14	763	2803	70577.11	3.5984695	7.065688	125.36895	0.43874544
14480000	2333.3	789	2803	70644.26	4.1054406	8.192663	118.22167	0.49703038
14496000	2280.62	578	2803	70711.67	3.9318223	7.981671	131.44743	0.49167168
14512000	2303.96	120	2802	70779.92	3.6778312	8.658486	123.492775	0.45607907
14528000	2297.56	120	2803	70847.34	3.9441333	7.5260277	114.83474	0.40274614
14544000	2470.1	781	2804	70917.82	3.7934692	7.7396193	143.50677	0.44382244
14560000	2464.22	120	2805	70986.97	3.8205101	9.252788	130.74857	0.5242334
14576000	2428.74	120	2805	71056.78	4.5926747	12.353794	156.74031	0.38669682
14592000	2433.9	120	2802	71124.81	4.2052064	9.646816	129.72272	0.4338754
14608000	2253.66	120	2802	71194.21	4.364709	9.178486	109.02803	0.42516536
14624000	2530.48	133	2802	71263.64	4.0253906	10.991581	156.33206	0.40713435
14640000	2447.1	750	2804	71332.33	3.1551535	7.751693	134.1188	0.34599575
14656000	2387.16	750	2804	71400.69	3.8549929	10.600825	155.93636	0.33941084
14672000	2245.52	807	2802	71469.31	3.9041958	11.39507	225.97537	0.3970238
14688000	2206.86	778	2805	71538.02	3.9150436	7.701848	92.211365	0.40592128
14704000	2273.26	120	2805	71605.92	4.412828	8.509755	98.72431	0.47434875
14720000	2329.8	120	2804	71673.7	4.348253	8.467501	151.74057	0.38230202
14736000	2440.9	133	2804	71741.54	4.6426535	9.795055	142.40834	0.4593628
14752000	2485.02	702	2804	71810.26	4.7697473	11.556566	156.38184	0.43566978
14768000	2299.48	588	2804	71878.7	4.4199986	10.277337	147.48761	0.4267745
14784000	2284.36	120	2805	71946.98	4.1613092	10.188771	130.592	0.3279069
14800000	2597.68	120	2806	72016.03	3.2656894	8.038211	149.6978	0.38511595
14816000	2691.84	800	2806	72084.93	3.1099083	8.489138	156.87518	0.26261693
14832000	2621.24	793	2805	72154.84	3.2004614	10.6515255	151.45804	0.3005352
14848000	2493.58	793	2804	72224.12	2.2947893	6.3509293	150.13911	0.2501258
14864000	2527.14	844	2804	72292.96	2.3021061	8.348996	150.36925	0.29278126
14880000	2568.42	786	2806	72362.4	1.7188447	3.5226588	44.91245	0.23656535
14896000	2365.9	770	2804	72431.98	2.2550302	6.129586	102.07228	0.28404707
14912000	2389.24	120	2804	72501.4	2.6560426	6.5027485	115.47955	0.2624119
14928000	2432.12	120	2804	72570.52	2.7962599	8.208524	155.27228	0.31482267
14944000	2669.08	1224	2805	72641.25	2.7219002	8.656965	159.49567	0.27211276
14960000	2595.78	586	2803	72710.45	2.122645	7.311604	154.06253	0.20635083
14976000	2413.88	586	2803	72779.47	2.0811362	6.170242	89.71709	0.20675111
14992000	2367.18	120	2804	72849.22	2.376125	7.154463	120.60012	0.23050216
15008000	2448.72	120	2804	72918.76	2.6795518	8.748169	111.6441	0.17015603
15024000	2442.0	120	2802	72987.71	2.0005066	5.5531964	103.60862	0.176911
15040000	2588.44	786	2804	73057.72	2.671039	8.480422	126.13841	0.18975997
15056000	2588.78	800	2807	73125.77	2.7332447	7.343228	97.12419	0.25970447
15072000	2357.6	588	2806	73194.12	2.8790133	7.4344354	160.99892	0.25110504
15088000	2446.26	120	2804	73261.89	2.3024058	6.8242693	156.12085	0.21907401
15104000	2492.92	120	2803	73331.9	2.3445039	6.829478	150.7547	0.25386184
15120000	2312.32	797	2805	73401.12	2.7339647	8.497464	157.4938	0.2504727
15136000	2338.1	586	2803	73469.7	2.8797212	7.6292076	160.36794	0.26466757
15152000	2310.86	120	2803	73539.8	3.0941398	8.652399	158.93922	0.30294463
15168000	2405.9	785	2803	73609.26	2.851735	7.9643536	164.60841	0.24178985
15184000	2396.12	769	2805	73678.23	2.694022	8.195393	153.17256	0.23482895
15200000	2441.4	120	2805	73747.39	2.5977728	9.079476	172.65451	0.17644465
15216000	2067.44	120	2802	73817.46	2.9723337	10.360776	166.55453	0.28487876
15232000	2237.6	120	2803	73886.42	3.4360948	12.4008665	162.29189	0.16893338
15248000	1976.88	589	2804	73954.25	4.0765533	15.549871	240.873	0.2701933
15264000	1350.9	781	2803	74019.85	5.196457	17.628601	140.05408	0.20777634
15280000	1518.52	790	2802	74088.91	7.0597906	17.034027	168.222	0.2574966
15296000	2023.42	120	2803	74157.97	7.304282	16.323498	207.80286	0.220521
15312000	2284.9	792	2807	74226.2	6.811725	14.439963	100.02358	0.35521203
15328000	2370.34	786	2804	74294.94	8.077911	17.511602	146.9921	0.31203547
15344000	2493.2	794	2803	74363.86	5.742756	12.773356	108.23694	0.38123995
15360000	2493.6	800	2803	74433.95	6.2420774	14.977825	160.326	0.4659052
15376000	2477.84	800	2804	74502.41	5.14931	11.80674	135.34554	0.4575458
15392000	2137.54	786	2803	74571.56	4.7965655	11.644082	113.587	0.41508847
15408000	2005.92	786	2802	74640.71	5.1326756	12.870266	122.04518	0.4355263
15424000	2232.9	800	2802	74708.86	4.393485	11.81246	134.33546	0.4746797
15440000	1978.88	120	2804	74777.83	4.810371	14.0468645	179.59393	0.32711223
15456000	2437.76	797	2804	74846.38	4.9391184	13.606648	170.14711	0.4263084
15472000	2404.62	766	2804	74915.01	4.3148956	11.936789	180.3843	0.4333836
15488000	2299.16	194	2804	74983.13	3.8515086	8.916114	134.4814	0.39384508
15504000	2301.4	194	2804	75053.16	4.9053917	13.003663	170.18655	0.37893707
15520000	2377.28	797	2804	75122.18	4.842957	13.532321	182.04529	0.44231004
15536000	2417.34	795	2804	75190.43	5.313091	13.333744	172.17976	0.48911357
15552000	2379.44	771	2804	75259.09	4.354314	12.080767	163.3081	0.41455674
15568000	2206.18	120	2804	75326.72	4.693639	12.30764	164.88994	0.41428193
15584000	2314.14	792	2804	75394.85	4.7840743	12.952282	138.03249	0.5065968
15600000	2409.38	764	2804	75464.11	5.6500835	14.170213	147.50494	0.3294735
15616000	2326.18	120	2804	75531.78	4.6452246	9.42845	94.10066	0.40979254
15632000	2322.26	120	2804	75601.43	4.255262	9.746226	138.38504	0.3427758
15648000	2323.06	120	2804	75670.36	4.2616434	10.853524	151.37103	0.27994362
15664000	2437.82	794	2804	75739.74	4.204543	9.644021	119.29006	0.32254213
15680000	2455.28	794	2804	75809.63	4.0861955	11.434399	170.14037	0.31571767
15696000	2274.28	589	2804	75877.23	3.8644783	10.954837	178.13441	0.2734145
15712000	2179.8	120	2804	75945.94	4.63245	12.995832	179.17876	0.33973712
15728000	1812.76	774	2802	76013.73	4.7082605	14.795753	164.80472	0.39474878
15744000	1743.1	574	2802	76081.15	6.1766014	16.398867	157.10945	0.24074161
15760000	2121.84	794	2803	76148.06	6.23012	13.829316	120.430145	0.38109142
15776000	1835.16	579	2803	76216.19	7.5516486	14.718949	142.5315	0.54188436
15792000	2263.46	586	2803	76284.23	8.060666	14.463854	147.61893	0.53274834
15808000	1998.22	583	2803	76352.88	8.631081	15.986775	127.90857	0.5305351
15824000	1824.96	775	2806	76420.8	8.210087	14.419026	101.2353	0.62421083
15840000	1855.5	120	2803	76488.65	7.6509657	13.996961	124.67236	0.63967514
15856000	2155.2	412	2803	76557.14	6.796164	12.362919	122.107704	0.7105048
15872000	2205.48	120	2804	76626.01	8.130177	15.138806	127.63824	0.6288695
15888000	2191.92	412	2804	76694.48	7.689623	14.671495	136.89595	0.7079408
15904000	2302.34	412	2803	76763.33	6.1249375	10.859499	84.996086	0.523065
15920000	1778.3	784	2805	76830.97	4.878496	8.881499	101.56637	0.4689889
15936000	2108.82	784	2805	76898.87	4.9825525	10.713988	163.18288	0.52808595
15952000	2171.2	795	2806	76966.1	5.532791	11.159417	103.46338	0.47313887
15968000	2273.04	795	2804	77034.7	5.416208	11.440115	158.68251	0.49013498
15984000	2536.1	794	2804	77104.02	5.1999183	12.540732	167.92397	0.5375103
16000000	2451.66	588	2803	77171.39	5.438487	13.566693	160.5281	0.5158719
16016000	2316.1	588	2803	77239.23	5.3545623	12.014356	152.44093	0.47723716
16032000	2339.46	582	2803	77307.5	4.472252	11.228352	151.81345	0.3707044
16048000	2350.46	588	2803	77375.59	4.040171	9.084274	82.43432	0.39777783
16064000	2496.36	791	2803	77444.96	3.668512	10.139206	173.74644	0.40608275
16080000	2394.84	795	2802	77514.16	4.2348905	10.024565	104.457466	0.36966783
16096000	2518.76	794	2802	77584.84	3.3129003	8.036545	109.02288	0.33484137
16112000	2482.5	791	2802	77653.89	2.915082	6.843623	77.79404	0.23317271
16128000	2520.56	120	2804	77723.33	2.7712064	5.685956	62.973385	0.27204937
16144000	2416.78	120	2803	77792.88	2.9953158	7.503356	86.714745	0.3168895
16160000	2468.74	120	2804	77861.73	2.48944	5.8032274	77.815895	0.2572063
16176000	2552.08	120	2803	77932.08	2.5652947	6.037769	59.820213	0.30655086
16192000	2332.54	120	2803	78000.88	2.6284244	6.09016	74.30332	0.28670806
16208000	2230.5	584	2803	78068.4	2.8812618	6.8089576	88.45721	0.24652526
16224000	2140.36	585	2803	78137.4	3.9847393	11.717655	171.39178	0.33219662
16240000	2351.24	767	2803	78204.97	4.289842	12.8669	166.79295	0.43679044
16256000	2481.5	767	2802	78273.07	3.3853374	8.906309	165.68607	0.30494684
16272000	2280.96	588	2804	78342.15	3.668215	8.282385	100.57137	0.2898567
16288000	2231.2	120	2805	78411.3	4.7802696	12.547131	164.42923	0.3918241
16304000	2316.64	380	2805	78480.75	4.1065917	8.757883	143.6887	0.3661072
16320000	2528.36	795	2802	78550.0	3.858255	9.793754	148.59747	0.37747988
16336000	2283.52	120	2802	78618.08	2.857855	7.064597	142.00696	0.2859456
16352000	2153.62	795	2804	78685.79	3.3148189	7.2790823	79.01583	0.2610087
16368000	2354.02	120	2802	78754.53	3.8501256	9.618664	158.93651	0.39509797
16384000	2361.3	120	2801	78822.51	4.1106286	8.973886	158.61676	0.3476577
16400000	2182.38	373	2802	78889.83	3.6064591	7.312398	105.863556	0.30609885
16416000	2387.28	588	2802	78959.1	3.4065266	7.674937	150.90279	0.36799437
16432000	1898.78	588	2802	79026.82	5.3413897	14.447213	158.67	0.49178332
16448000	1909.68	588	2801	79095.39	6.6478953	16.663267	155.63966	0.45179287
16464000	2327.82	795	2803	79163.25	5.7341366	15.141845	157.59239	0.45398784
16480000	2340.54	120	2802	79233.4	5.611864	16.072739	150.96024	0.38506192
16496000	2378.64	120	2803	79302.16	5.860591	17.317373	177.46457	0.2991014
16512000	2452.18	795	2803	79370.51	6.4798136	18.21015	142.73006	0.31973708
16528000	2435.36	758	2802	79444.21	5.4873114	14.664465	119.47257	0.33693022
16544000	2360.86	412	2802	79523.27	4.3780627	13.453494	153.35649	0.3062777
16560000	2084.18	788	2803	79601.61	4.147245	12.688542	139.98422	0.28908974
16576000	2066.76	788	2802	79679.05	4.989596	13.454472	168.1473	0.37542808
16592000	2279.44	790	2803	79755.19	5.3699727	11.272399	108.632385	0.42660868
16608000	2491.88	799	2803	79832.03	4.816247	11.683323	164.81885	0.26941457
16624000	2488.02	791	2801	79908.52	5.5696507	14.37333	144.82948	0.3178506
16640000	2337.88	780	2803	79984.59	5.78109	13.27391	135.41313	0.38092864
16656000	2456.78	786	2803	80059.86	5.7748847	12.467201	131.34262	0.45429355
16672000	2561.28	797	2803	80135.53	4.7744393	9.55196	141.20105	0.40002507
16688000	2423.22	729	2803	80209.2	4.0751767	7.034787	80.430695	0.3554483
16704000	2278.1	729	2803	80283.62	5.3072987	9.7611685	101.60083	0.49019933
16720000	2509.66	773	2805	80357.35	3.9183106	6.6076436	70.15203	0.4129352
16736000	2384.04	792	2806	80431.93	4.883788	9.294893	95.51546	0.4638805
16752000	2545.46	792	2806	80507.7	4.754115	8.670451	99.25402	0.4214465
16768000	2478.62	787	2804	80583.28	4.144898	7.7904053	76.03146	0.3573414
16784000	2229.62	796	2806	80656.11	4.312901	8.789073	122.762085	0.41449395
16800000	2363.9	796	2803	80727.25	4.782755	9.75171	149.02426	0.3331904
16816000	2577.44	780	2803	80800.15	3.8499067	8.22823	103.70863	0.31473598
16832000	2251.1	583	2803	80871.58	4.246587	8.894021	120.2701	0.3167144
16848000	1896.9	120	2804	80943.67	5.167474	10.4585085	113.40096	0.34763694
16864000	2249.44	120	2804	81017.61	6.1158133	14.555607	156.37682	0.3743139
16880000	2315.86	589	2803	81088.81	5.5688515	12.120276	117.31117	0.35725594
16896000	2426.66	120	2803	81160.72	5.769428	12.828176	107.93827	0.3493294
16912000	2635.48	798	2803	81232.99	5.883106	12.2703	102.89549	0.36303303
16928000	2312.42	737	2805	81304.56	4.813017	10.072073	88.39912	0.2597258
16944000	2302.02	737	2805	81377.59	4.34143	10.892033	152.41188	0.37013355
16960000	2633.8	758	2803	81450.84	3.0838437	7.802948	127.91543	0.2849341
16976000	2514.98	758	2803	81523.23	2.9230635	7.0114617	83.587715	0.27965054
16992000	2553.98	797	2805	81596.54	3.1377475	8.245651	95.53408	0.24571244
17008000	2517.24	120	2805	81669.14	2.8109686	6.864491	87.89246	0.28976154
17024000	2520.1	120	2804	81741.62	3.453913	10.819469	159.68721	0.28814343
17040000	2535.98	790	2804	81814.02	2.1493115	4.7741265	65.12619	0.21341234
17056000	2644.66	790	2804	81886.81	2.4378715	7.134154	124.88262	0.23638465
17072000	2539.26	868	2804	81958.08	2.6007109	8.319006	168.33438	0.22937141
17088000	2331.26	794	2803	82029.0	2.8340673	7.6832113	104.71123	0.24675584
17104000	2430.7	291	2803	82102.58	2.4330363	7.8009152	161.96179	0.24357402
17120000	2679.14	1219	2802	82176.19	2.8649726	8.321676	86.33688	0.28095457
17136000	2397.18	120	2802	82248.78	2.4530427	6.087524	81.255684	0.25336355
17152000	2414.34	791	2803	82324.58	2.3718753	5.352177	77.542274	0.2718136
17168000	2580.44	797	2803	82399.48	3.182967	7.2032924	81.21366	0.22106943
17184000	2499.26	796	2802	82475.37	2.6339867	6.1967864	111.510254	0.22124356
17200000	2467.94	767	2804	82551.81	2.483555	5.425779	73.40404	0.29361993
17216000	2523.06	767	2804	82628.39	2.3206527	5.5693264	76.52599	0.19475791
17232000	2513.76	795	2801	82704.39	2.097599	8.009926	164.12315	0.20992568
17248000	2499.06	793	2804	82779.21	2.1898067	7.5980816	123.550476	0.2321955
17264000	2537.2	797	2804	82853.49	2.0053594	5.7503414	92.12001	0.21920022
17280000	2616.68	1221	2801	82928.74	2.0374782	5.8598957	119.65542	0.24664205
17296000	2519.4	794	2801	83004.41	2.387453	5.2273574	59.5497	0.26370007
17312000	2544.64	770	2802	83078.73	2.8557854	7.863203	141.29102	0.29894662
17328000	2521.42	786	2802	83153.06	3.661722	7.987324	89.49217	0.3157971
17344000	2614.28	715	2802	83226.9	3.4791186	7.5922613	100.136734	0.28606135
17360000	2613.1	715	2803	83302.41	3.9478183	8.876725	88.507416	0.27282783
17376000	2617.84	1037	2803	83378.36	4.7347403	11.033052	144.81773	0.34395072
17392000	2441.72	397	2802	83452.44	4.844521	10.741	83.15089	0.3179258
17408000	2497.66	397	2801	83527.77	5.222956	12.280701	126.67492	0.3404504
17424000	2479.18	783	2802	83601.07	5.163786	12.844346	132.5882	0.32925346
17440000	2263.56	726	2802	83672.18	4.3380594	11.46885	150.37088	0.2831563
17456000	2406.96	726	2802	83745.99	3.6269293	8.791639	86.0714	0.36650294
17472000	2066.84	120	2802	83818.21	3.4498115	10.045548	116.58133	0.37338465
17488000	1617.36	120	2804	83891.18	4.025672	11.304748	175.65025	0.33100158
17504000	2425.14	784	2802	83965.72	4.206734	11.344018	114.908226	0.34017715
17520000	2604.7	1035	2801	84040.11	3.3516712	8.042916	84.121346	0.2792914
17536000	2495.24	793	2802	84114.04	3.4334762	8.879215	123.40995	0.27847457
17552000	2271.36	120	2801	84188.94	3.1933725	8.626331	126.93483	0.27974033
17568000	2417.9	767	2803	84262.73	3.7463906	10.811702	149.82065	0.35405067
17584000	2612.8	795	2805	84336.18	3.1416154	8.753939	130.16815	0.26044768
17600000	2528.7	791	2804	84409.47	3.6719542	9.188989	140.64445	0.30546248
17616000	2492.68	794	2802	84484.02	3.9929442	11.118564	128.87805	0.33766398
17632000	2610.98	769	2802	84558.43	3.5813	9.29557	124.94673	0.32777724
17648000	2516.9	794	2804	84632.45	3.234505	7.466148	120.6676	0.26591945
17664000	2243.62	794	2804	84705.56	3.3005688	7.2109103	94.45661	0.21818314
17680000	2347.1	779	2803	84777.18	3.2046504	6.8189445	110.614876	0.2739675
17696000	2457.12	1032	2802	84850.16	4.5167313	11.5392885	147.48671	0.2696964
17712000	2461.86	790	2802	84923.05	3.8755298	8.039729	88.06057	0.3157682
17728000	2419.0	797	2802	84995.4	4.1931	8.149287	97.96189	0.29248726
17744000	2470.4	797	2802	85070.75	4.345159	8.702989	105.62807	0.3648274
17760000	2556.48	797	2802	85144.95	3.6311076	6.4569035	97.41589	0.27910113
17776000	2577.62	807	2802	85218.64	3.2533598	5.6393766	51.042046	0.2097463
17792000	2509.18	523	2803	85293.0	3.647706	9.551526	173.87152	0.327747
17808000	2394.86	791	2803	85366.48	3.204819	6.8691688	105.081375	0.27028102
17824000	2270.42	789	2802	85438.18	3.2553122	8.25469	105.610115	0.22984515
17840000	2040.32	588	2803	85510.65	3.842246	10.4499655	141.20648	0.2808882
17856000	1974.46	577	2803	85582.66	4.691031	12.422258	157.9862	0.3289879
17872000	1994.72	120	2801	85656.03	4.5715227	11.390288	148.04895	0.28801233
17888000	2335.08	786	2803	85728.69	5.1917167	11.949491	154.76747	0.3203306
17904000	2400.82	678	2803	85802.92	5.669376	14.01641	163.14693	0.32283023
17920000	2229.12	120	2803	85876.48	5.5628066	11.463968	113.701866	0.35688013
17936000	2204.98	772	2803	85950.77	5.8368516	11.729264	113.3924	0.36799246
17952000	2300.82	120	2803	86024.63	6.323045	13.096841	179.90045	0.36079416
17968000	2254.48	120	2802	86097.84	5.3436484	9.270616	81.13752	0.39048028
17984000	2311.86	582	2803	86173.11	5.8933654	11.985166	147.7233	0.42748663
18000000	1747.16	740	2802	86246.01	5.871961	15.222412	147.79544	0.3796343
18016000	1420.34	792	2802	86316.73	8.806207	19.427307	144.9538	0.3640914
18032000	1758.08	781	2802	86387.39	9.508447	18.107273	162.82555	0.26909825
18048000	2249.72	781	2804	86459.77	9.263446	15.691108	115.20001	0.29474825
18064000	2274.72	795	2803	86532.54	9.622915	16.484556	123.684975	0.43916935
18080000	2261.02	777	2803	86605.98	10.110123	16.809612	108.80205	0.3016128
18096000	2211.32	751	2802	86679.97	9.534843	15.11706	123.56124	0.4957872
18112000	1974.04	786	2803	86754.86	9.16962	15.25819	143.8462	0.39542693
18128000	2523.02	786	2803	86829.08	8.03178	14.49047	114.51296	0.4648527
18144000	2510.42	120	2805	86901.95	6.345715	11.362103	86.861916	0.34721005
18160000	2404.22	120	2804	86975.5	6.0522904	13.011485	182.18124	0.37142396
18176000	2226.68	582	2802	87048.25	5.425892	11.798683	145.09653	0.34085393
18192000	2457.62	792	2802	87121.78	4.5360627	8.910776	80.716896	0.23046833
18208000	2616.32	1030	2802	87195.12	3.918573	8.6576	93.84816	0.27059373
18224000	2417.64	120	2804	87268.26	4.198073	10.966786	172.71663	0.2755528
18240000	2265.98	120	2802	87341.39	4.0671844	9.998168	149.12274	0.31575963
18256000	2461.16	798	2803	87416.65	3.4909678	7.5511966	100.5462	0.29814878
18272000	2616.46	120	2802	87491.18	3.0867422	8.783391	153.59906	0.2908982
18288000	2645.88	120	2805	87566.83	2.211697	4.821134	63.029263	0.24350198
18304000	2491.52	120	2803	87643.78	2.5497437	7.8666477	155.49242	0.22590078
18320000	2281.62	778	2801	87719.86	2.4818115	7.2685895	109.915855	0.20467281
18336000	2344.1	782	2802	87795.64	2.092154	7.0159507	157.12476	0.17335702
18352000	2464.7	786	2802	87871.6	1.8510041	5.0801353	93.550476	0.205145
18368000	2670.82	1027	2804	87948.99	1.6926583	5.6609354	154.70679	0.17632493
18384000	2698.86	794	2803	88023.83	2.1790907	6.567321	162.12251	0.21380414
18400000	2625.34	589	2801	88096.28	2.3207858	6.945809	156.57736	0.22446746
18416000	2648.78	589	2801	88169.18	2.0351236	6.6495113	154.38243	0.19090933
18432000	2475.48	795	2802	88240.58	2.2657866	6.900694	116.15997	0.21404418
18448000	2525.1	795	2802	88310.54	2.5769439	9.83536	163.57745	0.23008943
18464000	2501.68	-133	2802	88381.71	2.3210385	6.428632	113.71926	0.25446036
18480000	2307.28	-133	2801	88454.37	2.7866132	8.750966	167.39366	0.241682
18496000	2472.44	786	2802	88527.67	2.4919424	6.2646413	103.77136	0.1970419
18512000	2450.76	797	2802	88599.35	2.5912519	5.2000246	65.78496	0.23252045
18528000	2420.2	797	2802	88672.22	2.9361362	8.568638	165.32428	0.21547617
18544000	2551.04	797	2806	88745.07	2.0479252	5.4235487	64.17166	0.22159511
18560000	2510.7	797	2802	88818.07	1.7160922	5.1007833	77.989395	0.15190974
18576000	2540.86	1223	2802	88890.25	1.7555869	5.554742	88.059456	0.15005282
18592000	2579.42	589	2803	88964.42	1.7207297	5.671382	83.530716	0.14487536
18608000	2544.76	797	2802	89036.43	1.6992029	4.931305	74.61136	0.13398471
18624000	2499.96	797	2801	89106.93	1.9710529	8.439935	160.12994	0.12822571
18640000	2398.24	797	2803	89178.44	1.9251413	5.637194	73.73682	0.14443581
18656000	2434.72	791	2803	89252.61	2.43997	7.8853955	97.773895	0.15881956
18672000	2427.36	782	2804	89324.05	1.6262221	4.5918646	65.75189	0.13699342
18688000	2429.84	797	2803	89396.14	2.6510127	7.7364607	108.77063	0.15906137
18704000	2427.16	1026	2803	89468.45	2.3192458	7.560956	84.748215	0.15849778
18720000	2263.92	589	2803	89538.97	2.6264322	8.363405	135.83925	0.15315375
18736000	2526.44	1035	2804	89611.37	3.137262	8.019225	119.14763	0.119316414
18752000	2481.34	120	2804	89683.36	2.135747	6.506745	156.61356	0.12926649
18768000	1959.0	795	2804	89752.45	2.8494546	12.450144	159.80939	0.19208512
18784000	1946.02	795	2805	89824.94	3.6559618	12.26292	158.34457	0.18497688
18800000	2451.72	792	2804	89899.75	3.4454606	11.135298	160.32994	0.19550903
18816000	2513.46	795	2804	89972.04	3.4102461	10.553269	150.29585	0.16125864
18832000	2354.06	795	2802	90044.99	3.486746	11.516959	153.10992	0.17256567
18848000	2507.94	797	2804	90118.03	2.3987062	7.1791096	65.36192	0.19966842
18864000	2309.82	791	2802	90188.66	2.4248009	6.545719	63.055313	0.2128849
18880000	2013.88	589	2801	90258.92	2.930709	8.280418	105.900444	0.21873078
18896000	2262.68	797	2802	90329.13	3.1486828	9.060564	98.39029	0.23089589
18912000	2236.62	386	2802	90400.93	4.529545	10.463202	112.35209	0.21521163
18928000	2197.92	586	2804	90472.5	4.3440986	9.61122	151.50029	0.25577545
18944000	2299.32	133	2804	90544.96	4.832757	10.073874	114.69049	0.3577275
18960000	2372.1	792	2803	90615.84	4.994365	10.145253	96.56471	0.34653038
18976000	2353.06	532	2803	90684.58	5.0474353	9.941695	109.941315	0.31654096
18992000	2379.34	532	2802	90753.52	4.5839977	9.706785	137.54613	0.44466206
19008000	2295.82	773	2804	90823.04	4.165483	8.770013	117.48031	0.3290224
19024000	2547.14	1023	2804	90895.52	3.4704175	6.9679246	91.131134	0.27901953
19040000	2472.0	799	2805	90967.15	2.9632611	7.209885	135.04713	0.2588124
19056000	2275.42	133	2802	91038.51	2.7854128	7.386267	161.35085	0.24912713
19072000	2347.52	798	2803	91112.29	3.1052063	8.160957	125.44492	0.28461874
19088000	2355.3	1023	2802	91186.8	2.5848825	5.270158	50.725964	0.20452467
19104000	1636.16	585	2801	91260.78	3.6701338	8.171661	81.50953	0.19317888
19120000	1881.6	589	2801	91338.02	3.5289147	8.765163	189.57997	0.29023024
19136000	1766.18	120	2801	91412.22	4.9215145	11.789355	148.55206	0.34924996
19152000	2245.12	798	2802	91485.29	5.919575	13.507425	157.71082	0.3213871
19168000	2392.3	589	2803	91555.94	4.917913	11.442989	134.90407	0.33201197
19184000	2286.12	589	2803	91628.16	4.666123	10.444301	151.15955	0.35627428
19200000	2087.0	791	2803	91699.96	6.2718625	13.510668	160.43718	0.44745934
19216000	2220.22	791	2802	91772.37	5.72925	11.540156	122.562126	0.4921224
19232000	2275.7	786	2802	91844.53	5.527249	10.024955	115.934204	0.5650144
19248000	2443.62	120	2803	91918.4	5.0609937	10.776937	176.82614	0.62352353
19264000	2336.62	120	2803	91990.1	4.1947317	8.201523	122.62433	0.42279905
19280000	2484.52	120	2803	92062.62	4.523731	10.039279	156.69655	0.60285735
19296000	2424.5	786	2805	92133.98	3.690284	7.2964897	95.234764	0.5006881
19312000	2278.46	795	2805	92205.87	3.895646	10.339366	154.86115	0.48191613
19328000	2304.1	792	2803	92277.72	3.222482	6.2439785	77.85433	0.40470973
19344000	2279.56	836	2802	92348.23	3.3321254	8.2712145	106.96908	0.31084323
19360000	2095.44	194	2802	92419.43	4.391085	9.688476	121.13008	0.4794392
19376000	2002.82	120	2801	92490.81	5.033251	10.998544	130.673	0.46144134
19392000	2106.44	120	2801	92561.52	4.329566	9.924473	143.47643	0.5199954
19408000	2159.6	120	2803	92632.83	5.0555987	12.234623	151.63857	0.45284313
19424000	2161.62	523	2806	92705.4	5.120246	13.923855	144.52055	0.41996062
19440000	2308.48	523	2805	92777.89	4.4929934	10.6704445	123.944916	0.40135843
19456000	2333.68	1085	2805	92851.12	4.768882	10.049203	121.308	0.40529022
19472000	1925.94	1085	2804	92922.45	4.154257	10.106613	145.95457	0.4075746
19488000	1238.1	113	2802	92991.02	5.4297915	12.648457	153.99908	0.4320897
19504000	1673.32	589	2803	93062.26	6.542422	14.410618	162.73311	0.35170466
19520000	2242.14	789	2803	93133.95	7.3750734	16.162533	144.0713	0.47021928
19536000	2242.26	523	2802	93205.24	7.5560255	16.221647	162.26663	0.4658783
19552000	2039.22	111	2802	93276.52	6.9302373	14.441465	125.35065	0.3630932
19568000	2256.74	877	2803	93350.23	7.0561104	14.85746	131.70398	0.4412439
19584000	2154.82	783	2804	93427.35	5.991699	12.262944	108.59753	0.43858576
19600000	2224.36	588	2804	93505.32	4.902104	10.6707	127.5806	0.4366446
19616000	2125.98	120	2805	93582.95	4.969781	11.024239	124.725525	0.32739854
19632000	2423.1	798	2805	93655.82	4.2128344	9.746664	127.34439	0.37206677
19648000	2524.18	798	2803	93728.97	4.034743	9.719447	140.4157	0.47752044
19664000	2240.72	589	2804	93801.76	3.6947627	9.72003	118.68675	0.34062827
19680000	2081.68	390	2806	93874.24	5.341038	12.558164	145.73141	0.39846528
19696000	1993.66	789	2803	93945.57	5.9158897	12.790913	129.99475	0.4611151
19712000	2361.56	778	2802	94017.41	5.467382	10.921353	103.90085	0.5095213
19728000	2181.04	778	2802	94089.55	5.942172	12.334432	156.62961	0.5439846
19744000	2131.5	702	2804	94161.93	5.9260087	12.400211	130.77957	0.6617134
19760000	2111.8	120	2801	94232.87	7.4157577	14.688522	135.11536	0.593133
19776000	2185.86	133	2801	94303.8	6.1574173	10.790002	154.13213	0.66576326
19792000	1913.36	133	2802	94375.11	5.6808248	10.627736	140.00247	0.43801066
19808000	2242.16	133	2805	94448.15	6.2350664	13.1999	169.90616	0.40933973
19824000	2532.86	785	2803	94522.11	6.9471493	14.4348345	164.1104	0.5107312
19840000	2449.72	1086	2803	94595.45	5.619044	11.833718	83.88494	0.3955196
19856000	2330.0	794	2803	94667.59	5.738237	13.984525	144.6317	0.44379365
19872000	2484.52	794	2803	94740.33	5.0247416	11.638816	128.80519	0.3111662
19888000	2581.14	120	2802	94812.62	4.5814595	11.445353	166.24475	0.35914266
19904000	2531.82	798	2804	94885.65	2.5177557	6.9823422	146.77087	0.26410443
19920000	2500.2	798	2804	94959.52	2.6784463	8.473163	161.9614	0.22174281
19936000	2538.02	783	2804	95034.51	2.048666	4.175839	49.8164	0.16422422
19952000	2385.18	783	2802	95108.42	2.6459134	7.7975817	155.42813	0.20134307
19968000	2404.94	798	2803	95183.57	2.217767	5.454185	109.39411	0.24126804
19984000	2592.9	798	2804	95257.63	3.4239419	12.496152	163.07823	0.28394192
20000000	2529.48	792	2803	95331.32	2.0787234	4.897407	80.787964	0.23013264
