TotalEnvInteracts	AverageEpRet	MinEpRet	MaxEpRet	time	Averageloss	Stdloss	Maxloss	Minloss
32000	368.49	241	958	66.06	0.3379349054074755	0.27186917783983994	2.2642002	0.009863884
64000	364.63	241	952	149.85	0.9778017578125	0.8505045391950629	5.8925633	0.08902986
96000	425.15	246	1389	237.73	1.957436279296875	1.4582508719245637	10.303764	0.19842935
128000	361.34	240	1139	325.64	3.047048828125	2.084511333622343	12.113823	0.35478184
160000	375.51	246	1357	414.66	3.832850830078125	2.524675489666939	18.771297	0.4928493
192000	367.09	240	932	502.8	4.4317109375	2.7754562195362587	20.329628	0.6258081
224000	354.27	240	1387	590.36	4.78196728515625	3.127343808549837	22.431774	0.51124287
256000	354.08	240	955	679.3	5.25617919921875	3.5961031697953967	21.642326	0.70672953
288000	349.78	240	959	768.35	5.890921875	4.548663522810848	29.79404	0.5559608
320000	368.88	240	1248	858.15	5.9718662109375	4.58485469542111	35.360756	0.56157595
352000	392.03	240	1398	947.4	5.9121064453125	4.445585064139477	26.207748	0.44479138
384000	394.44	240	945	1035.43	5.4653466796875	4.191705444237464	26.239473	0.65083754
416000	367.1	240	956	1123.1	5.24434912109375	4.014903631704627	29.899488	0.586435
448000	413.81	240	960	1211.24	4.86495556640625	3.910474965157685	42.758244	0.5210967
480000	360.98	240	818	1298.64	4.89997119140625	3.86141696992503	28.053078	0.53104055
512000	358.62	240	1409	1385.92	4.3811298828125	3.6074396867792538	28.476948	0.49619222
544000	352.29	240	904	1474.29	4.1874091796875	3.3988931447421233	28.590801	0.4765845
576000	368.82	240	902	1563.01	4.4001552734375	3.3846828691917357	22.647863	0.5648735
608000	458.03	240	1252	1652.29	4.3197958984375	3.2320009403038545	25.822292	0.40674326
640000	371.68	240	916	1741.45	4.52231591796875	3.3948386835754065	29.944715	0.64410496
672000	315.84	240	722	1830.45	4.37588818359375	3.0577003205023217	18.414507	0.6639687
704000	257.57	240	388	1921.53	4.53305810546875	3.084504493229018	25.686007	0.63274485
736000	287.55	240	771	2011.74	4.3676787109375	2.8911871075087823	19.767437	0.641571
768000	265.93	240	551	2104.87	4.5645703125	2.930150046819275	28.095278	0.779282
800000	257.1	240	530	2197.02	4.82953076171875	3.1575982578238957	24.889149	0.78251487
832000	266.53	240	645	2288.58	5.00626708984375	3.2115020032980675	22.981758	0.7428438
864000	268.58	240	726	2380.99	5.37997412109375	3.5063757497503745	26.665451	0.8014302
896000	291.07	240	759	2473.87	5.642466796875	3.8397190499843212	34.480232	0.6242634
928000	245.52	240	379	2565.42	6.1816220703125	4.278542483282128	31.138395	0.63153625
960000	276.07	240	379	2659.09	5.69253369140625	4.255980167658209	28.667412	0.6278796
992000	243.94	240	630	2750.9	5.6812255859375	4.550053656963838	38.665993	0.6612637
1024000	291.3	240	559	2841.42	5.8133505859375	4.927101788196587	39.659763	0.54583365
1056000	353.29	240	811	2931.76	6.15222412109375	5.838602345060845	36.863766	0.53120595
1088000	311.13	240	645	3021.92	6.8939931640625	7.184981895854018	45.65177	0.5806569
1120000	289.81	240	819	3111.09	6.29621484375	7.061498822842074	52.638645	0.4456439
1152000	240.0	240	240	3201.01	5.805369140625	6.48397845173008	50.99642	0.31205693
1184000	298.27	240	955	3290.07	5.0677841796875	6.097120221875242	33.214844	0.2376325
1216000	411.55	240	961	3377.7	4.61268994140625	5.762102752034191	31.435762	0.22510403
1248000	267.87	240	545	3465.61	4.918513671875	5.848680740667078	39.796547	0.30586287
1280000	340.55	240	812	3554.74	4.6633828125	6.2986946812415034	38.067207	0.24362119
1312000	319.3	240	750	3643.39	5.140171875	6.144575224334063	33.846508	0.18736339
1344000	459.82	240	1244	3730.52	5.21381640625	6.065023959144762	42.624397	0.21322563
1376000	453.6	240	912	3817.55	5.2769541015625	5.911822767767992	40.208878	0.24704716
1408000	356.08	240	556	3905.9	5.0183427734375	5.176621877489218	42.834717	0.14491118
1440000	419.55	263	1051	3994.1	5.68649462890625	5.213205138156372	50.626694	0.27340698
1472000	354.32	240	821	4082.11	5.83152490234375	4.971498060821306	34.416065	0.29350615
1504000	309.24	240	1257	4170.6	5.435857421875	4.9007694309796905	31.104742	0.26331002
1536000	268.43	240	915	4258.98	5.432208984375	4.755729685731728	27.85899	0.30210763
1568000	268.56	240	388	4349.3	5.3111318359375	4.591233792171228	34.808846	0.28136942
1600000	262.94	240	540	4438.43	5.2954873046875	4.362272110809916	31.510693	0.21136284
1632000	295.19	240	540	4527.38	5.5934443359375	4.615718516317368	29.911171	0.297422
1664000	316.22	240	1373	4616.81	5.8351357421875	4.862724528877818	30.464962	0.30766872
1696000	252.51	240	780	4704.97	6.2489072265625	5.352338857919966	31.598774	0.22949961
1728000	331.7	240	915	4793.51	6.183046875	5.211117360089388	37.14802	0.31312203
1760000	262.21	240	631	4882.61	5.7482861328125	5.156861895511164	34.462036	0.30921534
1792000	307.43	240	814	4975.15	5.762478515625	5.002537637289699	34.634556	0.35518348
1824000	265.2	240	813	5066.19	6.14941748046875	5.372950554048492	32.73167	0.46126336
1856000	254.0	240	557	5157.77	6.866392578125	6.69229792840247	51.35659	0.44473037
1888000	307.35	240	822	5247.33	7.0332939453125	6.805635302820744	44.691875	0.30805776
1920000	283.55	240	1255	5338.88	6.2579150390625	7.124103562027997	60.462444	0.5032253
1952000	342.42	240	1255	5428.87	6.676279296875	7.3903299359703825	51.697437	0.4772573
1984000	392.42	240	957	5520.69	5.95804736328125	7.12279927635547	50.198105	0.3768766
2016000	392.67	240	1236	5612.04	5.64468017578125	6.73125986535953	44.02501	0.35249734
2048000	324.78	240	1411	5703.21	6.28022021484375	7.444257172058875	52.947105	0.44135892
2080000	467.22	240	962	5793.9	6.40291796875	7.4045736499477135	63.754616	0.29183328
2112000	296.81	240	809	5885.58	7.1752236328125	8.173679174643448	48.18368	0.4137619
2144000	392.95	240	735	5976.13	7.2637626953125	8.561313786446563	58.810913	0.55564797
2176000	297.59	240	958	6066.84	8.21228125	9.814778397905885	74.12755	0.62744045
2208000	264.38	240	449	6156.88	8.7585	9.67277631099262	57.024426	0.5773728
2240000	336.01	240	817	6244.69	7.899478515625	9.17291444280388	58.5952	0.42241174
2272000	404.14	240	1246	6333.99	7.6481982421875	9.064812635956686	61.68368	0.40022638
2304000	408.24	240	888	6421.64	8.0225048828125	9.020077431762989	65.953926	0.4728946
2336000	341.35	240	1247	6508.44	7.98356298828125	8.522982715868899	54.076584	0.4699718
2368000	339.78	240	741	6596.04	7.424041015625	7.5613064657339475	40.11291	0.52334994
2400000	400.55	257	798	6683.44	6.71085791015625	6.561997004532995	46.867325	0.62082267
2432000	366.3	257	632	6770.31	6.5796669921875	6.603206784869758	46.700768	0.6976098
2464000	374.71	240	1245	6858.69	7.02834814453125	6.495781082749017	45.15089	0.66125935
2496000	363.82	240	887	6946.86	7.14742578125	6.602269969487767	48.112026	0.7049053
2528000	398.7	240	911	7033.01	7.17193310546875	6.619130654776351	56.517708	0.60998756
2560000	298.66	240	955	7119.26	7.03073681640625	5.903320702155694	45.743027	0.39150405
2592000	266.64	240	811	7207.76	6.87528759765625	6.116237993039512	49.0538	0.78133714
2624000	390.91	240	1248	7295.37	6.8978583984375	6.049818566494371	40.448433	0.65237427
2656000	343.54	240	956	7382.45	6.1541689453125	5.431523295770718	35.63712	0.6625167
2688000	309.83	240	899	7470.46	6.2826064453125	5.493335628570768	35.025574	0.8611139
2720000	299.69	240	810	7558.07	6.4334189453125	6.136894063775258	47.961563	0.5249443
2752000	309.99	240	628	7645.48	6.3255849609375	6.005300718427845	53.73847	0.86903244
2784000	349.28	240	952	7732.73	6.19653662109375	5.472773519889161	35.411667	0.48797646
2816000	315.6	240	629	7820.13	6.01698388671875	5.43064924036482	33.54122	0.66121876
2848000	363.27	240	1439	7907.44	5.6991162109375	5.528994066792349	46.78072	0.7754178
2880000	402.84	240	1244	7996.8	6.22100244140625	5.543108404248468	39.341423	0.6429602
2912000	346.09	240	962	8084.88	6.210130859375	5.759969278889428	48.63353	0.595644
2944000	389.78	240	945	8172.66	6.35633935546875	5.990362050827979	42.586174	0.699435
2976000	452.63	240	1143	8261.48	5.6525185546875	5.277716643469029	31.966614	0.6891822
3008000	510.57	240	902	8349.33	5.2390673828125	4.929615936485316	48.3338	0.5087149
3040000	465.56	240	1174	8438.13	5.156701171875	4.741776392806287	39.749493	0.5284433
3072000	498.71	240	1246	8525.3	4.7956162109375	4.487064306843618	47.953453	0.38034546
3104000	581.03	240	960	8613.34	4.9841005859375	4.758983692055479	43.112507	0.79466116
3136000	493.41	240	1060	8701.55	5.19361328125	4.897024766376008	46.684685	0.6485932
3168000	559.57	263	948	8789.14	4.91038671875	4.124986742402937	26.558792	0.7847059
3200000	545.45	241	1485	8876.45	4.86277294921875	4.162673138291067	34.55179	0.81282437
3232000	522.76	263	1370	8964.86	4.83514794921875	4.012399726161391	26.40865	0.86460483
3264000	561.14	456	909	9051.47	5.3676357421875	4.462525166245564	38.264244	0.49385983
3296000	621.5	444	955	9139.08	5.4227666015625	4.5813211965818335	35.426796	0.8520128
3328000	543.93	263	960	9225.22	5.2358095703125	4.135219584934396	32.362316	0.690879
3360000	651.24	257	957	9312.61	5.288896484375	4.183792668590307	34.82782	0.91366047
3392000	586.48	263	822	9399.32	5.4057861328125	4.443033521705638	37.917778	0.8141499
3424000	586.38	263	956	9485.95	5.429720703125	4.694392848787796	41.78152	0.7863313
3456000	684.89	240	951	9571.65	5.3645517578125	4.56598753694094	34.08342	0.71124244
3488000	526.98	257	968	9657.64	5.77957470703125	5.009833689230612	33.124043	0.71563804
3520000	520.17	263	822	9742.82	5.71512158203125	4.857315278911798	30.759167	0.86732554
3552000	586.31	257	959	9829.24	5.4079921875	4.993175029477737	33.64785	0.681538
3584000	624.25	263	906	9915.45	5.52422705078125	5.598321281587454	44.459084	0.55421686
3616000	606.69	240	936	10002.57	5.8791474609375	5.733135254269691	40.92636	0.650334
3648000	608.06	363	1416	10089.06	6.15696630859375	6.181652539976668	37.149395	0.6528068
3680000	547.66	240	1386	10175.47	5.62494970703125	5.773752232625678	45.58924	0.5397533
3712000	549.78	263	914	10261.19	5.78260302734375	6.350670486255762	38.650814	0.3298421
3744000	526.61	257	959	10347.92	5.5283818359375	5.8879939415942	34.374794	0.5718783
3776000	541.26	240	1249	10433.73	5.93305224609375	6.329047309331002	40.931015	0.54482204
3808000	491.19	257	820	10520.04	5.699037109375	6.017723173053078	38.843735	0.5012889
3840000	580.33	363	1406	10606.03	6.0425029296875	6.753946184453945	45.493145	0.66988194
3872000	497.36	263	881	10692.83	6.2483828125	7.492210538285747	70.198135	0.61245704
3904000	604.62	363	1235	10778.83	6.22391015625	7.390883584271234	49.84285	0.41929054
3936000	625.94	257	1428	10864.63	7.04622265625	8.266004362749877	66.76019	0.36175895
3968000	449.43	257	1300	10952.53	7.05168310546875	8.178800721988523	50.274574	0.46071503
4000000	593.73	263	910	11040.57	7.599453125	8.32114212413176	49.86875	0.45594865
4032000	849.94	240	1423	11127.77	8.32659375	9.229755718598406	94.692	0.58222485
4064000	571.86	257	1090	11214.16	7.58705517578125	8.495983426007845	63.72722	0.35360384
4096000	370.5	240	821	11301.63	7.878244140625	8.362286058548822	53.684753	0.68218994
4128000	700.84	240	1427	11388.33	8.13344091796875	8.57366106529177	66.58297	0.6723921
4160000	726.28	240	946	11475.73	8.588169921875	8.973264978534848	61.40668	0.37338167
4192000	611.96	257	1047	11562.73	8.961697265625	9.671595815841355	64.3215	0.6857431
4224000	570.49	263	960	11650.44	10.484568359375	10.406141515951049	67.68009	0.716306
4256000	630.34	263	1384	11737.01	11.548068359375	11.635379774635634	80.59332	0.7533271
4288000	628.44	240	959	11822.67	11.57442578125	10.943858508885246	85.66812	0.5845605
4320000	434.7	263	962	11910.46	12.22895703125	12.279544728938447	87.547905	0.5832041
4352000	431.64	240	1093	11997.51	12.3503046875	12.621973647175786	76.716675	0.9270759
4384000	391.07	263	916	12086.26	12.9597900390625	13.031165167589581	86.869934	0.7722831
4416000	294.48	240	822	12174.52	13.4217666015625	12.530000872904997	81.52206	0.7729962
4448000	526.57	240	1088	12261.31	13.602806640625	12.362961315963098	68.61482	0.5909681
4480000	437.51	263	1379	12347.53	14.5617421875	13.33369322430961	72.317795	0.7232496
4512000	442.34	240	914	12433.32	14.50640234375	12.663397056082543	74.26851	0.5394118
4544000	295.93	241	894	12521.12	15.405806640625	13.933551010062008	106.96913	0.6021578
4576000	364.63	263	953	12608.32	14.8193271484375	12.598584989989947	67.68283	0.54866046
4608000	375.48	263	820	12695.4	15.0246923828125	12.552703891990761	91.34715	0.70917
4640000	391.15	241	967	12782.82	14.4435400390625	12.120661594979046	82.201584	0.87975055
4672000	577.83	263	1492	12869.75	14.1437724609375	11.590475615780399	73.33301	0.87246644
4704000	630.93	263	981	12956.37	14.136509765625	11.205462535076364	88.51881	0.65250933
4736000	527.22	258	1394	13042.19	12.9591796875	11.123539229939363	86.26874	0.5493117
4768000	379.63	258	981	13128.71	12.27269140625	10.443335943318113	77.47856	0.5630083
4800000	564.37	240	1486	13215.5	11.968958984375	10.229384756670363	68.290924	0.70114744
4832000	598.88	257	969	13302.39	12.12742578125	10.80492870753898	78.829445	0.65700096
4864000	606.08	253	917	13389.04	12.11909375	10.265861203523064	58.629723	0.7551968
4896000	502.46	253	1418	13474.98	11.495771484375	10.531256305636095	70.42969	0.9971017
4928000	525.23	253	1092	13562.8	11.182541015625	9.489501600452998	52.156612	0.98901993
4960000	573.9	258	1428	13649.48	10.523044921875	9.378057418117038	55.53012	1.1470649
4992000	644.09	257	1088	13736.76	10.50454296875	9.413403011132583	75.35474	1.0119302
5024000	748.84	240	1413	13821.98	9.68146484375	9.002887557611725	81.38689	1.071498
5056000	545.5	257	1414	13909.7	9.7604951171875	8.910427090633759	63.542645	0.99577224
5088000	673.31	240	917	13998.19	9.841984375	8.716971592818231	60.262245	1.1165507
5120000	667.53	240	1409	14085.22	9.146474609375	8.457900337849814	56.886818	1.0765238
5152000	727.12	240	1428	14172.31	9.89566015625	8.866659813593843	62.543083	1.1380569
5184000	737.83	250	1425	14260.17	8.934244140625	8.196132853364444	64.898026	1.2069604
5216000	819.58	250	1406	14347.47	8.82807421875	7.8396219216872955	49.923492	1.1741322
5248000	621.5	388	1421	14436.48	9.57351953125	8.891564647181058	61.89069	1.0477939
5280000	704.99	362	1429	14522.98	9.5946552734375	8.901678212561944	85.559845	1.4752684
5312000	583.13	240	959	14611.65	8.813841796875	8.202894877724571	74.67204	1.0705038
5344000	625.09	250	966	14698.79	8.8580400390625	7.678248498192801	49.766926	1.3225136
5376000	636.22	250	1419	14785.5	8.00117919921875	6.778841738269157	72.61421	1.2832193
5408000	629.27	250	1088	14873.15	7.626236328125	6.075938070578073	45.708344	1.4713901
5440000	675.42	250	967	14961.7	7.71074462890625	5.86020810743953	44.436546	1.2584484
5472000	760.39	257	1426	15049.58	7.9037841796875	6.176149943532783	40.95141	1.4331541
5504000	749.89	257	973	15136.93	7.4563251953125	5.773904793335269	40.7599	1.3523933
5536000	809.18	257	1625	15223.65	7.471724609375	5.958154207680429	45.512253	1.3995068
5568000	804.8	257	1409	15310.79	7.01252978515625	5.459061417725578	36.191376	0.9947948
5600000	862.14	367	1433	15397.46	7.07615283203125	5.866597049184476	55.551277	1.2521186
5632000	847.98	257	1431	15483.34	6.654333984375	5.302009495229144	42.98375	1.0710227
5664000	795.6	257	962	15569.89	6.12894189453125	5.271296834034297	37.502525	0.96256363
5696000	826.32	257	1426	15656.64	6.5545595703125	5.984878079376387	46.8706	0.7521134
5728000	881.14	363	1612	15743.22	6.39668408203125	5.873431306527727	43.028328	0.88618124
5760000	866.89	449	1418	15829.72	5.87134130859375	5.454831931989289	48.870434	0.7796664
5792000	886.64	366	1428	15915.64	6.45872412109375	6.8416435114305685	53.050083	0.81080884
5824000	908.18	257	1413	16001.24	5.93729736328125	6.032400796946436	42.1405	0.7611377
5856000	919.97	375	1425	16087.79	5.6269833984375	6.013791441345468	42.50294	0.5349035
5888000	796.34	368	1430	16174.27	5.7820205078125	6.749229701417785	89.40991	0.5246736
5920000	882.61	629	1431	16260.71	5.3168642578125	6.190919509652827	81.59553	0.6858768
5952000	958.33	375	1430	16347.07	5.82521875	7.496397832876134	70.40756	0.42964965
5984000	801.47	257	1427	16433.72	5.6949287109375	6.678678761551569	59.610435	0.6745796
6016000	913.89	444	1424	16519.13	5.662779296875	7.18213495417623	61.544575	0.359466
6048000	828.85	556	1428	16605.41	5.63505078125	7.570857468774591	69.189766	0.5418348
6080000	849.75	367	1408	16691.82	6.0296201171875	7.005322753092822	62.9183	0.4323193
6112000	817.17	257	1403	16778.09	5.845052734375	6.946670740361889	55.201473	0.6128528
6144000	820.77	390	1412	16864.75	6.21302685546875	7.2259790642860295	48.84297	0.5983766
6176000	773.58	257	1427	16950.71	6.379080078125	7.3331641789203115	55.864235	0.50038713
6208000	942.76	375	1423	17036.92	6.69352734375	8.201103679536066	60.411568	0.7487687
6240000	857.04	367	1432	17123.68	6.3918193359375	7.415594316202849	62.93318	0.56881046
6272000	865.91	257	1428	17210.41	6.49127734375	7.517406363733438	67.24659	0.721756
6304000	743.61	365	1430	17296.97	6.6460556640625	7.4383437021456595	53.104156	0.50169325
6336000	695.15	240	1433	17384.11	6.98489404296875	7.720402657083373	53.80792	0.5426837
6368000	663.36	258	1259	17470.79	6.55882421875	7.155381224557501	71.04875	0.8277026
6400000	852.06	365	1431	17557.14	7.74908984375	7.962560341215632	54.994984	0.90804666
6432000	842.2	306	1435	17643.63	7.2684677734375	7.4445966667946495	63.12134	0.9189446
6464000	1023.97	630	1625	17729.43	7.007232421875	7.099109484206452	73.315414	0.907246
6496000	789.44	257	1432	17816.03	7.6428251953125	7.470409595949207	75.42307	0.94222975
6528000	797.9	240	1423	17902.96	7.42495703125	6.829815723172917	60.436962	0.7526474
6560000	847.96	263	1429	17990.66	7.41168603515625	6.848559383184175	58.539654	0.8620142
6592000	772.18	386	1404	18077.05	8.12381689453125	7.51527636925283	81.183975	0.82729375
6624000	480.1	368	1257	18165.16	8.7290517578125	7.8731783607384385	85.11833	1.0257833
6656000	1027.03	370	1431	18252.14	8.3013349609375	6.848712812456075	53.487442	1.1070793
6688000	898.83	257	1628	18339.68	8.6383837890625	7.839634378432454	69.67984	1.0997205
6720000	734.14	257	1410	18426.31	8.8207666015625	7.835491917789846	82.649284	1.1550958
6752000	902.99	387	1624	18511.91	9.0586865234375	8.312887209026718	104.18719	1.3293045
6784000	689.87	240	1401	18597.53	10.1759140625	10.053428752793746	100.05959	1.4089708
6816000	739.02	368	1408	18683.23	9.5479404296875	8.838200997657838	85.392235	1.1067736
6848000	803.46	373	1403	18771.63	9.365251953125	8.317804698356412	82.1947	1.0508938
6880000	726.69	386	1408	18858.42	10.198283203125	9.145386473517672	87.855606	1.3452818
6912000	858.97	240	1417	18945.09	11.01073046875	11.073809543806503	111.02013	0.97612137
6944000	790.51	375	1408	19032.43	11.02990625	11.065982502697173	137.69159	1.0439632
6976000	700.9	444	1408	19118.62	10.86350390625	10.532004794909657	73.48976	1.0515698
7008000	648.86	375	1401	19204.45	10.531509765625	10.50939014643571	74.29669	1.0714854
7040000	618.51	257	1406	19289.84	10.315248046875	9.58607062356626	68.55699	0.9987338
7072000	707.8	257	1408	19376.98	10.646423828125	10.128504794637756	113.254845	0.93433607
7104000	797.19	257	1413	19464.26	9.2823037109375	8.747407651698873	81.65276	1.0710235
7136000	729.77	257	1401	19550.27	9.1011953125	8.682663671794502	70.47336	0.94255984
7168000	858.15	444	1490	19636.33	9.4033427734375	9.31416470020259	61.409172	0.5923377
7200000	690.09	257	1391	19722.12	9.0515947265625	8.696984031835404	54.573635	0.9019391
7232000	735.48	257	1255	19808.02	9.007896484375	8.947687812362476	70.19713	0.7716399
7264000	831.68	362	1432	19894.86	8.07710693359375	7.8953026976487735	61.722588	0.9023399
7296000	808.82	257	1408	19982.01	9.02139453125	9.272298713776427	62.735123	0.69533855
7328000	882.55	257	1422	20068.86	9.5069990234375	9.833532395584	71.75822	0.90987706
7360000	912.46	444	1480	20156.31	9.19268359375	9.430100576080829	68.17664	0.70139056
7392000	851.4	444	1429	20243.27	8.996630859375	9.863539235487432	71.0338	0.85013604
7424000	960.4	259	1435	20330.4	10.0252744140625	10.740386689966055	71.05633	0.85434866
7456000	898.47	444	1478	20416.59	10.726861328125	11.504015603257846	87.66811	0.9079098
7488000	878.93	444	1436	20503.94	10.44478125	11.309448828855455	86.16867	0.91373545
7520000	923.6	240	1626	20590.65	10.5653564453125	11.284469415971671	73.67874	0.8687211
7552000	1022.21	257	1432	20677.31	10.906392578125	11.576654849307722	71.434265	0.6659608
7584000	947.62	259	1427	20765.02	10.94681640625	12.116400945619123	83.40364	0.888425
7616000	948.12	368	1618	20852.37	10.869666015625	11.920913214808671	124.99465	1.03812
7648000	950.63	257	1624	20939.3	10.67741015625	10.823744875273068	69.93509	0.92494625
7680000	1034.18	257	1622	21025.68	9.910068359375	10.04415252771482	86.94846	1.0842998
7712000	925.13	257	1432	21112.41	9.9930927734375	10.17681418101952	81.66948	0.8857388
7744000	939.39	257	1621	21200.2	9.674953125	9.787813692291042	77.28369	1.1152539
7776000	808.81	344	1436	21285.65	9.8597763671875	10.501012599982918	99.96143	1.1685789
7808000	989.7	257	1623	21372.49	9.3580537109375	10.22700660322951	85.07285	0.9923162
7840000	925.48	257	1624	21459.52	9.2741982421875	10.987930878923475	172.07332	1.1926761
7872000	813.37	240	1621	21546.18	9.1243720703125	9.87445805474913	88.1987	0.76755524
7904000	898.04	241	1426	21632.45	9.4602109375	10.277576851451903	99.397026	1.2079593
7936000	1093.01	241	1618	21717.65	9.148208984375	9.895104534566576	117.17427	0.90621364
7968000	894.95	241	1602	21803.48	7.9113515625	8.543155154859356	66.661674	0.77249146
8000000	884.9	241	1486	21889.58	8.155951171875	9.341476730153536	102.07839	0.97401345
8032000	814.13	240	1434	21974.89	8.7862890625	10.873393200261821	101.96923	0.9716103
8064000	938.07	241	1431	22061.63	8.849181640625	11.77131842658247	133.8121	0.7185327
8096000	1120.65	253	1626	22148.01	10.110556640625	13.890891800024935	121.62598	0.69006443
8128000	984.19	391	1622	22234.22	9.548677734375	12.220896550580894	103.64218	0.7212843
8160000	989.1	257	1623	22321.23	9.58159375	12.514598350526477	106.9461	0.73233306
8192000	913.75	375	1681	22409.68	9.547435546875	12.349493916756265	127.44979	0.730026
8224000	1049.46	241	1485	22497.1	9.2704140625	11.503389446158902	81.0119	0.37611607
8256000	999.7	241	1690	22585.58	9.40132421875	11.723466051044802	90.5065	0.8320645
8288000	1018.29	263	1627	22673.16	8.564302734375	9.947956369903318	119.840965	0.6366912
8320000	1135.72	344	1626	22761.01	9.4264365234375	11.388157225820164	97.876785	0.5812762
8352000	1090.02	545	1815	22848.23	9.897509765625	11.44012708900124	150.54005	0.91353977
8384000	873.21	257	1414	22934.89	9.3684111328125	10.855665643455495	96.30477	0.64543235
8416000	1079.65	257	1590	23021.21	8.6035390625	10.359535160903699	86.14931	0.7842057
8448000	1027.68	257	1635	23107.99	9.306818359375	11.50680165706353	115.25255	1.0473311
8480000	1038.9	240	1611	23195.49	9.931	11.261217671171266	93.890305	1.0429299
8512000	1000.48	240	1574	23282.54	8.82390625	9.59398859638159	99.035324	0.83415884
8544000	1058.48	364	1608	23369.37	8.9751181640625	9.503517440926807	76.79393	0.93806547
8576000	1184.58	444	1706	23456.71	8.906259765625	9.563185432950675	95.61256	1.0149992
8608000	1280.57	373	1624	23542.92	9.0150234375	10.243039557426302	100.163246	0.80155164
8640000	1069.7	240	1694	23628.14	8.7349921875	10.568989130943413	109.86437	0.82087624
8672000	874.31	373	1425	23714.57	8.591115234375	8.584253389200484	76.843025	1.1070213
8704000	1131.0	375	1716	23800.89	9.46719921875	10.56959561962992	127.02975	0.83556426
8736000	1201.21	443	1611	23889.13	9.325978515625	10.754711903393787	99.919365	1.0142279
8768000	1165.63	444	1623	23979.28	9.680109375	11.681979979866426	98.34487	0.8406371
8800000	1042.93	386	1623	24065.82	8.49709375	10.752631945249497	93.16916	0.87375987
8832000	900.11	240	1621	24151.85	9.4691943359375	11.218694985937535	95.34602	1.1033194
8864000	1018.14	240	1690	24236.96	9.9542060546875	13.214021908563645	125.07304	0.895166
8896000	1076.71	373	1483	24322.81	10.0713828125	12.477290621364881	110.194435	0.81396514
8928000	1153.63	257	1684	24407.83	10.869841796875	14.509517889130569	135.6666	0.984115
8960000	1043.03	253	1624	24493.16	10.1279453125	13.4442599275676	140.48259	0.5978583
8992000	1125.25	388	1622	24578.74	11.1096416015625	15.322020509710851	164.5574	0.8519059
9024000	1192.82	257	1616	24663.29	9.9769228515625	12.847240705692409	97.06514	1.0051366
9056000	1013.89	257	1485	24749.29	10.6068603515625	14.383827181073888	141.41002	1.0511999
9088000	1173.96	556	1615	24835.06	10.8794150390625	14.843814999857685	145.23376	1.1312888
9120000	1042.35	257	1713	24920.79	10.7875673828125	13.31220715640348	95.74039	1.0267829
9152000	972.35	257	1917	25006.76	10.251671875	14.28923545890402	158.66418	0.8808747
9184000	1010.53	365	1581	25091.48	9.920712890625	11.997363642692505	104.53403	0.8300471
9216000	977.23	346	1482	25176.83	10.396900390625	13.417212592412778	116.83305	0.8876157
9248000	814.16	257	1435	25262.15	10.154271484375	12.13586368990687	127.4651	1.2321069
9280000	936.81	257	1484	25347.06	11.058306640625	14.574760932859242	134.10326	1.169466
9312000	504.03	257	1431	25432.69	12.371107421875	17.176156256566834	157.93076	1.1288327
9344000	1209.86	257	1615	25518.61	13.807693359375	17.556075337329812	135.44931	1.5518136
9376000	1016.15	257	1436	25603.94	13.925486328125	17.771691851087223	136.12904	1.022855
9408000	392.63	257	1476	25688.87	14.2327802734375	19.90548762276373	152.34932	1.1774704
9440000	1019.05	257	1600	25774.77	15.1766982421875	20.22679534676712	229.08156	1.3041894
9472000	938.61	257	1622	25860.19	15.8879453125	18.71477274107276	130.29924	1.5236995
9504000	795.22	392	1420	25945.61	15.791037109375	18.793230164077702	140.55429	1.5681672
9536000	1004.54	240	1630	26030.4	14.62398828125	17.25319445059378	116.59772	1.4272879
9568000	915.77	363	1615	26116.12	15.767734375	18.46875486463557	143.7338	1.2337925
9600000	1114.32	384	1607	26201.39	15.2252958984375	18.374173450797727	161.22977	1.5069156
9632000	1153.27	257	1605	26286.34	16.16151171875	18.559513227722327	143.35344	1.0193648
9664000	1114.46	369	1623	26371.07	14.96652734375	18.068833664628162	133.306	1.2687178
9696000	845.61	253	1612	26455.49	14.067564453125	16.76245805363879	111.85806	1.4396632
9728000	809.86	329	1418	26540.24	13.726892578125	15.454874332229299	124.338875	1.4247556
9760000	910.64	257	1712	26625.67	14.2337919921875	16.16846032790383	105.17075	1.7945526
9792000	1020.22	257	1620	26711.11	12.78694140625	14.84357815690004	112.44606	1.7336226
9824000	1093.08	395	1694	26796.68	12.26051953125	13.310816794997969	93.533676	1.6703414
9856000	1007.09	360	1422	26882.57	10.6148623046875	10.35330072670064	120.24234	1.3612134
9888000	1105.07	431	1622	26968.7	11.1936962890625	11.772706783063953	129.58443	1.6035888
9920000	929.53	263	1606	27053.91	10.6191953125	10.264071514876541	114.21767	1.4448044
9952000	1018.99	556	1490	27139.52	10.3494111328125	9.4015848065632	100.40754	1.390621
9984000	1078.56	263	1618	27226.26	9.0763876953125	8.14979581799446	103.34487	1.3671749
10016000	1068.56	379	1623	27311.63	8.4349287109375	7.628653837670182	84.72195	1.0091884
10048000	1197.69	263	1997	27397.32	8.372111328125	8.114981323145482	88.022644	0.89700365
10080000	1175.26	263	1611	27484.7	8.225333984375	8.106142539765754	58.477947	0.990393
10112000	1029.21	263	1431	27569.86	7.82614013671875	7.685165550022329	61.96694	1.0483603
10144000	1215.17	379	1439	27654.97	7.7603515625	7.676487539070196	62.045635	1.1036166
10176000	970.51	263	1483	27740.86	7.3339853515625	6.90025333547617	61.74622	1.0371625
10208000	1187.55	263	1616	27826.98	6.96735205078125	7.147231216527139	84.0238	0.9062475
10240000	1260.74	263	1439	27912.54	6.57318701171875	6.7603283250519715	66.45921	1.0086963
10272000	707.13	379	1485	27997.44	6.55978173828125	7.321005203351517	57.959755	0.753497
10304000	649.15	379	1439	28083.03	7.4362900390625	10.565255557723154	75.95823	0.6183362
10336000	1139.62	352	2302	28168.45	8.757763671875	13.890577966737021	137.72118	0.6265942
10368000	1079.22	263	1611	28254.35	9.652751953125	15.217298955465125	94.789345	0.81494474
10400000	991.31	263	1984	28340.76	8.8762548828125	13.58639254916477	93.507286	0.6643184
10432000	1114.98	263	1998	28426.76	10.814919921875	15.80560966476776	105.68357	0.849558
10464000	1134.12	389	1696	28512.33	10.08389453125	15.156614686334148	96.13829	0.9901324
10496000	1183.55	379	1619	28598.74	10.32837890625	14.993054642066772	125.15459	0.89008576
10528000	1173.96	263	1971	28683.69	11.9193544921875	17.18270205759269	157.62668	1.1981816
10560000	1124.46	263	1692	28769.53	11.3659765625	16.69705812411276	121.06335	1.0532529
10592000	786.65	263	2122	28854.71	11.82511328125	17.9367987667811	168.2396	1.0070813
10624000	874.66	263	1425	28940.01	12.073869140625	16.410132159735948	126.39935	1.0024153
10656000	925.49	366	1424	29025.17	11.7999140625	16.808926200087857	116.12153	0.8522999
10688000	1003.66	555	1996	29111.0	12.36248828125	18.33825066629857	199.26208	1.1106118
10720000	926.55	556	1484	29196.37	12.2031318359375	17.439440752214505	189.93579	1.2557175
10752000	977.27	371	2018	29281.28	13.3482958984375	17.550017806258772	117.15225	0.9355377
10784000	915.0	263	1806	29366.78	13.65935546875	17.68457484645871	138.94429	1.5024514
10816000	1203.01	263	1866	29451.96	11.979140625	15.129367138119163	167.70435	0.9860952
10848000	611.44	371	1611	29537.15	11.8464189453125	14.241421211557503	124.420135	1.1812989
10880000	1014.18	368	1834	29621.44	11.377833984375	13.442044580345655	104.783264	1.3774308
10912000	933.02	371	1625	29705.87	11.0594521484375	12.80282683628893	91.712814	0.92709696
10944000	1049.26	263	1716	29790.16	11.876494140625	14.280081188494693	95.686	1.3091292
10976000	1079.88	258	1622	29874.66	10.666640625	13.214598934511786	100.197464	1.0657448
11008000	1173.32	628	1809	29959.36	10.819193359375	12.740210702731726	92.61182	0.9253078
11040000	1167.6	445	1624	30043.04	11.30082421875	12.41870061640911	68.690506	0.7439611
11072000	1011.44	378	1935	30127.02	11.047931640625	13.10404159982713	111.77882	0.8708512
11104000	1305.06	445	2019	30213.74	10.717515625	13.953589367972672	122.79459	1.0091802
11136000	1228.32	394	1889	30299.41	9.9426962890625	11.464472976329963	91.43984	1.0054963
11168000	1104.37	371	1810	30384.78	9.8732998046875	12.022006514097388	98.84477	0.5249918
11200000	1297.61	366	1993	30469.05	9.37092578125	11.54037206939187	93.83066	0.90522856
11232000	1188.16	263	2023	30554.09	9.2071767578125	10.896273015347955	96.21177	1.074837
11264000	1124.68	379	2002	30639.19	8.82376171875	10.158595498394451	108.34758	1.1336163
11296000	1195.96	263	2104	30723.56	8.462490234375	9.79524677458409	70.92041	0.9412296
11328000	1227.4	263	1431	30808.64	8.4738310546875	9.718055843377316	115.664665	0.9363749
11360000	1289.25	449	1436	30894.57	8.925896484375	11.082357883140212	116.30168	1.0700066
11392000	1256.32	445	1618	30979.93	8.70864453125	10.401962705422472	82.552414	1.1429756
11424000	1121.63	263	1434	31064.77	9.1968896484375	10.478696394351733	81.76796	1.1372297
11456000	1122.45	263	1769	31149.81	8.2410146484375	8.371900545873679	66.73741	1.3004416
11488000	1213.93	263	1783	31234.57	7.4483701171875	6.730894837426893	57.175533	1.2618566
11520000	1009.71	263	1585	31318.36	8.7313994140625	9.292116954709513	95.54283	1.0016145
11552000	1182.97	366	1717	31402.27	7.4215244140625	7.622082433626653	80.38295	1.1711581
11584000	1001.81	436	1436	31486.79	8.447376953125	9.858339585092411	154.9651	1.0864975
11616000	1020.69	240	1695	31572.84	8.57108984375	9.023758571127665	108.3237	1.3686727
11648000	827.86	263	1656	31658.22	9.190912109375	10.001355376897672	101.080734	1.1884315
11680000	966.19	366	1437	31741.99	9.32415625	9.645441361726274	81.118645	1.4193175
11712000	1073.71	363	1692	31826.31	9.8062314453125	9.724943765904253	104.76633	1.1577625
11744000	1205.51	263	1818	31910.74	9.7929970703125	10.249749234737404	88.324524	1.3660972
11776000	899.58	263	2018	31994.9	10.4655244140625	10.610997390679163	87.72138	1.612561
11808000	1022.79	366	1428	32079.87	10.65659375	11.659435556663968	115.216576	1.6044216
11840000	1224.85	379	1625	32164.64	9.828365234375	9.83336952676955	108.8277	1.278846
11872000	1106.4	366	1611	32248.95	10.3199716796875	11.443718596352324	158.4559	1.1060958
11904000	1118.22	455	1685	32333.18	10.775314453125	11.038626782802288	140.72781	1.5802629
11936000	1131.25	378	1692	32416.62	11.2690615234375	11.830529890922046	109.197365	1.4969301
11968000	1181.45	263	1750	32500.99	11.4377333984375	11.534319036033294	120.236206	1.6238132
12000000	1119.23	366	1433	32585.92	11.7790771484375	12.385132215685063	89.243805	1.3378588
12032000	920.03	366	1435	32669.62	11.16109765625	11.274814300022861	88.285065	1.0486815
12064000	1080.03	366	1433	32754.32	11.215107421875	11.673252010472488	102.75908	1.422226
12096000	1005.31	362	1692	32838.82	11.89816796875	12.353422476180437	112.33266	1.1823812
12128000	934.78	263	1486	32923.77	11.3196982421875	11.034279683105735	97.38151	1.3586273
12160000	868.22	549	1611	33008.51	10.7952236328125	10.381334662508477	98.43966	1.2835183
12192000	1179.96	408	1628	33093.69	10.52518359375	10.749326650423273	103.64459	1.4670982
12224000	946.29	263	1611	33178.71	10.8063984375	10.3625147014371	82.03287	1.1482695
12256000	1134.11	363	1611	33264.93	11.601291015625	11.140527436459191	106.27217	1.5238414
12288000	1079.6	449	1434	33350.54	12.229421875	12.080622397045609	113.59219	1.3097054
12320000	1040.0	259	1449	33436.23	11.2983125	10.927404626671422	114.34156	1.6641665
12352000	1111.66	258	1712	33522.8	11.2778046875	11.251933861563531	123.74978	1.4483659
12384000	1038.97	258	1682	33609.71	12.02144140625	12.575627469434677	115.41253	1.5280359
12416000	1152.89	257	1434	33696.23	11.2131337890625	10.291580296533667	89.36119	1.5699809
12448000	1035.04	379	1432	33782.86	11.49955859375	11.037734284036738	116.441444	1.1476145
12480000	1053.74	441	1432	33868.36	11.7847099609375	11.635769205342635	109.51055	1.377604
12512000	1129.2	366	1434	33953.66	11.3894375	11.576243183779443	86.7735	1.7310263
12544000	1117.21	374	1434	34038.59	10.5987802734375	10.705758161498885	98.24222	1.4988453
12576000	1118.84	356	1437	34124.27	10.8330673828125	11.097691201326517	93.933945	1.2775345
12608000	988.71	259	1618	34210.41	10.113712890625	9.284987883675454	75.893745	1.2348506
12640000	968.54	257	1535	34295.71	9.20583203125	9.433394388421382	90.570755	1.182381
12672000	1226.01	373	1431	34380.36	9.7509921875	10.912281999540701	91.34162	1.1885798
12704000	1087.5	387	1611	34466.29	10.069564453125	10.201927284219389	127.42409	1.1411314
12736000	1034.11	263	1431	34552.08	9.7668759765625	10.121832066133088	85.66635	1.409328
12768000	1091.6	263	1618	34637.01	9.860537109375	10.96713449641701	137.24326	1.4258897
12800000	1052.21	445	1611	34723.05	8.64678125	9.071989858900858	82.99759	1.457382
12832000	971.27	263	1611	34807.79	9.3137001953125	10.0342810841136	118.96774	1.1887181
12864000	1103.2	364	1494	34892.78	9.06269921875	9.59766532483291	83.3043	1.2385173
12896000	992.86	263	1573	34979.14	9.187994140625	9.965019286233218	113.41746	1.2987723
12928000	1066.79	258	1623	35065.49	9.5976201171875	9.965176083491952	80.544975	1.6398346
12960000	964.28	263	1596	35153.48	9.35980078125	9.575453644606087	67.61262	1.1924834
12992000	1148.12	366	1622	35239.7	9.71046484375	9.625713447584028	97.80282	1.555824
13024000	1136.81	363	1621	35325.12	9.324400390625	9.411602297828994	96.68996	1.1640831
13056000	1091.35	366	1704	35410.86	9.38396484375	9.27005343161516	87.143074	1.4673457
13088000	1059.17	258	1606	35497.5	9.29514453125	9.88156269271212	102.45337	1.2025752
13120000	1141.07	379	1691	35585.35	10.06096484375	11.48308878851853	105.3458	1.3790283
13152000	1129.04	263	1714	35671.33	9.4703515625	11.020290944435178	99.317604	1.2671449
13184000	1184.78	263	1618	35757.68	9.450337890625	10.825675859386331	163.807	1.3061368
13216000	1258.62	371	1611	35845.02	9.5488828125	11.033770604376366	95.01242	1.0172535
13248000	1179.49	555	1671	35932.52	8.7794130859375	9.49899665754231	106.02593	1.2973392
13280000	1053.7	258	1610	36021.17	9.7494755859375	10.953074982054126	88.213486	1.373954
13312000	1152.59	258	1601	36109.52	8.56788671875	9.510258030805472	83.16124	1.1268066
13344000	1140.23	258	1620	36197.37	8.688796875	9.546701819214844	87.10167	1.0337548
13376000	1279.98	258	1433	36284.48	8.92930078125	10.25608356050203	109.90565	1.1846149
13408000	1239.02	257	1695	36372.05	8.498041015625	9.648462474664033	84.81622	1.10373
13440000	1301.11	263	1695	36459.16	7.9359794921875	9.304330728886415	99.298676	1.224487
13472000	1183.5	364	1690	36544.57	7.4496767578125	8.516107440462456	105.977036	0.93590736
13504000	1207.11	263	1616	36630.09	7.1663740234375	7.866635438673893	80.82271	1.1537943
13536000	1041.56	263	1687	36715.46	7.582236328125	9.469700859847686	123.3438	1.0388191
13568000	1050.77	263	1679	36801.77	7.7021513671875	8.678608309371958	78.74579	1.227921
13600000	1131.59	258	1619	36887.86	8.3337353515625	10.631668495584313	93.79998	1.17712
13632000	1127.45	263	1825	36974.17	7.8786005859375	9.288390350997313	95.249214	1.0944384
13664000	1046.26	258	1689	37059.68	7.94324169921875	8.961563758630522	74.848465	1.0129266
13696000	1144.97	263	1691	37145.77	8.740890625	10.022069397085614	85.97406	1.0910512
13728000	1202.18	258	1624	37232.15	9.067076171875	10.10248190421542	91.300766	1.4571276
13760000	1134.97	263	1620	37319.17	8.8513046875	9.763769923805047	107.59973	1.4426842
13792000	1223.2	444	1625	37406.35	8.860755859375	9.460074408401871	90.945114	1.0443968
13824000	1288.6	258	1620	37494.07	8.7028076171875	9.114087224593584	88.56277	1.1176836
13856000	1284.06	444	1690	37579.3	8.53469921875	9.325090482134744	79.35912	1.1899583
13888000	1306.29	263	2128	37665.62	8.61909375	9.150712916215873	76.323944	1.1696043
13920000	1164.07	242	1814	37752.04	8.661228515625	9.520646560895957	89.616875	1.241647
13952000	1053.44	240	1624	37837.66	9.128955078125	10.288164468212976	92.990105	1.4298685
13984000	1086.54	258	1696	37923.54	9.490681640625	10.29282441193864	106.1001	1.3758636
14016000	1178.66	404	1734	38008.52	9.43199609375	10.85382025198962	106.44359	1.4206423
14048000	1211.8	258	1912	38095.01	9.91615625	12.128362935697464	132.33517	1.0068301
14080000	1204.5	259	1842	38181.17	9.440755859375	11.434672806315886	130.27121	1.4388635
14112000	1255.98	240	2123	38268.57	9.1507333984375	10.430024643427263	139.19965	1.536944
14144000	1083.98	258	1758	38355.49	8.9479765625	9.909958690630349	99.83187	1.1159179
14176000	1210.93	263	2237	38442.04	9.038189453125	11.063579043419901	177.61617	1.3308525
14208000	1322.37	263	2129	38527.38	8.1060966796875	8.494178153300059	80.14641	1.1664361
14240000	1303.71	263	1904	38612.92	8.8684755859375	11.170852837854413	99.14978	1.2758967
14272000	1275.4	242	2117	38697.43	8.078080078125	9.202763256897354	107.66815	1.160841
14304000	1333.78	555	2127	38783.0	7.1466328125	8.477603305917304	118.06352	1.0457404
14336000	1158.44	259	2125	38869.53	7.1273056640625	9.375940786129144	112.386795	1.091229
14368000	1286.21	456	2314	38954.65	7.720677734375	9.186800568614734	105.226814	1.2640024
14400000	1183.59	257	1831	39040.9	7.574681640625	8.332835089271837	114.37222	1.2800149
14432000	1281.57	263	2016	39126.11	7.48832568359375	10.0675763592833	131.5817	1.2522655
14464000	1336.37	263	2091	39211.84	7.6539482421875	10.191079125882597	119.46397	1.0576575
14496000	1354.31	257	2254	39299.31	7.3136591796875	10.472787281211245	128.2821	1.0425963
14528000	1404.86	263	2232	39385.48	6.7807529296875	8.948156671208881	101.710014	0.92328894
14560000	1352.56	263	2130	39473.24	5.83115283203125	6.3082962487901595	62.355064	0.98294145
14592000	1334.49	257	1800	39559.52	6.2054072265625	7.376232418213244	72.86527	1.0787835
14624000	1339.89	263	2315	39644.3	6.0016396484375	7.0525624221803245	76.328125	1.073096
14656000	1338.22	263	2018	39729.32	6.49170947265625	7.57875345332265	88.75977	0.9170678
14688000	1343.12	403	1816	39814.87	5.7361943359375	7.5601742291431355	97.177475	1.1275239
14720000	1272.73	258	2515	39900.61	5.2779453125	6.493467270072284	91.09824	0.8279263
14752000	1291.89	258	2098	39986.66	6.5746376953125	9.121485624611815	87.66361	1.0106992
14784000	1240.23	258	2010	40072.01	5.9160322265625	8.113942475763555	84.3039	0.8699184
14816000	1168.33	263	2322	40157.78	6.56192333984375	8.936041401957581	106.83326	1.0140456
14848000	1226.04	263	2023	40244.02	6.27930615234375	7.787445074043862	87.73712	0.9018961
14880000	1270.49	257	2146	40329.55	5.889390625	7.450503338701353	92.62815	1.1237391
14912000	1119.7	258	1817	40415.29	5.9810322265625	7.097164926926808	76.07703	1.1506693
14944000	1200.43	257	2388	40501.17	6.0307021484375	6.672556317671661	90.23997	1.1009655
14976000	1140.58	403	1817	40587.4	6.64255078125	7.656524484875628	108.07554	0.83299863
15008000	1129.69	397	1738	40673.26	7.188638671875	9.299832827798573	125.270386	1.3073821
15040000	1231.03	390	1628	40758.02	7.92643798828125	9.587894385630246	121.099106	1.2284731
15072000	1129.82	263	1836	40843.63	8.346484375	10.219379950001859	168.07993	1.2222779
15104000	1206.44	379	2129	40930.58	8.08893115234375	8.85175653472236	100.44703	1.2431706
15136000	1205.31	258	2321	41016.49	8.01692724609375	8.220925092409004	86.373474	1.2809061
15168000	1143.94	263	2327	41103.06	8.356220703125	8.807473300413688	91.88841	1.083937
15200000	1113.46	263	1828	41189.31	8.90877734375	9.182974225434807	102.15571	1.0440342
15232000	1267.33	258	2119	41275.26	8.2850634765625	7.6620483145827265	71.14737	1.0631926
15264000	1154.52	263	1694	41361.34	9.4136669921875	9.469416230687084	85.494675	1.0717324
15296000	1130.05	258	2332	41447.71	9.49012109375	9.480648052744074	81.24439	1.4042296
15328000	1165.11	258	2331	41535.64	10.05968359375	11.914909908387893	183.54938	1.5064603
15360000	1083.32	263	2135	41621.72	9.1866015625	8.894912081493555	105.7816	1.278408
15392000	1292.7	363	2571	41707.0	9.48806640625	9.339729486178923	87.00616	1.3403077
15424000	1320.63	263	2129	41793.76	9.0749052734375	9.055455451687674	84.32041	1.5614051
15456000	1254.23	343	2128	41880.1	8.6851123046875	8.319390940748006	84.84504	1.2496243
15488000	1281.53	258	2135	41966.45	8.1850712890625	7.109970442097492	60.84419	1.3229495
15520000	1440.99	456	2419	42051.32	8.538638671875	8.817766157026393	100.66162	1.3537054
15552000	1125.23	258	1940	42137.42	9.04924609375	9.822830549286698	109.85624	1.4289232
15584000	1127.53	258	2123	42225.49	9.61180859375	10.587243946136313	101.40084	1.1889076
15616000	1305.63	555	2509	42314.24	9.6810908203125	11.624560475562076	105.20242	1.2746788
15648000	1255.52	258	2134	42401.81	9.5278427734375	10.067322214099438	126.26143	1.3855788
15680000	935.76	258	2132	42489.27	9.2376015625	8.836650860903129	67.00336	1.3263497
15712000	1160.66	263	2331	42577.09	8.8805556640625	9.736295657230217	153.12756	1.3259835
15744000	1071.34	263	2137	42663.18	9.813771484375	11.621162000850001	114.293816	1.0482281
15776000	1287.54	258	2315	42749.99	9.7838984375	12.645141112300804	148.07532	1.1824322
15808000	1259.0	258	2307	42836.19	9.8538037109375	13.268534795711243	115.68278	1.5176642
15840000	1421.38	258	2331	42923.93	9.5289990234375	12.551706183822182	130.81023	1.488962
15872000	1300.91	263	2331	43010.14	9.221625	11.590112973996414	110.22369	1.2621355
15904000	1229.4	263	2130	43095.09	10.626525390625	14.838715198762998	137.33235	1.0831845
15936000	1330.55	263	2110	43180.43	9.248818359375	15.015829668220135	167.40181	1.3733867
15968000	1104.05	253	2136	43266.26	9.68378125	14.676502265526347	116.88331	1.0421829
16000000	1397.29	263	2140	43352.42	9.194734375	13.62152134491592	137.24738	1.3518004
16032000	1474.78	258	2332	43437.4	9.2545390625	13.260697332719724	130.80644	0.9963977
16064000	1207.41	263	2146	43523.19	10.200275390625	15.600498790102835	134.14871	1.069186
16096000	1335.29	258	2333	43608.28	8.9726904296875	13.762155990250946	167.32747	1.0450726
16128000	1217.64	263	2020	43696.35	8.8521484375	12.503457021959965	112.32228	0.70204556
16160000	1129.79	371	2139	43781.86	8.681359375	12.986885211627921	125.44141	0.94900775
16192000	764.56	258	2328	43868.44	8.286724609375	13.39649557720227	162.41707	0.95548993
16224000	1292.15	371	2123	43953.88	8.84935546875	14.080488494722049	130.8552	0.91545796
16256000	1253.34	258	2126	44038.6	9.694740234375	15.663783367213682	145.0508	0.9578793
16288000	1275.72	263	2146	44125.19	8.7105810546875	12.795619367580453	142.42378	0.86414933
16320000	1215.66	253	2322	44210.96	9.42019921875	13.734634596522763	161.89047	0.97456145
16352000	1248.77	258	2117	44295.34	9.2756064453125	14.909034593158607	144.32246	0.8374609
16384000	1272.94	371	2130	44381.63	9.40083203125	14.012865740097563	121.18328	0.92857075
16416000	1300.37	371	2143	44467.13	8.46742578125	12.906317493770251	126.12313	1.0374804
16448000	1268.17	258	2018	44553.64	8.6877392578125	13.372766168598028	144.20428	0.85870296
16480000	1320.92	379	2308	44640.41	8.7870087890625	12.671697054854176	157.15541	0.99625504
16512000	1352.83	263	2623	44726.49	8.571462890625	11.78928472703073	122.03446	1.1647286
16544000	1123.37	366	1815	44811.92	9.575806640625	14.448537988322556	156.73264	1.009474
16576000	1127.8	363	2131	44898.36	8.703986328125	13.468144127904186	136.21037	1.0131154
16608000	1027.93	366	2016	44984.16	8.544392578125	12.908982458931455	137.94366	0.76468587
16640000	1333.68	357	2128	45070.07	8.890123046875	12.962084130262387	144.82124	0.92489994
16672000	1416.29	363	2318	45154.91	9.7608896484375	13.101104438176195	128.56412	0.99679285
16704000	1365.31	554	2332	45240.67	8.723556640625	12.87236744930784	187.35553	0.81589437
16736000	1346.52	379	2262	45325.78	8.6804443359375	10.412117339907383	89.211205	1.278797
16768000	1304.2	392	1957	45411.56	8.23850390625	10.974274961814107	127.38981	1.0423833
16800000	1384.16	393	2128	45498.25	8.0093720703125	10.523505312513507	125.44081	0.9218318
16832000	1346.99	263	2145	45584.31	7.4783798828125	9.529582231136892	110.286	0.8973939
16864000	1331.61	257	2318	45672.62	7.12683544921875	8.28641678441291	84.85366	0.75169
16896000	1305.06	379	2146	45760.0	7.55546875	10.034390863425642	94.07198	1.0379109
16928000	1414.04	378	2123	45845.52	8.01064453125	10.988646840034491	123.6303	1.0657203
16960000	1411.06	379	2313	45931.73	7.7126787109375	11.367328113391467	155.05966	0.7835362
16992000	1420.56	378	2136	46018.5	8.142689453125	11.211293831445147	95.288475	0.97212327
17024000	1319.97	263	2221	46102.73	6.70357080078125	8.280212199122676	93.64197	0.83335733
17056000	1489.4	263	2320	46187.46	6.3197626953125	8.921257969031048	125.188255	0.76003253
17088000	1382.82	257	2549	46273.17	6.41924658203125	9.42714746755348	117.12629	0.62177515
17120000	1320.24	263	2113	46358.71	6.93238037109375	9.295476890671075	115.72764	0.64172035
17152000	1292.92	263	1898	46443.88	6.04300048828125	9.47548564058856	146.3733	0.6210515
17184000	1377.32	378	2020	46529.4	5.777900390625	7.5616859065951685	102.20116	0.64327633
17216000	1324.67	379	2328	46616.0	5.63015283203125	7.10654380439254	84.972946	0.60441303
17248000	1244.56	377	2310	46702.11	5.50357958984375	7.002278368056357	73.36167	0.66451937
17280000	1457.67	257	2310	46787.74	5.9749365234375	8.482458001664376	94.02959	0.8355783
17312000	1497.46	379	2310	46873.13	5.2656494140625	7.662348591489426	103.67808	0.7441335
17344000	1524.56	456	2310	46958.68	5.13974853515625	8.4413273726648	89.85455	0.6038921
17376000	1501.32	377	2332	47042.86	4.43989208984375	6.8745062322686135	89.79557	0.4863336
17408000	1537.6	377	2332	47127.73	4.28775439453125	5.858054017760505	98.97222	0.43976772
17440000	1604.77	915	2137	47213.41	4.96246337890625	7.341704502361832	82.58074	0.6314111
17472000	1571.48	384	2137	47299.12	4.52835009765625	5.8644356479332265	66.34648	0.434783
17504000	1438.9	400	2132	47384.62	4.2285205078125	5.279110513381966	47.73782	0.593204
17536000	1421.84	263	2135	47469.5	4.34295556640625	5.516159322560852	61.853336	0.56473976
17568000	1511.76	263	2330	47556.04	4.177751953125	6.255309619635146	77.79931	0.43444055
17600000	1545.63	263	2330	47641.83	4.53060595703125	6.711838596372084	72.09418	0.5419308
17632000	1450.28	263	2321	47726.54	3.9121494140625	6.499023063603483	130.44855	0.5062383
17664000	1406.75	263	2331	47812.65	4.12351123046875	6.119562637558341	73.38929	0.66513515
17696000	1533.78	379	2331	47898.46	3.990387939453125	5.8363040798522485	83.205894	0.49922878
17728000	1484.82	379	2133	47985.19	3.8117431640625	5.510401031798866	91.33884	0.39153183
17760000	1519.82	263	2418	48070.67	3.52574755859375	4.638574041731467	55.47927	0.44575405
17792000	1461.35	263	2418	48155.8	3.84803857421875	4.985884175913536	55.520245	0.3978421
17824000	1431.66	379	2325	48239.68	3.83247119140625	5.8811374192200265	102.4691	0.45286918
17856000	1406.18	257	2333	48325.43	4.21434521484375	5.102322349614438	54.259983	0.5677424
17888000	1416.45	263	2331	48411.82	4.25766162109375	6.856200717689791	106.303566	0.430687
17920000	1451.34	263	2331	48496.23	4.544537109375	6.65408532876608	79.658485	0.46248525
17952000	1542.97	364	2331	48581.85	4.5764267578125	7.5163961402722785	133.94975	0.56203353
17984000	1529.8	554	2333	48668.31	4.095360107421875	6.255256539503396	103.95928	0.5529674
18016000	1484.62	456	2655	48753.56	4.1463232421875	5.575801862176417	63.89113	0.42177624
18048000	1421.56	263	2655	48838.47	4.4982412109375	7.678793341892983	103.102104	0.4768638
18080000	1230.64	263	2394	48923.67	4.765443359375	9.573324755538172	179.02228	0.45251882
18112000	1325.64	257	2394	49008.19	4.903375	9.57134476575784	146.793	0.4948882
18144000	1290.04	257	2328	49093.85	5.0859443359375	10.755926418723773	198.88466	0.56239784
18176000	1415.4	555	2240	49178.9	6.06089306640625	14.715587505261215	220.43369	0.6717252
18208000	1433.74	379	2310	49264.39	5.4623681640625	13.16127427816167	232.92097	0.552997
18240000	1421.47	263	2310	49351.61	5.0526416015625	12.711245021633404	223.76413	0.4542598
18272000	1418.55	263	2012	49436.24	5.76508447265625	13.04299141301565	201.86746	0.51363015
18304000	1272.73	367	2234	49521.9	4.9122109375	10.516774175691898	156.41423	0.48117214
18336000	1365.98	263	2315	49607.5	5.83348681640625	11.336459434056119	146.37778	0.68934584
18368000	1374.97	263	2313	49693.21	6.3472470703125	15.070459515223815	197.33183	0.67777514
18400000	1439.59	556	2313	49778.86	6.1660517578125	13.383175071708507	206.13838	0.778163
18432000	1428.11	263	2332	49867.97	6.02524951171875	16.131500627653956	263.12494	0.69948983
18464000	1442.97	263	2332	49954.66	5.57909423828125	15.276563954305955	286.20874	0.5877216
18496000	1407.8	263	2298	50040.27	5.36615576171875	11.896299319536308	182.78204	0.60109055
18528000	1284.86	263	2298	50124.47	5.49641259765625	12.696982909337164	199.65854	0.6322365
18560000	1231.97	379	2317	50209.87	4.81264453125	8.867947902418011	157.43408	0.60261136
18592000	1313.02	371	2317	50295.5	5.361427734375	11.80897698786817	168.4527	0.4793871
18624000	1287.95	371	2316	50380.42	5.105373046875	8.669219976445401	112.238495	0.5067931
18656000	1359.02	445	2331	50465.62	5.0542705078125	8.497089115544217	156.7402	0.44046068
18688000	1348.25	556	2515	50551.31	4.8146591796875	6.65483611744121	77.78969	0.58657706
18720000	1396.4	556	2021	50636.7	5.05202978515625	7.068858034099285	70.70649	0.52053475
18752000	1423.16	263	2135	50722.04	5.3009169921875	7.785305920851794	88.8289	0.6589624
18784000	1473.41	263	2325	50807.14	4.67158544921875	7.833358654657656	91.80787	0.58608234
18816000	1469.77	369	2325	50892.16	4.7481708984375	7.137282724363663	66.94025	0.53580016
18848000	1392.39	369	2820	50977.57	4.35723876953125	6.763153850090947	69.550316	0.48910686
18880000	1434.61	379	2825	51063.26	4.6721171875	8.435992457915074	145.30272	0.5165245
18912000	1465.84	379	2825	51149.39	4.5805234375	7.292209027448404	107.30378	0.50444734
18944000	1537.48	555	2825	51237.14	4.3271865234375	7.556809842784189	123.608925	0.54868406
18976000	1556.75	449	2497	51324.09	5.0661484375	10.00102182279391	125.72871	0.38302013
19008000	1548.65	449	2667	51409.3	4.61363232421875	7.558671034811609	72.892365	0.40192515
19040000	1268.47	449	2667	51494.18	4.4866669921875	6.92286096251037	84.843025	0.41248015
19072000	1352.32	371	2331	51578.81	4.6377294921875	8.23345879627754	103.15814	0.52134675
19104000	1060.86	253	2323	51664.48	4.5571806640625	7.57604314187162	93.137474	0.42921036
19136000	1229.89	253	2546	51749.64	4.91038720703125	7.693285424641413	95.12083	0.54074
19168000	1430.09	444	2546	51837.05	5.429212890625	9.224073462955507	100.200745	0.6221967
19200000	1513.5	379	2326	51924.23	5.438150390625	9.440940598001875	106.27923	0.5059887
19232000	1486.95	263	2326	52009.35	5.567701171875	10.085311875445399	145.28542	0.5487103
19264000	1364.29	263	2133	52094.41	5.28148583984375	8.115454007632598	79.30822	0.48448658
19296000	1342.26	263	2324	52179.67	5.21350537109375	7.462652322566019	66.78386	0.5830649
19328000	1424.22	263	2327	52264.66	5.89158935546875	10.800578326529557	136.64339	0.7442161
19360000	1465.39	263	2316	52349.63	5.29932666015625	8.924412620727484	125.05767	0.7220975
19392000	1468.54	263	2146	52434.65	5.83954833984375	10.07686513443045	134.73459	0.73398465
19424000	1496.41	263	2263	52519.84	5.8229111328125	9.802553876414043	99.34946	0.6932422
19456000	1472.61	263	2331	52605.13	5.75095556640625	10.521785064213201	116.69009	0.70347846
19488000	1482.47	253	2571	52690.47	5.75842626953125	9.253917244875275	92.24905	0.56282294
19520000	1498.14	253	2571	52774.85	6.1298427734375	10.153019870954651	121.094765	0.7927747
19552000	1454.73	263	2324	52859.8	6.408623046875	11.727298548685456	137.65749	0.7095485
19584000	1465.02	263	2508	52944.56	5.5843525390625	10.315413224878585	127.32117	0.5177282
19616000	1500.02	263	2508	53029.95	5.15188916015625	8.88835702618881	111.81239	0.58645093
19648000	1324.48	263	2318	53110.52	5.8722626953125	10.127290250234758	100.430435	0.53144354
19680000	1294.04	641	2315	53182.52	5.7865869140625	9.948607785765805	132.01718	0.6835071
19712000	1465.02	641	2331	53255.3	6.13856591796875	9.886254662408813	99.962654	0.64877254
19744000	1529.02	635	2331	53316.84	5.81468310546875	10.47652882638138	104.87857	0.6750117
19776000	1395.8	635	2133	53378.44	5.529498046875	9.062099991172024	109.396	0.7364994
19808000	1440.47	641	2323	53441.41	5.7309248046875	8.833739033529348	103.06375	0.7134487
19840000	1584.22	263	2323	53509.16	5.470990234375	8.351413147635554	90.01796	0.7620996
19872000	1641.48	371	2331	53577.55	5.4607021484375	9.596484545134224	118.281906	0.6678561
19904000	1390.74	263	2514	53643.3	5.5381240234375	10.324575505801679	157.80429	0.72549284
19936000	1279.99	263	2514	53714.64	5.598279296875	10.1039619395067	165.2314	0.5931545
19968000	1524.87	263	2332	53785.88	5.4683447265625	7.989172360138439	87.881	0.7238274
20000000	1678.58	556	2332	53856.56	4.8409814453125	6.997996365031923	73.61662	0.6223459
