TotalEnvInteracts	AverageEpRet	MinEpRet	MaxEpRet	time
32000	372.36	246	973	44.21
64000	401.62	246	1331	89.28
96000	353.38	250	953	120.34
128000	357.09	241	950	149.47
160000	321.77	250	911	181.42
192000	367.78	253	955	224.26
224000	389.43	250	1311	269.0
256000	349.5	253	904	312.42
288000	363.65	241	1246	344.8
320000	385.76	253	1210	392.32
352000	353.9	246	870	438.03
384000	355.79	242	1259	483.41
416000	371.15	240	1041	529.88
448000	364.35	253	1221	575.55
480000	375.46	242	950	621.91
512000	346.2	241	953	667.65
544000	388.95	246	1317	713.8
576000	372.0	256	1363	760.68
608000	364.74	250	821	804.96
640000	368.19	241	942	852.0
672000	377.06	242	1341	899.29
704000	344.17	250	943	945.0
736000	354.51	253	935	993.1
768000	389.41	250	1422	1045.13
800000	380.44	241	1242	1096.35
832000	358.93	253	1230	1143.28
864000	371.08	253	1235	1192.52
896000	371.98	250	922	1242.11
928000	377.94	250	1304	1274.05
960000	391.07	246	1368	1319.54
992000	379.44	241	1208	1365.36
1024000	356.41	241	885	1395.93
1056000	375.5	256	953	1425.96
1088000	370.01	240	896	1456.18
1120000	380.05	241	902	1494.09
1152000	364.53	241	1384	1543.78
1184000	372.67	246	939	1594.33
1216000	393.55	253	1394	1643.45
1248000	360.67	246	1224	1693.81
1280000	388.94	250	1392	1745.01
1312000	345.71	250	945	1790.28
1344000	388.42	246	1364	1841.1
1376000	361.25	241	1364	1886.31
1408000	401.39	241	1393	1940.3
1440000	388.03	246	1368	1992.19
1472000	384.82	250	1382	2043.72
1504000	372.35	241	1383	2092.51
1536000	357.1	246	952	2134.77
1568000	336.2	241	935	2187.18
1600000	361.05	253	941	2236.62
1632000	351.3	241	1318	2281.6
1664000	360.17	246	1392	2329.73
1696000	363.31	241	1386	2380.32
1728000	367.92	250	1172	2429.87
1760000	360.89	253	1016	2484.5
1792000	357.44	240	1335	2534.51
1824000	389.38	253	1402	2586.79
1856000	368.77	250	1390	2633.88
1888000	342.33	250	917	2672.47
1920000	369.11	246	1160	2703.59
1952000	353.33	242	911	2735.91
1984000	390.93	253	964	2782.64
2016000	389.09	250	1322	2830.02
2048000	400.71	257	1367	2881.3
2080000	369.13	241	1359	2932.71
2112000	378.45	242	951	2965.99
2144000	409.02	256	1395	3011.5
2176000	382.86	250	1406	3062.12
2208000	388.76	240	1220	3116.0
2240000	379.08	250	938	3165.18
2272000	365.04	241	1325	3211.78
2304000	370.89	241	962	3257.83
2336000	373.71	241	1235	3304.03
2368000	386.44	250	1240	3353.4
2400000	393.45	246	1412	3398.38
2432000	386.35	246	1397	3445.04
2464000	371.43	241	1395	3495.05
2496000	334.54	241	806	3542.48
2528000	366.79	241	916	3593.98
2560000	351.32	240	902	3642.71
2592000	366.05	253	920	3689.14
2624000	371.63	246	1040	3740.68
2656000	351.84	250	1386	3790.91
2688000	350.16	250	896	3837.21
2720000	391.06	240	1370	3882.02
2752000	358.04	241	1181	3913.51
2784000	373.71	241	950	3946.6
2816000	351.28	242	1206	3997.22
2848000	371.5	253	1150	4049.41
2880000	384.67	250	1042	4098.51
2912000	358.47	250	1378	4148.27
2944000	364.25	253	1206	4201.18
2976000	403.21	242	1401	4251.32
3008000	355.14	241	925	4300.6
3040000	364.2	242	1378	4349.38
3072000	388.19	246	1232	4395.61
3104000	385.96	240	1352	4444.8
3136000	385.3	246	1359	4494.57
3168000	353.49	241	1014	4543.3
3200000	381.6	250	1373	4592.18
3232000	406.28	242	1411	4641.51
3264000	357.34	250	956	4695.41
3296000	379.78	241	1042	4750.97
3328000	384.06	253	1361	4794.95
3360000	360.88	240	1055	4841.97
3392000	362.3	241	908	4891.99
3424000	394.81	240	1355	4943.44
3456000	365.48	250	1370	4990.94
3488000	359.61	240	956	5043.59
3520000	365.24	250	1324	5094.23
3552000	381.98	246	949	5134.41
3584000	351.58	240	1179	5167.41
3616000	374.89	250	874	5210.77
3648000	367.12	246	1342	5259.93
3680000	367.05	254	1361	5309.77
3712000	377.17	241	1409	5358.83
3744000	347.96	242	1405	5410.09
3776000	372.73	246	1038	5457.62
3808000	369.93	250	1215	5503.02
3840000	380.54	246	1303	5553.67
3872000	380.74	256	956	5601.93
3904000	367.72	246	1058	5649.77
3936000	380.79	250	960	5689.63
3968000	386.77	253	933	5733.8
4000000	389.66	253	1356	5781.57
4032000	364.02	240	1339	5827.69
4064000	382.99	253	1312	5873.6
4096000	374.9	253	1386	5922.98
4128000	384.66	250	1587	5967.71
4160000	357.7	246	937	6016.89
4192000	355.28	240	966	6061.1
4224000	353.82	250	935	6104.1
4256000	374.71	246	1211	6149.7
4288000	337.17	246	901	6193.73
4320000	364.91	240	1374	6240.78
4352000	354.81	240	952	6288.58
4384000	354.52	253	810	6321.44
4416000	378.85	241	1370	6352.18
4448000	358.13	241	936	6398.08
4480000	351.13	246	894	6447.31
4512000	377.53	253	1366	6496.33
4544000	391.56	246	1370	6536.85
4576000	360.39	250	913	6575.08
4608000	372.45	241	882	6619.0
4640000	347.84	246	905	6666.09
4672000	369.42	246	1302	6713.64
4704000	345.01	240	1379	6766.13
4736000	347.5	241	1126	6812.87
4768000	389.3	242	1354	6856.91
4800000	390.27	240	941	6905.41
4832000	357.83	253	906	6953.21
4864000	387.06	242	1371	7002.87
4896000	359.37	241	956	7046.37
4928000	364.11	250	1400	7092.68
4960000	332.38	250	918	7138.65
4992000	387.97	246	1207	7187.06
5024000	377.77	250	948	7234.81
5056000	380.54	241	1346	7280.48
5088000	354.27	250	954	7325.99
5120000	356.73	241	1202	7371.09
5152000	335.35	250	1360	7418.72
5184000	366.39	241	1047	7462.74
5216000	371.96	253	1346	7489.53
5248000	399.35	242	1221	7518.16
5280000	370.75	241	908	7560.7
5312000	379.42	241	1400	7606.41
5344000	372.31	256	1220	7650.67
5376000	401.24	252	1399	7701.32
5408000	383.84	240	1355	7749.31
5440000	398.48	253	1314	7794.52
5472000	363.72	242	1243	7845.49
5504000	373.15	250	1341	7890.89
5536000	401.56	246	1228	7939.8
5568000	379.37	246	1218	7986.04
5600000	385.4	246	953	8037.18
5632000	388.8	253	1327	8087.98
5664000	371.12	242	1004	8138.54
5696000	361.27	240	946	8193.61
5728000	354.23	242	950	8239.03
5760000	392.82	246	1373	8289.52
5792000	372.1	242	951	8339.87
5824000	365.69	246	1374	8386.8
5856000	415.3	241	1409	8425.83
5888000	369.8	241	1379	8475.06
5920000	371.71	241	950	8526.29
5952000	420.08	246	1343	8572.54
5984000	362.53	241	1344	8617.21
6016000	361.01	253	957	8648.59
6048000	370.98	254	1174	8686.41
6080000	359.51	241	922	8735.87
6112000	380.85	241	1213	8779.57
6144000	360.19	246	928	8827.42
6176000	364.74	241	1340	8878.58
6208000	356.83	246	924	8927.82
6240000	422.01	253	972	8976.29
6272000	364.28	242	909	9023.73
6304000	372.67	241	1376	9072.33
6336000	391.79	253	1391	9120.73
6368000	357.23	256	893	9167.57
6400000	380.0	246	958	9213.51
6432000	381.53	240	1379	9264.51
6464000	361.77	241	1227	9304.98
6496000	368.82	250	937	9334.53
6528000	370.59	241	936	9386.01
6560000	374.12	241	944	9436.01
6592000	359.2	241	1124	9484.91
6624000	366.71	241	934	9527.27
6656000	360.23	241	1201	9576.36
6688000	369.14	241	1347	9628.38
6720000	380.02	246	1217	9674.59
6752000	378.57	241	1364	9720.05
6784000	363.85	250	999	9765.58
6816000	344.24	242	783	9800.81
6848000	368.03	246	1041	9833.27
6880000	376.49	253	949	9883.63
6912000	372.03	253	1032	9934.11
6944000	384.16	241	1401	9981.97
6976000	389.67	250	1367	10031.88
7008000	379.24	241	1304	10080.05
7040000	351.84	250	1225	10128.67
7072000	371.81	241	980	10174.59
7104000	337.33	242	1348	10222.91
7136000	378.8	241	1332	10270.02
7168000	382.78	250	1025	10312.64
7200000	383.51	246	1373	10352.7
7232000	368.41	241	1358	10403.35
7264000	402.76	250	1387	10453.4
7296000	383.47	241	1329	10498.4
7328000	346.7	241	833	10542.17
7360000	373.01	250	863	10588.42
7392000	371.14	250	1381	10638.22
7424000	384.48	241	1392	10683.33
7456000	360.39	250	1387	10725.43
7488000	374.87	253	1323	10772.05
7520000	385.26	250	1038	10824.61
7552000	390.01	242	1238	10875.21
7584000	388.89	253	1368	10923.69
7616000	356.14	250	1356	10962.88
7648000	348.82	241	802	10993.31
7680000	337.16	241	933	11037.41
7712000	349.28	241	928	11085.51
7744000	334.82	241	1234	11138.0
7776000	355.62	241	1322	11185.53
7808000	341.51	246	949	11227.4
7840000	355.53	241	882	11276.21
7872000	363.41	241	1373	11323.59
7904000	385.58	252	1351	11370.14
7936000	367.74	240	960	11415.67
7968000	363.28	250	935	11464.2
8000000	392.33	250	1240	11511.14
8032000	385.54	241	1379	11560.7
8064000	366.76	241	1356	11606.88
8096000	400.38	250	1388	11656.91
8128000	347.8	240	1051	11706.85
8160000	365.44	241	1343	11757.1
8192000	385.5	240	1303	11808.0
8224000	363.01	240	1367	11855.93
8256000	350.87	241	1390	11901.85
8288000	375.1	253	1358	11950.42
8320000	378.83	241	942	11999.17
8352000	388.41	250	951	12049.58
8384000	373.9	241	1384	12093.23
8416000	381.3	241	1371	12131.28
8448000	369.64	252	919	12157.08
8480000	400.1	246	1377	12195.65
8512000	381.69	246	1366	12245.24
8544000	387.05	250	1379	12295.54
8576000	364.56	241	946	12345.25
8608000	378.26	241	1261	12398.65
8640000	389.87	241	1479	12446.42
8672000	375.34	253	941	12497.46
8704000	401.36	250	1207	12544.38
8736000	373.38	242	957	12592.54
8768000	367.81	240	1176	12641.37
8800000	341.4	250	1296	12689.01
8832000	381.93	250	948	12734.72
8864000	374.63	250	1397	12783.09
8896000	354.58	250	923	12834.1
8928000	375.13	246	1376	12883.41
8960000	359.05	241	1224	12930.24
8992000	361.75	242	1196	12980.19
9024000	402.69	246	1395	13024.32
9056000	391.81	254	1182	13077.8
9088000	361.61	253	1220	13119.62
9120000	359.01	246	933	13150.42
9152000	381.71	242	1372	13196.07
9184000	388.01	241	1201	13242.17
9216000	363.1	241	1339	13284.47
9248000	361.78	241	912	13325.29
9280000	358.92	246	932	13355.41
9312000	352.63	246	962	13406.53
9344000	372.3	240	948	13455.83
9376000	372.11	250	1367	13505.52
9408000	369.69	241	956	13552.71
9440000	388.04	240	1391	13598.81
9472000	374.63	250	888	13643.77
9504000	366.42	250	1334	13691.61
9536000	428.97	253	1387	13742.08
9568000	381.52	241	1407	13788.72
9600000	376.86	250	1394	13836.6
9632000	368.55	241	1121	13885.98
9664000	353.86	240	1382	13939.98
9696000	392.81	241	1340	13988.59
9728000	350.4	250	1342	14041.42
9760000	374.7	253	1208	14091.83
9792000	379.22	246	1548	14132.38
9824000	363.29	241	1390	14180.97
9856000	363.69	241	939	14225.67
9888000	363.22	250	1406	14279.04
9920000	387.17	250	1291	14319.86
9952000	385.09	250	926	14370.38
9984000	386.92	253	954	14422.97
10016000	359.53	246	1300	14470.11
10048000	362.51	241	1073	14521.45
10080000	363.37	250	1161	14552.21
10112000	367.13	246	1159	14594.02
10144000	361.71	240	1345	14640.69
10176000	373.58	241	1211	14697.53
10208000	369.36	246	1193	14745.08
10240000	383.62	246	1312	14789.98
10272000	379.21	250	1338	14838.3
10304000	348.27	250	958	14887.88
10336000	367.48	253	1308	14933.07
10368000	425.07	246	1348	14975.16
10400000	380.48	250	1053	15022.08
10432000	378.12	250	1395	15064.83
10464000	389.93	241	1330	15099.81
10496000	393.28	257	1375	15141.4
10528000	365.08	250	963	15191.31
10560000	342.75	241	912	15242.53
10592000	339.95	253	1233	15289.28
10624000	349.9	250	924	15338.27
10656000	353.3	241	881	15386.39
10688000	365.38	253	1092	15441.38
10720000	374.48	250	1293	15484.2
10752000	359.18	250	1374	15533.3
10784000	358.72	250	1367	15580.24
10816000	361.15	250	939	15631.18
10848000	365.2	242	1185	15678.14
10880000	379.53	242	1053	15727.83
10912000	380.48	250	1420	15758.13
10944000	389.17	253	1406	15791.47
10976000	370.97	240	1201	15838.41
11008000	393.72	242	1409	15891.69
11040000	369.01	241	1361	15940.53
11072000	349.65	250	886	15993.17
11104000	390.08	242	1333	16028.88
11136000	359.41	241	959	16079.19
11168000	385.46	241	1384	16124.65
11200000	383.45	250	1354	16174.61
11232000	388.64	241	1143	16225.37
11264000	366.42	253	1394	16270.37
11296000	394.27	241	1367	16315.94
11328000	361.1	241	1387	16363.47
11360000	390.72	241	940	16401.68
11392000	364.17	241	950	16450.43
11424000	387.53	250	1220	16499.84
11456000	363.82	241	1360	16549.64
11488000	380.57	242	1335	16601.83
11520000	376.01	241	1382	16648.92
11552000	365.43	240	1213	16696.47
11584000	370.55	241	1297	16749.17
11616000	349.49	253	948	16798.1
11648000	368.38	256	934	16850.31
11680000	419.62	241	1360	16903.5
11712000	356.34	241	1064	16945.23
11744000	348.67	241	946	16973.38
11776000	351.9	246	929	17004.88
11808000	340.49	253	885	17046.78
11840000	376.57	241	951	17090.46
11872000	369.85	242	937	17138.87
11904000	367.61	253	1370	17182.7
11936000	375.74	250	1359	17222.36
11968000	376.09	241	1289	17270.47
12000000	414.05	240	1235	17317.98
12032000	370.54	242	945	17365.27
12064000	356.98	246	1383	17409.48
12096000	396.2	246	955	17458.39
12128000	357.76	250	966	17499.11
12160000	328.52	241	990	17549.71
12192000	364.29	242	1239	17600.07
12224000	362.07	253	931	17646.25
12256000	380.97	241	1350	17687.7
12288000	367.88	241	831	17732.11
12320000	341.79	242	930	17779.93
12352000	398.49	253	1164	17824.77
12384000	399.52	253	1380	17868.16
12416000	365.79	241	1376	17906.38
12448000	356.96	240	1035	17955.7
12480000	362.38	246	1344	17999.07
12512000	390.94	253	1193	18045.39
12544000	351.82	246	945	18092.92
12576000	377.76	242	1363	18142.75
12608000	392.81	242	1215	18190.39
12640000	352.51	246	1364	18236.13
12672000	357.63	246	882	18265.77
12704000	349.09	241	911	18293.69
12736000	395.56	241	1354	18321.63
12768000	379.59	250	957	18367.58
12800000	351.84	241	902	18407.81
12832000	393.66	253	1364	18450.88
12864000	345.46	240	1351	18497.99
12896000	386.33	250	1390	18551.69
12928000	359.11	250	958	18596.84
12960000	354.22	254	1338	18640.29
12992000	392.28	246	1349	18688.81
13024000	373.78	241	1345	18735.89
13056000	375.66	241	1242	18784.17
13088000	426.29	253	1388	18818.28
13120000	373.34	246	1419	18864.49
13152000	379.23	241	947	18912.81
13184000	377.69	250	939	18959.7
13216000	373.69	246	1375	18996.65
13248000	361.71	240	815	19036.69
13280000	362.43	241	950	19078.32
13312000	356.05	250	1342	19125.16
13344000	353.15	241	1205	19174.2
13376000	363.9	241	1393	19223.4
13408000	316.42	246	865	19269.61
13440000	386.72	242	1371	19316.37
13472000	374.37	241	1405	19366.31
13504000	369.37	246	1177	19415.22
13536000	383.75	242	1216	19460.82
13568000	367.82	241	918	19506.01
13600000	381.02	250	1128	19535.23
13632000	376.41	241	958	19563.88
13664000	356.16	241	957	19608.18
13696000	370.13	250	1305	19647.1
13728000	347.28	242	1402	19692.59
13760000	364.14	241	1328	19732.15
13792000	368.23	240	927	19782.99
13824000	399.34	253	1215	19835.49
13856000	371.8	250	1343	19878.34
13888000	376.27	253	927	19928.14
13920000	391.76	250	1348	19974.07
13952000	381.92	246	1584	20021.64
13984000	369.67	240	1394	20066.11
14016000	392.76	240	1392	20114.98
14048000	394.5	254	1344	20162.52
14080000	372.46	241	1378	20209.87
14112000	378.81	246	1363	20252.77
14144000	368.83	242	940	20297.24
14176000	375.3	250	957	20339.69
14208000	335.88	246	1218	20388.98
14240000	387.17	250	991	20434.12
14272000	360.85	246	1131	20477.52
14304000	403.15	250	1383	20527.65
14336000	357.2	241	1318	20568.91
14368000	386.72	241	1240	20614.22
14400000	393.43	241	1039	20657.13
14432000	389.89	241	1388	20693.11
14464000	372.67	252	1221	20720.79
14496000	343.86	253	953	20761.8
14528000	363.99	253	905	20807.61
14560000	361.27	240	932	20855.59
14592000	373.8	250	1445	20892.87
14624000	372.43	241	1319	20932.28
14656000	405.86	246	1408	20979.64
14688000	393.44	241	1327	21027.21
14720000	390.27	250	1381	21078.17
14752000	392.27	241	1309	21120.98
14784000	382.13	241	2026	21159.59
14816000	394.81	250	1390	21210.1
14848000	355.43	256	881	21261.19
14880000	386.39	240	1350	21307.58
14912000	376.17	246	1212	21358.21
14944000	362.83	246	949	21411.24
14976000	383.11	240	902	21457.33
15008000	353.3	241	1349	21503.37
15040000	370.87	246	1346	21550.7
15072000	351.97	240	930	21594.32
15104000	353.25	246	1042	21637.57
15136000	362.51	241	1328	21673.19
15168000	390.18	250	1311	21711.17
15200000	370.04	241	918	21759.41
15232000	378.42	241	1367	21801.65
15264000	384.31	246	1259	21848.87
15296000	344.96	241	1384	21891.63
15328000	382.19	242	1417	21920.22
15360000	363.53	246	1043	21962.07
15392000	367.75	241	941	22007.73
15424000	366.39	241	1657	22060.8
15456000	365.34	241	1380	22108.71
15488000	356.47	250	933	22158.8
15520000	359.97	246	954	22202.51
15552000	353.67	241	1162	22249.41
15584000	404.95	246	1377	22299.09
15616000	387.54	240	1365	22344.58
15648000	357.57	246	811	22386.68
15680000	350.08	250	904	22435.93
15712000	355.9	246	1380	22481.88
15744000	394.27	250	1365	22529.08
15776000	411.83	246	1234	22571.42
15808000	359.95	250	931	22608.45
15840000	376.68	250	1362	22648.08
15872000	396.81	242	1416	22691.69
15904000	397.76	253	1224	22732.29
15936000	374.58	256	1167	22779.62
15968000	398.59	241	1390	22825.32
16000000	347.55	241	929	22872.4
16032000	352.62	240	1226	22920.5
16064000	381.02	241	1386	22961.32
16096000	366.15	246	1213	23000.69
16128000	372.02	242	1370	23036.96
16160000	355.2	253	1036	23067.4
16192000	366.9	250	1379	23096.4
16224000	369.82	250	1309	23123.73
16256000	365.66	253	1308	23158.82
16288000	365.73	246	1361	23204.19
16320000	364.2	250	1374	23254.62
16352000	370.83	253	1055	23301.12
16384000	384.17	246	951	23339.9
16416000	374.78	246	1344	23382.4
16448000	372.52	241	1321	23424.87
16480000	357.22	242	1052	23466.62
16512000	370.97	250	943	23495.85
16544000	378.64	246	1392	23542.99
16576000	349.03	241	925	23585.48
16608000	363.99	246	961	23628.37
16640000	347.2	242	914	23675.43
16672000	375.76	241	1212	23710.64
16704000	352.98	241	1044	23749.67
16736000	366.47	241	1209	23793.18
16768000	378.77	250	1238	23833.0
16800000	354.32	241	1122	23886.9
16832000	378.3	241	1400	23930.58
16864000	340.56	246	947	23976.61
16896000	355.96	250	950	24023.38
16928000	386.09	242	1397	24076.91
16960000	371.82	250	953	24122.99
16992000	405.67	246	1366	24169.23
17024000	375.54	250	1331	24219.8
17056000	348.0	250	950	24261.12
17088000	354.53	246	948	24289.72
17120000	370.94	246	1223	24332.0
17152000	359.58	241	1406	24372.05
17184000	375.14	250	1285	24407.56
17216000	388.7	242	1341	24450.01
17248000	382.48	241	939	24498.07
17280000	374.45	240	943	24541.53
17312000	373.61	240	1362	24581.31
17344000	347.53	246	929	24627.77
17376000	361.95	250	1248	24673.18
17408000	363.91	250	1194	24719.18
17440000	346.29	250	1318	24760.48
17472000	375.76	246	1240	24804.7
17504000	402.77	250	1370	24856.11
17536000	367.36	240	1569	24905.14
17568000	379.96	241	1234	24947.82
17600000	376.72	241	1366	24992.18
17632000	346.43	241	958	25037.02
17664000	391.75	241	972	25082.97
17696000	383.26	240	1223	25120.16
17728000	391.27	242	1386	25161.48
17760000	342.21	250	941	25198.88
17792000	390.38	250	1033	25239.8
17824000	344.62	241	958	25274.8
17856000	355.77	253	1029	25322.34
17888000	381.32	241	1348	25363.1
17920000	354.37	246	1358	25415.92
17952000	372.66	246	1361	25454.62
17984000	380.65	241	1321	25485.08
18016000	347.72	250	1045	25518.8
18048000	352.46	241	952	25562.91
18080000	400.21	250	1564	25607.32
18112000	356.08	241	898	25659.37
18144000	348.53	241	950	25705.01
18176000	371.73	241	1417	25742.7
18208000	381.63	253	1410	25782.21
18240000	372.58	240	1198	25830.39
18272000	396.82	246	1383	25881.61
18304000	377.82	242	1357	25924.23
18336000	373.35	241	1361	25968.09
18368000	358.35	253	1358	26011.8
18400000	394.02	240	1366	26060.01
18432000	366.32	241	1316	26104.43
18464000	376.41	246	1377	26150.63
18496000	386.3	250	1352	26188.01
18528000	353.47	250	1375	26228.4
18560000	376.95	253	1375	26277.63
18592000	395.83	241	1349	26326.33
18624000	338.34	250	894	26365.54
18656000	399.61	241	1306	26410.6
18688000	376.09	241	1249	26448.88
18720000	388.93	250	1396	26495.68
18752000	386.61	253	955	26540.98
18784000	372.74	241	1185	26585.53
18816000	358.56	241	959	26631.57
18848000	387.93	241	1054	26685.37
18880000	368.15	250	1335	26736.28
18912000	358.8	246	1364	26763.61
18944000	360.89	250	941	26792.88
18976000	356.54	242	1347	26822.76
19008000	345.69	241	1393	26862.48
19040000	371.25	253	960	26905.11
19072000	348.75	246	1314	26947.51
19104000	390.67	241	1238	26994.01
19136000	369.87	241	925	27033.7
19168000	389.82	253	1511	27073.5
19200000	358.37	250	908	27103.08
19232000	332.07	242	870	27146.1
19264000	368.79	250	1282	27190.38
19296000	346.23	242	1333	27228.57
19328000	355.02	246	1370	27276.81
19360000	369.61	242	1325	27325.46
19392000	356.09	246	917	27371.81
19424000	364.86	250	928	27413.58
19456000	375.25	241	1039	27458.99
19488000	411.2	252	1212	27501.53
19520000	383.76	242	1397	27548.07
19552000	391.38	242	1384	27595.92
19584000	332.05	241	882	27641.0
19616000	380.76	241	1139	27682.71
19648000	384.82	241	1365	27723.43
19680000	350.89	246	918	27769.63
19712000	378.38	241	949	27813.22
19744000	357.91	250	1416	27858.22
19776000	375.73	250	918	27903.62
19808000	336.57	253	915	27946.6
19840000	397.68	250	947	27988.19
19872000	377.35	242	1199	28024.71
19904000	357.49	241	1333	28054.51
19936000	392.81	246	1246	28088.32
19968000	383.16	256	1368	28129.2
20000000	340.37	242	781	28171.27
