TotalEnvInteracts	AverageEpRet	MinEpRet	MaxEpRet	time
32000	461.19	111	1837	28.59
64000	449.0	111	1190	57.47
96000	454.07	108	1031	87.07
128000	424.24	111	1085	115.34
160000	422.25	105	1059	141.6
192000	444.28	111	1499	171.13
224000	465.92	111	1201	200.57
256000	433.88	108	1045	229.04
288000	424.7	105	852	255.99
320000	410.76	111	1080	283.4
352000	435.08	111	1089	310.49
384000	435.12	111	1021	337.8
416000	437.32	111	1081	365.43
448000	476.05	108	1079	393.55
480000	502.24	108	1805	421.14
512000	479.8	111	1078	448.64
544000	480.15	111	1028	474.6
576000	495.15	111	1379	499.42
608000	479.88	108	1978	527.26
640000	471.63	105	991	555.17
672000	466.01	111	1391	582.28
704000	421.03	111	1006	610.08
736000	427.29	108	1027	637.51
768000	460.7	105	875	665.96
800000	417.53	108	979	694.9
832000	456.94	105	1205	722.62
864000	522.25	105	1171	751.27
896000	461.55	105	1439	780.56
928000	455.45	105	1028	808.2
960000	421.84	105	1026	837.2
992000	426.19	111	968	865.69
1024000	493.9	111	1056	894.03
1056000	453.74	108	1019	923.45
1088000	470.6	111	1212	951.97
1120000	426.85	108	860	981.18
1152000	445.47	111	1075	1007.04
1184000	429.97	108	1074	1034.52
1216000	457.64	111	1882	1063.58
1248000	452.17	108	1077	1094.59
1280000	426.91	111	1068	1123.99
1312000	451.75	105	1028	1154.57
1344000	450.38	105	1224	1183.77
1376000	462.16	108	1055	1213.15
1408000	429.37	105	1206	1242.76
1440000	468.67	105	1168	1273.39
1472000	448.72	111	1016	1302.53
1504000	412.19	111	1080	1332.35
1536000	395.2	111	834	1362.54
1568000	451.99	108	1216	1392.81
1600000	438.59	108	1706	1423.19
1632000	425.99	111	1202	1453.69
1664000	437.15	111	1163	1482.38
1696000	383.62	108	807	1511.4
1728000	432.88	111	877	1539.3
1760000	386.18	113	1203	1567.63
1792000	424.62	111	882	1598.57
1824000	488.97	111	1082	1629.08
1856000	447.42	111	1207	1659.87
1888000	395.65	108	1082	1690.12
1920000	405.82	105	1080	1720.84
1952000	424.04	108	1092	1752.25
1984000	467.27	111	1030	1783.37
2016000	408.48	113	1203	1813.47
2048000	405.34	108	1171	1842.9
2080000	417.39	108	1198	1873.29
2112000	503.14	111	1217	1902.97
2144000	418.23	111	1198	1933.29
2176000	448.52	108	1710	1962.59
2208000	465.73	108	1018	1992.66
2240000	423.59	111	1437	2021.01
2272000	475.59	111	1050	2046.01
2304000	438.65	108	1025	2073.66
2336000	475.98	108	1192	2105.23
2368000	434.16	105	1169	2136.27
2400000	468.34	105	1536	2166.21
2432000	454.81	105	1070	2196.57
2464000	500.76	105	1209	2227.05
2496000	444.55	111	1044	2256.53
2528000	469.81	111	1473	2285.9
2560000	479.75	111	1068	2315.0
2592000	406.02	108	1034	2342.44
2624000	457.45	111	1209	2371.96
2656000	441.4	105	1207	2401.8
2688000	484.26	111	1029	2431.95
2720000	458.22	111	985	2461.46
2752000	443.97	111	1803	2490.01
2784000	481.49	120	1215	2518.6
2816000	352.32	108	1002	2547.04
2848000	421.98	108	1057	2572.6
2880000	415.95	105	1072	2602.65
2912000	425.59	111	1804	2631.48
2944000	492.44	113	1198	2660.97
2976000	411.47	108	1024	2689.52
3008000	445.39	111	1764	2719.71
3040000	472.29	111	1078	2748.52
3072000	478.2	105	1030	2777.89
3104000	498.54	111	1058	2806.46
3136000	418.51	105	1215	2835.2
3168000	432.71	111	1024	2864.99
3200000	441.86	108	990	2894.27
3232000	466.01	108	1047	2923.1
3264000	466.9	108	1017	2951.73
3296000	445.7	108	1423	2981.09
3328000	418.86	111	1081	3009.26
3360000	449.08	108	1013	3038.17
3392000	419.16	108	1080	3064.68
3424000	416.5	111	1020	3090.08
3456000	460.11	111	1809	3118.73
3488000	454.33	111	1199	3147.91
3520000	482.65	111	1052	3176.87
3552000	420.67	111	1055	3206.04
3584000	430.42	111	796	3235.37
3616000	461.33	111	1820	3265.7
3648000	443.22	111	1187	3295.5
3680000	466.79	111	1181	3325.15
3712000	431.95	111	1202	3354.49
3744000	418.31	108	1025	3384.68
3776000	455.05	111	1072	3414.17
3808000	493.12	108	1188	3443.59
3840000	454.55	108	1079	3472.6
3872000	471.73	105	1122	3501.75
3904000	423.47	105	1050	3530.53
3936000	423.74	111	1009	3560.54
3968000	410.84	108	885	3586.57
4000000	473.91	108	1026	3614.64
4032000	422.87	105	849	3644.1
4064000	416.6	108	1204	3673.32
4096000	463.28	108	882	3703.18
4128000	387.85	111	884	3732.99
4160000	425.91	108	1195	3762.26
4192000	422.7	111	1472	3790.5
4224000	446.46	105	1201	3819.91
4256000	457.41	111	1038	3849.25
4288000	428.06	105	1081	3878.38
4320000	495.51	105	1209	3907.02
4352000	478.34	111	1199	3936.19
4384000	484.43	113	1033	3965.46
4416000	482.57	108	1625	3994.47
4448000	414.59	108	1067	4024.95
4480000	477.52	105	1194	4055.45
4512000	451.69	105	1207	4083.44
4544000	409.63	105	1021	4109.73
4576000	454.38	111	1209	4139.69
4608000	420.66	111	1076	4169.84
4640000	480.05	111	1204	4198.35
4672000	465.16	113	1082	4226.85
4704000	425.23	113	1184	4256.52
4736000	449.03	113	881	4286.52
4768000	465.72	113	1032	4316.03
4800000	454.9	108	1419	4346.39
4832000	453.7	105	885	4378.12
4864000	486.8	111	1213	4407.75
4896000	498.51	108	1033	4438.16
4928000	464.31	108	1766	4468.21
4960000	401.66	105	1022	4497.84
4992000	485.59	111	1026	4526.5
5024000	437.0	105	1003	4555.0
5056000	399.52	108	1014	4585.17
5088000	458.45	111	1432	4611.91
5120000	430.22	108	1017	4642.5
5152000	371.22	105	1012	4673.2
5184000	455.32	105	1219	4703.03
5216000	408.39	111	1010	4733.41
5248000	426.55	111	1083	4764.04
5280000	436.74	108	1021	4793.36
5312000	386.33	108	1202	4822.75
5344000	371.52	108	1227	4852.93
5376000	407.57	111	1082	4882.26
5408000	408.98	105	999	4913.6
5440000	437.5	111	1075	4942.77
5472000	458.9	108	1054	4972.76
5504000	462.92	111	1212	5002.98
5536000	486.6	108	1034	5032.55
5568000	437.0	111	871	5063.34
5600000	474.39	105	1053	5092.84
5632000	435.59	108	1084	5117.74
5664000	419.24	111	1085	5147.09
5696000	472.65	111	1029	5176.36
5728000	463.79	113	1065	5206.79
5760000	434.71	108	1027	5237.37
5792000	480.71	105	1074	5265.29
5824000	405.29	111	854	5295.59
5856000	392.79	105	1024	5324.4
5888000	506.83	108	1084	5354.84
5920000	476.81	111	1212	5383.77
5952000	487.25	108	879	5412.62
5984000	451.58	108	989	5442.82
6016000	444.08	105	1433	5472.69
6048000	452.74	108	1015	5502.97
6080000	431.94	108	990	5532.45
6112000	454.99	111	1200	5562.27
6144000	463.84	105	1208	5591.73
6176000	445.41	108	1428	5618.02
6208000	446.59	111	1221	5645.47
6240000	467.48	111	1178	5675.0
6272000	432.92	111	1673	5703.53
6304000	461.54	108	1036	5730.94
6336000	452.15	111	1069	5760.57
6368000	424.11	120	1209	5790.37
6400000	447.17	105	1205	5818.69
6432000	452.12	105	1217	5848.14
6464000	480.0	113	1077	5877.6
6496000	438.5	113	1104	5906.44
6528000	459.2	113	1012	5935.21
6560000	478.41	111	1082	5964.58
6592000	428.29	111	1030	5993.14
6624000	393.86	111	1024	6020.76
6656000	438.01	111	1029	6048.97
6688000	395.39	111	983	6078.64
6720000	438.2	105	1434	6108.12
6752000	424.41	108	857	6134.67
6784000	455.42	111	1072	6161.27
6816000	454.49	113	1030	6190.97
6848000	445.35	108	1082	6219.33
6880000	460.75	111	1212	6248.77
6912000	421.82	108	1083	6279.07
6944000	468.76	111	1217	6308.16
6976000	440.98	108	1200	6338.24
7008000	499.12	105	1531	6367.68
7040000	439.25	111	843	6396.58
7072000	504.69	108	1206	6425.38
7104000	453.75	105	1211	6452.96
7136000	462.18	105	1052	6481.56
7168000	422.23	113	1028	6510.93
7200000	393.64	111	1085	6540.84
7232000	418.3	105	1214	6569.36
7264000	462.64	108	1808	6598.49
7296000	442.68	108	1034	6626.57
7328000	463.65	111	811	6651.14
7360000	418.53	105	1444	6679.67
7392000	471.8	111	1109	6708.48
7424000	447.26	111	1027	6737.22
7456000	453.19	111	850	6765.79
7488000	490.33	111	1064	6794.47
7520000	408.04	105	1015	6823.64
7552000	486.07	111	1038	6852.77
7584000	434.62	108	1208	6881.77
7616000	483.71	111	1207	6910.84
7648000	436.6	105	1212	6940.77
7680000	457.84	105	1198	6969.55
7712000	458.72	108	1004	6998.84
7744000	416.7	105	1025	7028.36
7776000	482.53	111	998	7057.92
7808000	460.91	111	1805	7088.46
7840000	467.84	108	1187	7118.54
7872000	439.96	105	1080	7145.23
7904000	445.69	111	1079	7171.3
7936000	481.2	108	1209	7200.47
7968000	490.08	108	994	7230.29
8000000	406.07	105	1081	7261.02
8032000	447.39	111	1084	7291.27
8064000	415.25	111	1007	7320.66
8096000	435.06	108	1207	7350.36
8128000	429.14	105	881	7379.45
8160000	396.97	105	1181	7410.19
8192000	478.15	108	1796	7438.51
8224000	416.8	111	1023	7468.72
8256000	423.88	111	1204	7498.38
8288000	466.1	105	1773	7526.9
8320000	456.74	108	1427	7557.06
8352000	428.16	111	1155	7588.72
8384000	419.31	105	1017	7619.33
8416000	399.69	111	1070	7649.98
8448000	437.7	111	1145	7675.01
8480000	395.42	105	846	7704.63
8512000	454.24	111	1200	7735.38
8544000	450.93	111	1013	7765.14
8576000	449.04	108	1018	7794.88
8608000	425.95	111	869	7824.48
8640000	464.77	108	1175	7854.63
8672000	458.37	108	1081	7884.56
8704000	442.27	108	1191	7915.09
8736000	401.81	108	1076	7944.93
8768000	471.26	108	1215	7974.65
8800000	474.6	113	1025	8005.44
8832000	488.13	111	1177	8035.27
8864000	386.68	111	1086	8064.95
8896000	466.37	111	883	8094.4
8928000	429.14	111	1037	8124.06
8960000	380.49	105	1790	8153.33
8992000	434.07	111	978	8179.25
9024000	463.24	108	1176	8208.74
9056000	368.31	111	818	8237.89
9088000	411.07	108	1007	8267.77
9120000	407.47	105	1170	8298.93
9152000	448.56	108	1042	8329.24
9184000	447.18	111	1033	8359.85
9216000	444.48	108	1158	8389.71
9248000	472.1	111	1026	8419.07
9280000	427.5	108	1077	8449.45
9312000	478.71	111	1215	8479.23
9344000	391.27	105	1211	8507.9
9376000	429.18	108	1072	8538.25
9408000	420.25	111	844	8567.77
9440000	434.91	108	918	8597.57
9472000	426.17	105	870	8627.08
9504000	436.68	111	841	8656.13
9536000	440.17	111	964	8682.69
9568000	473.54	111	1020	8707.29
9600000	469.84	108	1165	8735.19
9632000	469.55	108	1532	8765.15
9664000	435.08	108	1364	8794.6
9696000	451.3	120	822	8822.63
9728000	450.25	108	1080	8851.59
9760000	472.04	113	1196	8880.69
9792000	467.65	108	991	8910.63
9824000	549.95	111	1348	8939.34
9856000	376.51	111	806	8969.96
9888000	466.71	108	1205	8998.83
9920000	465.58	111	1044	9027.84
9952000	477.42	108	1014	9057.18
9984000	390.31	108	1060	9086.73
10016000	459.26	108	1031	9116.19
10048000	430.15	108	836	9145.05
10080000	432.07	111	1099	9174.79
10112000	499.57	111	1391	9201.74
10144000	462.39	108	1013	9228.39
10176000	469.55	113	1200	9257.8
10208000	412.24	108	1026	9287.26
10240000	471.01	111	1009	9316.28
10272000	487.14	108	1436	9345.23
10304000	455.85	111	1183	9373.97
10336000	460.84	120	882	9403.04
10368000	435.85	111	1211	9432.68
10400000	417.96	105	808	9461.26
10432000	440.47	105	807	9491.78
10464000	425.64	108	814	9521.16
10496000	424.07	111	1159	9550.79
10528000	449.42	111	1199	9581.33
10560000	439.42	113	1007	9610.88
10592000	483.86	111	1471	9639.76
10624000	407.35	111	1020	9670.51
10656000	479.1	108	1096	9699.36
10688000	443.06	111	881	9723.69
10720000	456.39	120	1068	9752.8
10752000	409.12	108	1079	9783.13
10784000	403.5	111	1015	9811.52
10816000	438.9	105	1015	9841.34
10848000	417.37	105	1021	9870.95
10880000	447.45	105	1216	9899.93
10912000	471.39	108	1778	9929.27
10944000	424.61	108	873	9958.86
10976000	406.8	108	1017	9988.1
11008000	455.18	108	1005	10018.16
11040000	451.99	111	1002	10048.17
11072000	443.13	111	1190	10078.82
11104000	451.99	108	1772	10108.59
11136000	460.78	111	1784	10138.45
11168000	510.6	111	1431	10168.59
11200000	472.64	108	1076	10198.39
11232000	479.07	113	1205	10226.4
11264000	465.48	111	1674	10251.92
11296000	433.39	108	1202	10281.92
11328000	444.88	111	1208	10311.32
11360000	474.87	108	1077	10342.6
11392000	462.57	111	1075	10372.27
11424000	462.6	111	1065	10402.29
11456000	432.92	105	1197	10432.1
11488000	379.4	108	1699	10462.55
11520000	464.54	111	1029	10490.81
11552000	455.33	111	805	10521.26
11584000	401.73	111	1210	10551.79
11616000	504.09	111	991	10580.45
11648000	473.76	111	1091	10611.8
11680000	488.55	108	1017	10641.53
11712000	498.03	111	1076	10670.91
11744000	484.93	111	965	10701.12
11776000	446.37	111	1206	10727.42
11808000	460.41	108	1028	10757.66
11840000	469.96	111	844	10788.44
11872000	504.83	111	1210	10818.26
11904000	475.61	113	1193	10848.41
11936000	452.31	108	1008	10879.88
11968000	400.61	105	1214	10909.25
12000000	435.23	108	1099	10939.32
12032000	466.05	111	865	10968.9
12064000	436.59	105	1028	10998.59
12096000	497.84	111	1076	11029.99
12128000	429.29	105	1078	11060.35
12160000	400.44	105	1208	11089.56
12192000	402.72	111	1216	11118.88
12224000	434.09	108	1021	11149.49
12256000	481.31	108	1213	11179.75
12288000	390.43	108	807	11206.61
12320000	451.08	111	1028	11235.34
12352000	466.98	111	1029	11265.57
12384000	443.07	111	1189	11296.16
12416000	435.61	105	1021	11327.65
12448000	420.3	105	1032	11357.52
12480000	424.99	111	1060	11386.9
12512000	383.66	108	881	11416.09
12544000	460.79	108	1200	11445.51
12576000	416.27	111	1133	11476.66
12608000	447.49	111	1026	11505.99
12640000	487.8	111	1442	11536.38
12672000	472.24	111	1581	11565.73
12704000	488.64	111	870	11594.81
12736000	353.99	108	872	11625.57
12768000	435.4	111	1703	11655.63
12800000	482.43	108	1204	11684.74
12832000	511.4	111	1211	11712.96
12864000	433.22	111	1199	11737.37
12896000	440.38	105	884	11766.25
12928000	446.14	113	1003	11795.92
12960000	476.0	108	1210	11824.77
12992000	435.8	111	1024	11852.8
13024000	450.34	113	1024	11881.89
13056000	443.48	111	1074	11911.93
13088000	427.54	111	1013	11940.85
13120000	411.78	111	1014	11970.98
13152000	458.78	113	864	12001.84
13184000	499.45	120	1210	12031.87
13216000	501.56	105	1629	12061.56
13248000	451.37	113	1027	12091.04
13280000	448.59	111	1054	12119.03
13312000	468.95	105	1077	12149.27
13344000	478.68	108	1060	12180.56
13376000	475.73	105	1072	12210.62
13408000	467.04	105	1078	12235.82
13440000	446.15	111	1187	12264.93
13472000	411.55	108	1630	12294.73
13504000	464.16	108	807	12324.66
13536000	471.3	111	1033	12353.87
13568000	446.52	105	1228	12383.73
13600000	440.34	105	1395	12413.8
13632000	434.57	105	1035	12442.74
13664000	428.45	111	1004	12472.9
13696000	451.21	108	1021	12502.03
13728000	440.09	108	1216	12532.25
13760000	450.3	105	1210	12561.07
13792000	439.6	111	885	12590.69
13824000	391.82	111	1203	12618.58
13856000	443.24	108	835	12648.26
13888000	483.0	111	1090	12678.7
13920000	465.28	105	1197	12706.58
13952000	502.62	105	1074	12732.53
13984000	346.39	105	806	12762.16
14016000	503.44	108	1191	12791.54
14048000	416.46	108	1028	12821.26
14080000	448.77	105	1218	12850.66
14112000	476.83	105	1020	12879.28
14144000	446.97	105	882	12908.03
14176000	423.75	108	1025	12938.0
14208000	488.04	111	1067	12967.31
14240000	429.72	108	1138	12997.75
14272000	438.88	105	1210	13027.64
14304000	397.81	105	1029	13057.28
14336000	432.72	105	1211	13087.37
14368000	407.64	105	1527	13117.17
14400000	436.7	111	1211	13146.86
14432000	500.9	111	1200	13177.31
14464000	458.9	105	1075	13204.51
14496000	416.13	108	1021	13230.6
14528000	428.06	105	1066	13260.07
14560000	443.48	108	1036	13290.31
14592000	472.75	111	1190	13319.56
14624000	434.68	108	1179	13348.5
14656000	458.1	108	1768	13376.93
14688000	451.26	111	1204	13407.33
14720000	415.31	111	1000	13437.35
14752000	424.1	111	1477	13467.69
14784000	432.9	108	840	13498.57
14816000	483.16	111	1081	13528.96
14848000	496.3	111	835	13558.91
14880000	430.12	108	1020	13589.24
14912000	418.67	108	1217	13619.18
14944000	449.01	111	1064	13648.84
14976000	364.24	111	807	13679.03
15008000	430.29	108	1001	13708.61
15040000	472.99	108	1169	13734.67
15072000	386.4	105	1059	13765.46
15104000	480.16	105	1010	13795.59
15136000	436.51	105	1807	13825.77
15168000	484.11	105	1431	13855.03
15200000	503.01	113	1177	13885.1
15232000	466.89	105	1211	13916.46
15264000	402.87	108	877	13946.32
15296000	484.81	108	1005	13976.66
15328000	358.23	108	1008	14006.48
15360000	465.67	111	1750	14036.6
15392000	408.6	111	820	14068.0
15424000	435.8	108	1191	14098.07
15456000	435.66	111	1067	14127.56
15488000	423.05	111	1028	14156.77
15520000	409.02	105	1007	14188.21
15552000	470.56	111	1021	14217.73
15584000	464.49	105	1209	14244.58
15616000	452.78	108	953	14275.87
15648000	430.14	108	1012	14306.6
15680000	456.53	111	1393	14336.9
15712000	444.11	111	1030	14366.81
15744000	411.98	111	1161	14396.99
15776000	447.48	105	1183	14426.33
15808000	441.36	105	1075	14454.6
15840000	440.12	105	1082	14483.28
15872000	460.96	108	1031	14513.87
15904000	448.19	111	1434	14543.92
15936000	482.64	113	1054	14573.26
15968000	430.95	111	1070	14603.14
16000000	444.23	111	1049	14632.65
16032000	488.32	108	1150	14662.85
16064000	462.51	105	868	14692.76
16096000	421.85	105	991	14718.8
16128000	465.57	105	1074	14746.24
16160000	445.48	105	1434	14775.91
16192000	376.18	105	983	14806.2
16224000	472.22	105	851	14835.24
16256000	520.7	111	1081	14863.63
16288000	529.77	111	1220	14892.94
16320000	450.23	113	862	14921.0
16352000	455.23	105	1017	14950.22
16384000	459.14	111	1168	14979.75
16416000	493.03	105	1206	15009.45
16448000	423.61	111	1022	15039.61
16480000	407.78	108	1379	15069.72
16512000	377.78	105	1039	15099.5
16544000	441.67	108	1073	15130.27
16576000	472.52	111	1014	15158.72
16608000	457.46	111	1206	15188.01
16640000	437.82	105	1031	15212.46
16672000	453.85	111	1078	15238.81
16704000	466.42	111	1221	15269.37
16736000	489.04	108	1085	15299.46
16768000	403.95	105	1023	15329.13
16800000	429.9	108	1008	15359.27
16832000	500.35	111	1021	15389.2
16864000	500.59	108	1209	15418.3
16896000	412.15	105	986	15448.4
16928000	459.3	105	1434	15477.7
16960000	479.84	108	995	15507.67
16992000	431.34	108	1090	15536.62
17024000	430.84	111	1070	15565.34
17056000	450.09	108	1081	15594.23
17088000	458.11	111	1017	15623.82
17120000	466.12	111	1207	15654.0
17152000	406.41	105	886	15683.11
17184000	401.8	111	848	15712.04
17216000	447.75	111	1027	15737.33
17248000	430.99	105	1082	15766.88
17280000	463.82	105	1182	15796.7
17312000	477.52	105	1003	15827.06
17344000	419.1	105	1028	15856.0
17376000	463.74	111	1221	15885.62
17408000	440.4	111	1054	15915.87
17440000	448.85	113	1000	15944.54
17472000	400.74	108	1028	15974.67
17504000	367.71	108	805	16003.59
17536000	419.59	113	1165	16032.86
17568000	445.57	108	1214	16062.34
17600000	385.42	105	1220	16091.45
17632000	414.19	108	1198	16120.38
17664000	443.52	113	1079	16149.8
17696000	437.02	108	1072	16178.63
17728000	477.96	113	1089	16207.6
17760000	422.89	105	880	16234.27
17792000	438.79	108	2129	16264.57
17824000	519.27	108	1203	16294.58
17856000	539.31	111	1217	16324.4
17888000	465.47	108	1021	16353.67
17920000	426.79	105	1218	16383.46
17952000	458.06	105	1197	16412.93
17984000	445.83	113	1207	16442.34
18016000	428.98	108	1213	16471.52
18048000	464.25	111	1005	16501.74
18080000	440.25	111	1027	16532.05
18112000	457.75	111	1031	16561.05
18144000	445.46	105	883	16591.1
18176000	472.22	111	1080	16621.43
18208000	465.94	111	868	16650.25
18240000	426.59	111	1045	16680.48
18272000	464.32	113	1208	16707.25
18304000	480.85	108	981	16736.49
18336000	440.8	111	1181	16767.42
18368000	468.71	113	1113	16796.33
18400000	463.7	111	1021	16826.84
18432000	454.31	108	1042	16856.35
18464000	418.03	111	1078	16886.13
18496000	442.75	108	1147	16918.01
18528000	447.16	111	849	16949.44
18560000	446.15	108	1215	16981.71
18592000	442.63	111	1031	17013.33
18624000	441.24	111	1013	17044.09
18656000	457.19	111	1034	17074.21
18688000	410.23	111	1008	17103.54
18720000	467.62	105	1076	17131.86
18752000	437.74	111	1210	17161.63
18784000	476.89	111	1227	17191.55
18816000	429.36	111	1096	17218.29
18848000	457.17	108	1205	17246.75
18880000	370.7	111	1083	17277.23
18912000	463.64	105	1072	17307.12
18944000	435.7	111	1028	17337.13
18976000	496.21	111	1768	17367.3
19008000	443.51	108	964	17397.67
19040000	430.3	108	1160	17428.69
19072000	444.11	108	1205	17458.33
19104000	451.37	108	1029	17488.17
19136000	438.42	113	1006	17517.46
19168000	432.8	105	1085	17546.69
19200000	406.67	105	1015	17576.01
19232000	464.18	111	1210	17605.51
19264000	489.69	108	1408	17633.86
19296000	430.68	105	2119	17662.85
19328000	412.64	108	1204	17692.48
19360000	438.77	113	1006	17717.43
19392000	448.39	105	1442	17746.09
19424000	438.5	108	1075	17775.78
19456000	421.39	111	1012	17804.43
19488000	412.55	105	1434	17834.23
19520000	452.91	111	846	17864.03
19552000	403.09	108	967	17892.77
19584000	465.9	111	1644	17920.67
19616000	471.22	111	1025	17949.63
19648000	460.91	108	873	17978.58
19680000	478.33	108	1092	18007.94
19712000	472.1	108	1078	18038.33
19744000	465.33	108	1016	18068.05
19776000	462.27	108	1721	18097.59
19808000	502.05	111	1028	18127.03
19840000	453.5	111	1021	18157.59
19872000	463.35	111	1082	18187.46
19904000	449.6	108	1214	18212.69
19936000	447.66	105	1022	18241.33
19968000	459.52	111	1211	18271.09
20000000	468.87	111	1198	18300.26
