TotalEnvInteracts	AverageEpRet	MinEpRet	MaxEpRet	time	Averageloss	Stdloss	Maxloss	Minloss
32000	439.74	105	854	81.54	0.37371051422213625	0.23863789456165174	1.7579495	0.06531323
64000	437.04	108	875	170.9	1.409395263671875	0.8394521616153151	6.744611	0.26985392
96000	438.45	111	883	261.09	3.1786298828125	1.7178668185426949	12.454484	0.7811943
128000	415.83	108	1031	350.91	4.7817998046875	2.567972243875019	20.080618	1.0744314
160000	446.94	111	801	439.97	6.25339111328125	3.472021683445036	30.344591	1.2390845
192000	330.09	111	1023	526.81	7.082244140625	3.8353263897124843	24.390879	1.3945315
224000	387.45	111	1029	614.92	8.2156103515625	4.563800756359769	32.007683	1.5232117
256000	429.8	111	806	705.13	8.368380859375	4.93263367786419	33.17021	1.4242487
288000	356.62	108	858	793.45	8.47851171875	4.747536367685876	33.052013	1.5685312
320000	356.33	120	809	882.1	8.43112890625	5.38520180100059	41.60612	1.5822959
352000	570.64	113	1077	971.8	8.4294814453125	5.146558695502267	37.802223	1.6695685
384000	559.84	120	1192	1060.78	8.1957412109375	5.369558291889566	40.79301	1.3844278
416000	552.34	120	1212	1149.78	7.7689501953125	5.29316573664806	45.076126	1.3464899
448000	562.04	120	1211	1239.53	7.21789892578125	4.900070551150259	46.475525	1.4185407
480000	555.66	120	1212	1329.31	6.926341796875	4.950527907455931	42.361977	1.0440674
512000	535.69	120	1032	1418.9	6.950466796875	5.165823687951419	52.70181	1.202183
544000	555.9	113	1211	1506.07	6.836533203125	5.252772891233258	48.323483	1.2404499
576000	522.91	113	909	1592.52	6.9208017578125	5.087705577848919	42.723442	1.2315488
608000	630.98	120	1210	1678.36	6.8544970703125	4.736912892380437	35.526634	1.2037692
640000	579.33	120	1201	1765.05	7.15268896484375	5.243047666016875	42.377613	1.1930462
672000	562.16	120	1031	1851.08	6.58092138671875	4.981829483232039	64.60895	1.2024837
704000	600.87	120	1077	1937.04	7.0716845703125	5.074451555956565	42.582718	1.0121782
736000	516.9	120	1026	2022.84	6.584259765625	5.192342807261959	49.786835	1.2211725
768000	554.4	113	807	2107.88	6.285388671875	4.408829032464289	41.449917	1.0552092
800000	539.38	120	1089	2193.73	6.5603544921875	4.84530519388356	44.500652	1.0358697
832000	622.59	120	882	2279.43	6.1312314453125	4.479530048244459	48.87125	1.2093148
864000	654.06	120	1215	2365.2	6.85483984375	4.743131753190607	37.594177	1.1556726
896000	625.84	120	871	2451.44	6.69177880859375	4.966553956530121	44.964096	0.97641045
928000	633.78	120	1207	2537.12	6.43070654296875	4.67514872758076	38.429726	0.8853667
960000	629.17	120	1006	2624.25	7.1580244140625	5.359645219135311	43.996456	0.8781799
992000	660.2	120	1202	2711.62	6.8051318359375	5.049749181580705	44.021946	0.7384436
1024000	623.69	120	1101	2798.42	6.87198388671875	5.260887520181362	36.199646	1.0490313
1056000	599.86	120	1100	2884.18	6.796279296875	5.146601578954796	42.206142	0.8147422
1088000	668.55	120	1886	2969.37	7.10085498046875	5.468736428554589	45.11871	0.8050828
1120000	649.02	120	1384	3054.3	6.9578037109375	5.087123373651361	35.3241	0.8862239
1152000	634.94	120	1025	3138.95	7.1037470703125	5.260633576386023	31.814203	0.74728423
1184000	658.74	120	1430	3226.36	7.82789453125	5.387445620375207	49.188927	0.8501606
1216000	604.15	120	1033	3312.19	7.48544091796875	5.169551781827899	38.68454	1.034443
1248000	657.31	120	1203	3398.53	7.0771923828125	4.806861957140022	33.057575	0.92342436
1280000	698.87	120	1208	3484.65	6.85341015625	4.336826316559149	30.353497	0.9415297
1312000	646.32	120	1197	3573.57	6.35010546875	4.38081265648852	37.054165	1.075724
1344000	681.31	120	1214	3663.59	6.6146025390625	4.587826112386998	44.205204	1.0583929
1376000	655.33	120	1205	3754.8	6.20793017578125	4.114941097315367	32.126892	0.7872902
1408000	665.11	120	1201	3845.41	6.3515498046875	4.517271974737629	34.295338	0.92210436
1440000	714.3	120	1211	3934.92	6.0782080078125	4.289018271629884	41.38082	0.9174674
1472000	661.87	113	1178	4022.62	5.784759765625	3.8314149128455144	31.101524	0.8020387
1504000	640.06	120	1024	4108.23	5.68208984375	4.18231932327925	35.102535	0.86679673
1536000	670.93	120	848	4194.98	5.4547666015625	4.1589157334724876	32.67601	0.64652216
1568000	636.0	113	1144	4281.64	5.71280810546875	3.8961682398383415	27.014269	0.61630905
1600000	688.95	120	1063	4367.41	5.30407177734375	4.062474999923077	40.26805	0.84316367
1632000	597.92	120	1210	4453.79	5.3675478515625	4.137681028894688	44.324768	0.7406882
1664000	584.72	120	1682	4540.06	5.11283935546875	4.061235380090644	44.42093	0.68395734
1696000	616.84	120	1059	4627.06	5.1457861328125	3.8565134887696813	39.292328	0.71459424
1728000	661.19	113	1224	4713.64	5.060275390625	3.6924974081744457	38.798965	0.7304612
1760000	661.95	120	1217	4797.5	4.9009345703125	4.030864080364779	55.91389	0.61139023
1792000	677.4	120	1745	4875.98	5.08735595703125	3.8272942976239754	39.201485	0.4840093
1824000	708.05	120	1212	4953.98	5.25203955078125	4.258267693558027	42.10136	0.72869277
1856000	720.79	120	1230	5038.91	5.49631494140625	4.593075630772914	40.38582	0.3580453
1888000	719.6	120	1217	5124.33	5.210314453125	4.042892345292539	33.989716	0.58819747
1920000	697.25	120	1218	5210.57	5.4392919921875	4.654780598682929	42.14724	0.8465573
1952000	755.98	120	1970	5290.02	5.34916845703125	4.381869606686169	41.145977	0.7122258
1984000	705.19	113	1224	5372.24	5.1636171875	4.234901258810528	32.77874	0.68263924
2016000	672.16	120	1990	5457.37	5.11390087890625	4.212182387878046	44.868946	0.6301183
2048000	719.12	120	1693	5542.47	5.4513056640625	4.841790329387467	48.55457	0.68019104
2080000	695.93	-101	1415	5622.23	5.2239521484375	4.653265612381803	55.48402	0.631005
2112000	661.94	120	1220	5703.64	5.4119130859375	4.8843344128192125	45.555004	0.693737
2144000	627.56	120	1210	5786.0	5.3389189453125	4.493023889528633	37.837006	0.7622426
2176000	706.78	113	1232	5866.37	5.0223076171875	4.504175580086771	44.88944	0.52031493
2208000	703.53	120	1826	5947.0	4.98398291015625	4.4796338176936965	41.110504	0.37065175
2240000	714.41	120	1209	6027.66	4.5361162109375	3.96533859288838	40.276325	0.6750454
2272000	675.31	120	1223	6108.53	4.80309716796875	3.922098350213824	32.995163	0.5295335
2304000	703.27	120	1410	6192.32	4.51298486328125	3.8917627603455607	37.219772	0.55263007
2336000	715.99	120	1431	6275.0	4.5911181640625	4.307761209796221	44.676205	0.5734211
2368000	719.1	113	1430	6358.34	4.94914501953125	4.381081487486851	52.135002	0.6337978
2400000	647.31	111	1220	6442.25	4.551048828125	4.021788314916637	36.930885	0.6257109
2432000	732.56	120	1222	6522.27	4.4010029296875	4.291369654973223	51.50163	0.5839999
2464000	699.16	120	1357	6601.67	4.5565234375	4.145918785760883	35.690742	0.57555723
2496000	711.85	120	1659	6680.92	4.5890458984375	4.110761173052382	42.91119	0.6741175
2528000	736.76	111	1223	6760.32	4.58466455078125	4.0314966009845525	45.083218	0.64098775
2560000	735.71	120	1227	6837.32	4.9831064453125	4.35068668251059	45.12092	0.7153791
2592000	760.36	120	1832	6915.24	4.7970166015625	4.226882901441676	48.799717	0.5885349
2624000	683.12	120	1214	6994.43	4.5961396484375	4.137708406760317	34.46086	0.6402055
2656000	685.95	120	1810	7072.94	4.64036328125	4.343784172527452	48.129486	0.62130123
2688000	722.62	111	1523	7151.8	4.74550390625	3.7901578957874564	38.153645	0.6116209
2720000	666.09	120	1416	7230.15	4.60406787109375	4.325487915036291	42.816074	0.5948866
2752000	724.37	120	1534	7307.86	4.40308740234375	4.3949462720692045	42.162712	0.528643
2784000	756.17	120	1231	7389.83	4.69578125	4.346288601712385	57.34012	0.66055024
2816000	779.83	120	1822	7475.61	4.321873046875	4.080295160126287	38.286392	0.5790125
2848000	642.58	120	1214	7555.93	4.3508193359375	3.9520561796202998	44.610237	0.68026954
2880000	747.52	120	1215	7633.99	4.6169931640625	4.748825101406663	43.5616	0.43477982
2912000	727.18	113	1212	7713.53	4.5072958984375	4.398256934570785	52.69071	0.60292155
2944000	758.23	113	1434	7804.4	4.3410048828125	4.465284932817838	47.02755	0.56215537
2976000	693.75	113	1211	7897.9	4.37405908203125	4.483858855313691	52.70712	0.59415835
3008000	753.59	120	1526	7981.1	4.12211572265625	4.305890768760861	55.132103	0.5850505
3040000	759.71	120	1211	8060.42	4.043509521484375	4.0783781051724475	58.856693	0.5404723
3072000	734.24	113	1207	8140.81	3.696111328125	3.2790546227152118	30.201084	0.37132066
3104000	687.0	120	1215	8220.8	3.63765380859375	3.4708118871886446	43.432102	0.5669464
3136000	796.04	120	1218	8307.48	3.933275634765625	3.725540019581054	37.541878	0.45483726
3168000	756.39	111	1425	8394.85	3.874390380859375	4.253803904301419	49.47598	0.5195618
3200000	686.38	120	1214	8478.92	3.838628662109375	4.54200275897098	50.007618	0.43509477
3232000	780.91	113	1102	8562.13	3.66687890625	4.339027558825825	48.213196	0.46970588
3264000	752.62	113	1555	8643.68	3.551536376953125	4.393618863619147	58.72343	0.39411324
3296000	752.99	120	1220	8725.04	3.5563125	4.389601526619472	60.658962	0.35326272
3328000	773.07	111	1581	8813.87	3.389131103515625	3.674260395389118	42.46426	0.4066317
3360000	752.48	120	1524	8900.81	3.528043212890625	4.741196405905898	53.213497	0.38325375
3392000	775.24	120	1788	8987.04	3.5108662109375	4.526360292773875	48.1737	0.4018213
3424000	785.4	113	1455	9074.03	3.32140966796875	4.154894515809035	61.290607	0.3310406
3456000	752.04	120	1217	9164.4	3.19322802734375	3.640733635718219	51.714153	0.27148837
3488000	801.88	120	1833	9244.23	3.21148779296875	3.910636162482071	52.37739	0.37906134
3520000	750.23	111	1216	9324.21	3.33021533203125	3.730922959913874	50.386993	0.3277483
3552000	757.37	120	1217	9410.04	3.1573212890625	4.193916725448897	63.93685	0.38697165
3584000	779.37	120	1523	9496.34	3.119901123046875	3.7394472613358913	49.288113	0.38710102
3616000	782.9	120	1526	9582.43	3.178042236328125	3.6978220205024064	48.81994	0.381979
3648000	770.52	113	1216	9664.35	3.17137451171875	4.070763230802057	74.89331	0.33289272
3680000	761.64	113	1437	9750.9	3.44694580078125	4.168779516387261	45.57105	0.4146591
3712000	754.51	120	1216	9833.78	3.51903515625	4.0858167405673	45.171143	0.28432316
3744000	788.74	120	1226	9914.48	3.523181884765625	3.0316985814989095	49.93361	0.38335365
3776000	763.99	111	1215	9995.48	3.908927734375	3.8907745955175814	45.498703	0.59621656
3808000	769.12	120	1217	10078.79	3.495985595703125	3.1830305675173776	35.91229	0.4182105
3840000	808.93	113	1830	10171.07	3.243146484375	3.3522393692966648	53.64297	0.35359567
3872000	775.07	120	1216	10257.16	3.79421533203125	3.6401821082536516	37.242767	0.44786945
3904000	792.68	120	1782	10344.09	3.64390869140625	3.644098396723118	41.203823	0.4502945
3936000	816.95	120	1828	10428.72	3.68671337890625	3.1042681051658536	27.261337	0.42715394
3968000	815.96	120	1937	10514.15	4.2084462890625	4.355231005282613	45.941	0.45865878
4000000	810.6	113	1830	10599.18	3.91319189453125	3.9701045916638016	51.932007	0.52499455
4032000	814.62	120	1232	10684.37	3.9672255859375	3.415110322614044	35.179184	0.49516723
4064000	752.99	111	1230	10767.8	4.2923896484375	3.7622183760881027	28.576693	0.37333998
4096000	759.25	111	1238	10850.55	4.753416015625	5.071247650664972	59.1477	0.46329403
4128000	848.93	120	2008	10934.5	4.60587109375	4.236014212234185	52.434284	0.4693642
4160000	747.74	120	1441	11019.1	4.71841845703125	4.5034756542863645	39.33751	0.53626263
4192000	795.98	120	1441	11100.87	5.08215283203125	4.450302833796819	36.055107	0.600026
4224000	804.8	113	1832	11183.71	4.982861328125	4.317330627830118	47.89045	0.5736576
4256000	780.21	120	1221	11266.23	5.31010986328125	5.246136227024609	70.7589	0.67050695
4288000	868.54	120	1685	11348.0	5.5011640625	4.793905025198663	50.084576	0.5519461
4320000	776.78	120	1598	11429.24	5.33696875	4.47452555096627	39.697388	0.73837095
4352000	778.2	120	1470	11508.88	5.3687626953125	4.938494757388126	49.8544	0.6765949
4384000	827.96	113	2004	11589.56	5.57855859375	4.8222648497619875	56.232914	0.7331302
4416000	839.83	113	1825	11666.23	5.6866123046875	5.552468482576016	75.147934	0.7159389
4448000	840.25	111	2001	11744.37	6.008181640625	5.827929788955937	64.291405	0.596573
4480000	794.13	120	1834	11822.98	5.63627783203125	4.692361645536286	41.756638	0.81469613
4512000	786.8	120	2002	11900.43	6.27904345703125	6.179896527754328	79.34865	0.6239005
4544000	878.67	113	1836	11978.39	6.087478515625	5.530820075099623	52.94718	0.81897116
4576000	770.82	113	1618	12056.55	5.9803388671875	5.7104411976549585	75.38046	0.69463456
4608000	759.16	120	1534	12133.73	5.484283203125	5.186428729747474	47.21748	0.64733803
4640000	809.0	120	1975	12209.84	5.90239990234375	5.60549639583775	58.93094	0.8367597
4672000	804.77	120	1837	12285.72	5.74321728515625	6.139103023854544	79.499916	0.78338236
4704000	799.25	111	1442	12362.09	6.3534814453125	6.841881879735283	86.0537	0.73710984
4736000	797.71	120	1996	12437.91	5.9409267578125	5.845103118743928	61.359303	0.856558
4768000	835.34	120	1818	12514.72	6.2785361328125	5.916002860356813	78.521034	0.88720065
4800000	782.81	120	1442	12591.24	6.7128203125	5.751650578312281	70.17985	0.85686314
4832000	838.36	120	1831	12667.97	6.5112919921875	5.9163666663967005	70.27389	0.93419784
4864000	811.12	113	1754	12743.53	6.67557080078125	6.374864275515989	76.077614	1.0162983
4896000	789.38	113	1836	12820.34	7.00962158203125	6.588989395195594	79.54133	0.888708
4928000	773.82	111	1829	12896.49	6.7359599609375	5.916456459000607	67.55965	1.0390401
4960000	771.25	111	1216	12971.86	7.23129052734375	6.725371156114732	65.8545	0.78893614
4992000	785.38	120	1410	13047.6	6.8389384765625	5.935966249272312	64.59139	0.9859215
5024000	803.62	113	1696	13122.31	6.54950146484375	5.909497784287596	66.33113	0.97611123
5056000	826.3	113	2171	13197.57	6.59405859375	6.482629433725176	80.75127	0.8911812
5088000	812.51	113	1963	13273.66	6.717548828125	6.341957259001356	70.1171	0.80983084
5120000	923.95	113	1980	13348.14	6.823646484375	6.319089073493901	55.893326	0.9174634
5152000	849.41	111	1826	13422.97	7.2263515625	6.924530670016561	78.50635	0.92647487
5184000	813.35	111	1819	13496.39	7.09968017578125	6.594998104624444	72.08705	0.94097584
5216000	859.03	113	1991	13569.66	7.151130859375	6.301676984144776	61.351345	0.84438515
5248000	819.34	113	1526	13643.76	7.03015283203125	5.7066018511457415	49.725697	1.0636141
5280000	911.26	113	2186	13718.31	7.05922021484375	6.906914843564382	74.3478	1.000045
5312000	907.63	120	1833	13792.17	7.1056953125	6.704977162526357	67.06107	0.75376534
5344000	820.22	111	1526	13866.39	7.32608544921875	7.147362384999099	68.57569	1.1243999
5376000	916.54	120	2146	13941.58	7.12219970703125	7.335871838098046	91.73879	1.0466552
5408000	876.66	111	1992	14015.89	6.90566748046875	6.0928028110016825	52.35823	1.0324259
5440000	899.99	120	2169	14090.8	6.909794921875	6.264979549048824	66.65809	1.1376909
5472000	892.28	120	2019	14166.93	7.6612890625	8.042462503798198	86.96855	0.9585045
5504000	935.52	373	2161	14243.56	7.22408447265625	6.4664074864835115	61.906742	1.0472305
5536000	870.72	120	2000	14318.42	8.532802734375	8.351386954422601	77.87755	0.89561665
5568000	905.92	111	2015	14393.48	7.7171259765625	7.551499747566704	62.832355	1.2412808
5600000	891.78	113	2013	14469.13	7.884740234375	8.30498015124058	94.98576	1.0617937
5632000	887.11	113	2025	14545.01	8.023232421875	8.287351997170147	80.74035	0.9020734
5664000	986.82	113	1992	14619.45	8.21216796875	8.461452113851381	84.69229	1.0088648
5696000	942.42	113	2150	14693.85	7.964392578125	8.053190846645819	97.119354	1.0132341
5728000	960.4	113	2019	14768.77	8.1771533203125	8.629499732023868	82.22859	1.1452997
5760000	922.27	113	1834	14844.35	8.488935546875	8.116129773481939	60.066917	0.8129637
5792000	876.08	113	1836	14919.59	8.1515	8.10289251980427	90.314285	0.93152833
5824000	1043.74	120	1965	14995.21	8.256822265625	8.10359343516813	79.48162	1.1234026
5856000	944.38	120	2149	15070.17	8.016208984375	8.296457263495064	81.38474	1.1618023
5888000	1018.77	113	2002	15144.69	8.213392578125	8.183855104716846	83.34461	1.3308933
5920000	912.63	111	1827	15220.58	8.4485078125	8.6029782270444	86.07819	1.1943607
5952000	952.86	113	2165	15296.26	8.267431640625	8.263553261158302	87.21634	0.9918703
5984000	959.52	111	2018	15372.26	8.2113125	8.243971282094572	84.04057	1.0155737
6016000	960.32	113	2007	15446.84	8.64837890625	8.851223432384927	98.18945	1.1895143
6048000	892.59	111	1989	15521.6	8.8088671875	9.131267967128114	86.86979	1.1642807
6080000	930.14	111	2339	15596.89	9.0815654296875	9.053780719263086	82.66347	1.484702
6112000	931.54	120	2129	15671.07	9.572763671875	9.644832651477163	86.48409	1.3421409
6144000	1020.37	120	2119	15745.3	8.8803720703125	8.549279940439428	88.58915	1.333248
6176000	939.39	113	2191	15818.93	8.9371640625	8.996547080686012	97.458885	1.0727427
6208000	1018.83	113	1836	15893.09	9.484826171875	10.514087647651602	95.54839	1.701295
6240000	1021.01	111	2346	15966.81	9.15390234375	9.4266469051832	85.356636	1.2552164
6272000	1041.85	120	2160	16044.74	10.028125	10.459055585950388	123.35591	1.3181816
6304000	1093.05	111	2340	16122.7	10.1186982421875	10.644084331214216	119.14979	1.5226505
6336000	1023.09	113	2175	16198.13	9.736623046875	10.253971410507248	103.666336	1.4664502
6368000	997.53	105	2001	16273.11	9.8302607421875	9.01891805110236	61.925808	1.5813015
6400000	1154.2	111	2143	16347.6	10.523	10.855561650601041	100.404755	1.5140494
6432000	1024.63	111	2006	16421.87	11.5346845703125	12.296732924846339	111.792465	1.5222797
6464000	1021.9	113	2021	16496.46	10.42812109375	10.756365121406024	117.66725	1.4462991
6496000	999.56	113	1985	16571.54	11.813630859375	13.327828616282549	121.82574	1.5519572
6528000	973.68	113	2004	16645.66	11.546431640625	12.627701443651572	146.15152	1.6897602
6560000	1081.31	120	2128	16719.75	12.571521484375	13.87236799360513	138.9146	1.8311243
6592000	994.18	120	2133	16797.98	12.61893359375	13.281550878944824	143.62477	1.5618864
6624000	1001.13	120	1838	16875.66	12.976224609375	13.144543188144652	109.4207	1.8178148
6656000	1051.86	111	2163	16953.03	12.464548828125	12.835721639237898	123.79875	1.8680699
6688000	886.81	111	2022	17028.12	12.438208984375	13.824212794043646	127.58218	1.6212101
6720000	1060.7	111	2139	17103.25	12.2154091796875	13.084682122619563	120.55516	1.86549
6752000	981.78	111	2008	17178.74	11.55046875	11.861780800115975	119.8196	1.5210779
6784000	959.78	111	2135	17256.51	11.54860546875	12.873070243729737	156.51537	1.8662999
6816000	1061.64	120	2186	17333.64	11.588544921875	11.695653573015917	139.14723	1.7151005
6848000	969.18	111	1992	17409.32	13.36884765625	15.786414254035018	164.85727	2.0182862
6880000	953.15	111	2131	17485.72	12.3297705078125	13.847016826739253	165.31342	1.8846521
6912000	1079.68	120	2171	17561.35	13.33853515625	15.203159108389283	178.95047	2.0501842
6944000	1050.98	120	2171	17637.46	12.8292080078125	14.317070231021429	156.23865	1.7334489
6976000	1140.64	111	2173	17712.77	13.706380859375	16.1178307706093	136.01874	2.1336966
7008000	1100.29	111	2177	17788.74	13.2530625	14.103663641940699	139.74286	1.8812027
7040000	1025.54	111	2194	17863.47	12.57523828125	12.916222236977807	117.51811	1.6597307
7072000	1122.62	111	2168	17939.44	12.74378125	13.172945167083935	119.790276	1.9366565
7104000	1003.91	120	2144	18014.66	13.13212890625	15.204449389898999	138.6157	1.8453825
7136000	1042.88	111	2190	18090.43	12.60360546875	12.790478025664248	136.77419	1.7902696
7168000	1065.62	111	2171	18166.56	13.15242578125	14.297338038949768	137.35129	1.8455869
7200000	1088.21	111	2182	18241.61	13.957736328125	14.700769537680673	116.298904	2.1685548
7232000	1084.67	113	2175	18315.9	13.569408203125	13.349300660521509	108.802765	2.0711994
7264000	1141.85	111	2191	18390.4	13.408087890625	14.020545749898611	118.98097	2.150998
7296000	1136.51	111	2185	18464.84	13.5600224609375	14.214399059580394	123.82158	1.9356724
7328000	1152.63	113	2194	18539.26	12.9037216796875	12.308708807182011	130.87761	2.336766
7360000	1105.77	113	2125	18613.79	13.65521484375	15.799540143624434	150.6259	2.237282
7392000	1033.5	120	2332	18689.08	13.0100302734375	13.193512847229126	109.26982	1.9911745
7424000	1097.42	120	2181	18763.48	13.1250390625	13.593791091891916	141.71155	1.9533052
7456000	1205.83	105	2183	18837.93	12.964701171875	14.83057230857933	166.362	2.1727555
7488000	1159.16	111	2148	18911.74	12.933076171875	13.298381010483945	133.33055	2.1909776
7520000	1184.6	120	2187	18984.88	12.2482119140625	12.83980870184599	116.35953	1.9705743
7552000	1165.08	120	2190	19058.91	13.154298828125	15.4772756808167	148.42079	1.8612807
7584000	1313.13	120	2413	19131.78	12.094837890625	15.01211385848109	169.01787	1.3522526
7616000	1179.85	111	2182	19205.64	13.105755859375	15.022818061202765	142.74284	1.3276337
7648000	1190.71	120	2219	19279.51	11.9354326171875	13.86883421560731	131.56683	1.720695
7680000	1154.2	111	2181	19352.81	13.734990234375	15.229747822928651	159.38892	2.12481
7712000	1079.53	120	2177	19426.6	12.41441796875	14.32418682246919	140.49037	1.6830052
7744000	1084.33	120	2182	19501.0	12.035982421875	12.340354912845903	132.18968	2.0731611
7776000	1127.08	120	2175	19574.07	12.7181328125	14.096921206419507	134.30418	1.5441494
7808000	1118.51	120	2174	19648.45	14.2306162109375	19.621035427571094	303.67493	1.6916666
7840000	1227.75	120	2172	19724.04	13.0818203125	14.562342273823948	127.10991	2.2119322
7872000	1093.9	120	2186	19798.21	12.7020390625	13.655818357022769	127.2866	2.1260314
7904000	1131.82	113	2391	19873.02	12.07419140625	15.257966157060384	166.97952	1.9544373
7936000	1207.95	113	2282	19949.44	12.213849609375	14.6299115684272	173.81323	1.1570641
7968000	1249.5	113	2179	20025.33	12.04727734375	15.244023931528053	233.77213	1.7569714
8000000	1167.92	113	2178	20100.88	11.835193359375	14.40410748710242	134.1465	1.8879044
8032000	1085.81	120	2133	20175.0	12.231833984375	13.678482189190436	147.32547	1.6160119
8064000	1210.31	113	2413	20248.16	13.15036328125	16.607551934285798	175.94992	1.9708037
8096000	1202.27	120	2191	20322.7	12.91466015625	14.634077311193897	143.04454	2.2146175
8128000	1206.03	120	2219	20396.12	13.146447265625	13.573429927619621	168.17963	2.0003526
8160000	1171.98	120	2392	20470.03	12.4680400390625	13.892172368819788	152.97072	2.0974166
8192000	1181.55	120	2200	20543.59	13.59034765625	17.591328652208166	195.21497	1.6537161
8224000	1068.57	120	2219	20618.36	13.23729296875	16.711674437350673	185.13846	1.9191484
8256000	1219.79	120	2185	20692.82	12.62927734375	14.108021875869062	158.92563	2.1940565
8288000	1270.33	120	2415	20770.6	13.5344892578125	17.205758483717013	149.38573	1.5646586
8320000	1042.8	120	2180	20844.24	12.938908203125	14.914799173136728	125.35019	2.1058865
8352000	1000.17	120	2195	20919.09	13.26981640625	16.325737923597817	166.69365	1.8807344
8384000	1125.35	113	2191	20993.05	12.75901953125	16.022585621553095	148.18633	1.791995
8416000	1127.39	120	2183	21066.99	11.91094140625	14.368081487275884	124.18877	1.5185843
8448000	1172.09	120	2219	21140.94	13.5237724609375	16.380136598942023	149.84375	1.3244603
8480000	1150.62	120	2754	21215.26	13.6896201171875	18.104895746731046	175.84012	1.6965849
8512000	1271.22	120	2414	21289.0	12.7295947265625	16.252774763098145	144.86003	1.509064
8544000	1173.33	120	2194	21362.06	11.43879296875	13.83181511498039	145.11752	1.7043952
8576000	1282.81	120	2415	21435.3	13.5504140625	17.688030910759966	168.14687	1.6879091
8608000	1179.7	120	2417	21510.32	12.4809560546875	15.343586811759499	154.21385	1.7555629
8640000	1185.43	120	2189	21587.42	12.631416015625	15.842578112479043	147.03334	1.388905
8672000	1124.66	120	2415	21662.08	13.2801875	18.022839676366207	158.78758	1.7494146
8704000	1152.05	120	2200	21734.27	12.440677734375	15.388259526340203	150.17654	1.4104102
8736000	924.35	120	2400	21806.58	12.532837890625	15.128036885200935	174.3749	1.4631623
8768000	1244.66	120	2182	21878.41	13.120056640625	16.630163671774252	164.38129	1.5023568
8800000	1132.43	120	2194	21953.95	12.069048828125	16.796897034869268	221.05095	1.4775782
8832000	1136.6	120	2197	22026.1	13.1129130859375	17.085074809610873	144.42207	1.5684584
8864000	1139.3	120	2346	22097.89	12.47675	17.227626795354027	163.70383	1.7886932
8896000	1083.76	108	2176	22169.95	13.4920361328125	17.553490571678328	223.53877	1.8890114
8928000	1261.0	120	2751	22242.46	11.7692265625	16.264026638566477	142.82909	1.3463402
8960000	1296.52	113	2180	22313.78	12.287146484375	16.718990886115108	161.01837	1.6617644
8992000	1172.3	113	2162	22385.5	11.41459375	14.60492265042852	134.94157	1.5611652
9024000	1248.22	120	2329	22456.53	11.4197265625	15.15548889841565	182.67131	1.4752083
9056000	1236.87	523	2329	22527.81	12.07883984375	17.141198543275788	200.58395	1.702126
9088000	1152.91	120	2799	22599.96	12.1686708984375	16.913872819375225	172.60878	1.5443575
9120000	1172.21	105	2195	22670.88	10.81557421875	15.535418203254137	149.07658	1.6957089
9152000	1081.33	120	2196	22743.25	12.6566640625	16.967135512513597	130.79372	1.7714341
9184000	1240.07	120	2790	22814.84	11.2148505859375	14.429001286471632	150.51703	1.4079196
9216000	1288.14	111	2412	22887.12	11.1736962890625	14.341002187783111	139.58162	1.2421048
9248000	1155.58	120	2194	22958.83	12.117244140625	17.746091118891506	222.31113	1.7600716
9280000	1156.4	120	2415	23036.5	11.8088837890625	15.916728621170872	149.83432	1.8146586
9312000	1217.0	120	2404	23109.21	11.322783203125	16.687706927555983	146.69344	1.5302147
9344000	1165.22	120	2416	23181.12	11.226107421875	16.94111861713978	208.495	1.5864818
9376000	1075.57	113	2189	23253.14	11.53605859375	15.610713969098274	144.97273	1.8123657
9408000	1148.55	120	2332	23326.46	12.1532060546875	17.902073029400814	144.48514	1.4985819
9440000	1177.32	120	2386	23398.43	11.744763671875	15.842576139946432	147.12228	1.4530838
9472000	1263.15	120	2349	23469.39	12.089275390625	17.070729700279365	140.07314	1.2397382
9504000	1112.52	120	2349	23541.35	11.688716796875	16.19066667867633	195.22456	1.6010203
9536000	1111.1	113	2194	23614.03	11.552025390625	15.864165594193727	143.96622	1.5570914
9568000	1139.06	113	2170	23685.96	12.3724921875	16.445367888861593	165.98189	1.4837344
9600000	1158.73	120	2415	23758.68	11.873947265625	16.378963260841633	142.7472	1.3492689
9632000	1289.25	113	2413	23830.12	11.7522197265625	16.46990816610706	151.9744	1.5282285
9664000	1325.08	111	2411	23905.09	11.1187666015625	15.417488041182326	143.99449	1.4948058
9696000	1080.89	113	2219	23982.0	11.865091796875	17.161544947935194	152.51721	1.7201674
9728000	1160.18	113	2187	24053.98	10.9460390625	15.175686763701997	145.1145	1.2376676
9760000	1118.88	111	2192	24127.46	11.080056640625	15.675575647324726	136.0279	1.3083229
9792000	1297.75	113	2410	24198.56	10.9972021484375	16.435734696082193	217.2493	1.0580475
9824000	1178.21	120	2185	24270.27	11.312087890625	16.591427568175078	160.22379	1.3290826
9856000	1243.79	120	2337	24341.63	11.6207646484375	15.851100119550063	142.4412	1.4885998
9888000	1325.66	133	2413	24413.05	11.6847275390625	16.61455875128798	137.14139	1.299196
9920000	1177.91	120	2412	24483.87	11.459576171875	15.745835262856016	142.28397	1.4501628
9952000	1222.91	398	2219	24555.01	10.986556640625	14.996873632527548	141.2173	1.2867522
9984000	1140.86	120	2187	24626.86	11.9078408203125	16.012623926140275	127.89118	1.5694803
10016000	1131.74	108	2209	24699.33	10.5284052734375	15.05474748625828	134.51472	1.3398829
10048000	1235.11	120	2418	24770.79	12.0343720703125	17.961620542144853	166.79785	1.6317773
10080000	1277.76	105	2404	24842.31	11.340431640625	15.559789924674433	145.65453	1.31214
10112000	1230.69	412	2413	24914.18	11.9145302734375	17.139107327979485	148.55809	1.0389606
10144000	1222.67	111	2333	24984.94	10.888388671875	16.492229230761982	219.10309	1.6319752
10176000	1346.17	120	2219	25055.67	11.6854375	15.835110810316422	145.16397	1.493669
10208000	1144.53	120	2349	25125.66	10.526337890625	13.097002877567066	139.87329	1.5616288
10240000	1300.11	120	2338	25196.57	11.846458984375	17.388949436351812	170.64197	1.5635718
10272000	1194.54	120	2783	25266.7	11.9370615234375	16.724097509282824	232.5094	1.4416661
10304000	1333.86	120	2782	25337.59	11.088537109375	15.551378556256676	154.9389	1.7183027
10336000	1344.11	113	2776	25409.99	11.07639453125	15.954365096267543	148.70177	1.6021007
10368000	1413.86	120	2794	25481.2	10.9812021484375	16.131537434479082	154.06	1.4587134
10400000	1256.0	105	2787	25552.26	11.59646484375	15.006563147503162	127.69096	1.1221323
10432000	1179.33	120	2406	25623.07	11.166611328125	15.477288300118984	145.1676	1.308728
10464000	1340.53	120	2780	25697.13	11.2706259765625	16.383326127499263	172.73244	1.6797493
10496000	1132.33	113	2213	25772.07	12.311796875	17.838777985052676	178.70361	1.5990229
10528000	1228.87	120	2798	25846.16	10.157806640625	13.268394072004345	132.41302	1.1903307
10560000	1269.86	120	2721	25919.3	10.482998046875	13.819757143307548	134.53566	0.84224665
10592000	1323.43	120	2798	25990.79	11.5421171875	16.68658330815509	159.96133	1.5450029
10624000	1281.38	120	2791	26061.92	12.1172255859375	17.282837404488884	149.99287	1.5184867
10656000	1301.79	120	2200	26133.52	11.44483984375	16.294846769761293	165.40796	1.5460335
10688000	1290.5	120	2193	26204.04	11.0204775390625	14.543902287556802	158.11554	1.0406464
10720000	1354.02	120	2793	26279.74	11.2062939453125	16.12408233822936	156.87863	1.2796919
10752000	1321.97	120	2793	26355.89	11.048490234375	16.74018835766193	195.27954	1.1691325
10784000	1325.66	113	2764	26432.22	11.039349609375	15.494716841556027	159.85779	1.3107266
10816000	1407.07	412	2413	26508.9	11.28483203125	17.27166393258044	245.62363	1.4085665
10848000	1327.23	105	2415	26579.51	12.05507421875	17.402754810661445	141.87617	1.2567718
10880000	1338.91	396	2796	26650.68	11.916923828125	16.070552456278534	157.67567	1.2170126
10912000	1397.81	577	2786	26721.82	12.148466796875	17.27118355093246	147.98221	1.3701363
10944000	1136.96	120	2345	26793.23	12.432515625	20.175360901356882	245.5036	1.0573025
10976000	1243.52	133	2202	26862.87	12.0813828125	17.07491398221379	124.80836	1.2623357
11008000	1273.77	120	2197	26933.67	12.234775390625	17.461130941322214	153.36354	1.411643
11040000	1294.81	120	2798	27004.42	11.2847509765625	16.530116454520215	154.76038	1.3039942
11072000	1407.2	120	2797	27074.89	11.561884765625	18.1388851986554	156.19482	1.4995973
11104000	1317.46	120	2348	27145.69	11.86691015625	18.117581240331173	157.6593	1.2678944
11136000	1151.97	120	2791	27217.41	12.485525390625	18.140403799254305	150.74532	1.2499951
11168000	1171.85	120	2797	27288.69	12.107134765625	16.807917591123534	134.14052	1.2474108
11200000	1132.21	120	2791	27359.81	12.8206796875	19.660992472405862	283.08282	1.2591376
11232000	1373.18	120	2797	27430.78	11.845140625	17.22630800548974	154.13019	1.4038444
11264000	1245.02	120	2405	27503.82	11.370875	15.882225225861772	137.77332	1.5434835
11296000	1446.56	120	2791	27577.52	12.2861875	18.891362940508024	272.35602	1.2823049
11328000	1279.17	105	2348	27649.7	11.771859375	17.4857692138493	155.77036	1.2762544
11360000	1405.51	120	2407	27720.73	13.5849921875	19.765421194601444	168.76724	1.4040508
11392000	1326.9	120	2795	27791.03	12.324427734375	18.32556189452318	198.7737	1.5184386
11424000	1332.37	108	2343	27860.2	12.31604296875	17.605688001325024	145.47057	1.4588044
11456000	1324.44	120	2204	27931.83	11.75542578125	16.902342663074844	133.4042	1.2557931
11488000	1407.0	120	2795	28002.61	12.236568359375	19.877427524707517	241.73859	1.323875
11520000	1360.17	105	2199	28072.93	11.1538251953125	16.1664206381623	163.90175	1.3603368
11552000	1196.19	113	2792	28144.25	11.6575791015625	18.350321012178505	179.27393	1.1838404
11584000	1361.64	120	2794	28215.59	13.145515625	18.68506840367463	150.9329	1.357441
11616000	1341.66	105	2787	28285.92	11.823634765625	17.114468476993377	143.75552	1.2885039
11648000	1235.43	111	2416	28357.46	11.325984375	17.494274063247094	157.7267	1.266091
11680000	1289.77	113	2796	28428.2	11.572607421875	17.96312368437071	156.52524	0.9858227
11712000	1254.4	113	2219	28499.86	11.480947265625	16.080800372649367	134.3277	1.2836668
11744000	1142.37	120	2798	28570.82	12.8767919921875	18.612354767734253	148.09995	1.3480983
11776000	1284.59	120	2788	28641.18	12.92163671875	20.195641547125955	187.42174	1.0014508
11808000	1241.25	120	2411	28710.83	11.460271484375	18.481301361105498	228.1952	1.2229075
11840000	1234.03	120	2201	28780.76	12.9120771484375	19.406872977118184	181.38599	1.350898
11872000	1199.33	120	2180	28849.56	12.391814453125	17.848460192688893	151.57527	1.0993261
11904000	1137.21	111	2199	28919.6	13.0625986328125	19.881998767729566	165.35219	1.3465236
11936000	1189.95	120	2792	28990.67	12.492611328125	18.84900113401238	168.21835	1.2847447
11968000	1196.59	120	2790	29060.36	13.5790791015625	19.782220552809534	181.02188	1.4741405
12000000	1222.79	120	2196	29131.15	12.906248046875	18.922982884577156	166.92468	1.2777954
12032000	1150.24	120	2792	29203.97	13.7970859375	19.577523783665796	160.23466	1.0751642
12064000	1319.39	113	2792	29282.27	12.4575703125	17.496910441560818	128.11584	1.2472155
12096000	1411.08	120	2787	29355.43	14.20919921875	21.6943742707643	170.90463	1.3670665
12128000	1296.94	120	2179	29426.01	11.989751953125	17.276159512461096	143.86185	1.2248884
12160000	1146.09	120	2795	29496.61	13.531099609375	18.83011550681514	143.0984	1.2577002
12192000	1317.05	120	2408	29566.39	12.4259453125	18.47277303898903	148.62665	1.2433751
12224000	1036.65	120	2325	29637.24	11.977533203125	17.967169713118423	177.54973	1.0223459
12256000	1378.17	120	2790	29708.22	12.51038671875	19.247218954955546	163.8622	1.0657055
12288000	1330.24	111	2784	29780.21	13.794837890625	20.090947121776015	188.35626	1.3823271
12320000	1160.03	111	2415	29852.65	12.4860615234375	18.427274282975223	190.6088	1.3423643
12352000	1129.67	111	2339	29924.82	13.4081328125	19.22845953918306	183.26033	1.0696081
12384000	1214.45	120	2781	29996.01	12.875015625	18.42692323748053	167.36745	0.9649827
12416000	1131.83	111	2188	30068.7	12.478451171875	18.02786731701784	145.93782	1.1524413
12448000	1358.74	111	2788	30142.58	13.0234765625	18.86610883303709	162.4897	1.4072962
12480000	1152.97	120	2785	30216.15	12.920490234375	18.90646962682351	163.59769	0.99396956
12512000	1243.34	111	2789	30287.31	12.874884765625	18.653560317001148	157.75287	1.1603882
12544000	1389.2	120	2346	30362.27	13.61138671875	20.834155400447603	184.17456	1.2623854
12576000	1335.12	111	2333	30437.35	13.3828154296875	21.51500421217714	243.98373	1.248436
12608000	1207.99	120	2412	30508.7	12.625095703125	18.090072381005	176.88379	1.309217
12640000	1141.39	111	2191	30580.04	13.3286640625	20.320371551721195	224.96478	1.3179545
12672000	1267.91	120	2343	30650.17	12.813875	18.866426860961248	146.70326	1.1104436
12704000	1324.59	120	2193	30720.21	12.4415126953125	18.02262813798254	163.70123	1.1471579
12736000	1315.59	120	2198	30789.79	11.674755859375	17.240682266082164	160.5124	1.480401
12768000	1312.91	120	2339	30860.83	11.7419951171875	16.956695764505536	148.01398	1.2040532
12800000	1441.75	120	2417	30931.47	11.430689453125	16.66066850399467	155.56842	1.3513026
12832000	1230.33	111	2789	31002.57	11.97916015625	17.887630153265132	179.52278	1.0984375
12864000	1294.46	120	2219	31075.25	11.8533984375	18.10649054897166	222.61395	1.0783019
12896000	1390.69	120	2790	31148.74	12.2522626953125	18.524787448173328	171.65376	1.3128519
12928000	1281.7	120	2343	31219.39	11.000109375	14.63644957802267	135.92696	1.3912063
12960000	1168.15	-101	2413	31289.16	12.0031259765625	17.979477015475172	146.15695	1.2864075
12992000	1212.21	120	2788	31359.59	11.785515625	17.33452479879388	158.25162	1.1034839
13024000	1297.72	111	2776	31429.26	12.2133955078125	17.08133850141727	169.92665	1.2115502
13056000	1364.82	120	2413	31500.51	11.49292578125	15.775815153265457	153.24403	1.4181628
13088000	1288.11	120	2796	31571.87	10.6711337890625	15.010318846546864	149.77118	1.1771483
13120000	1227.46	111	2413	31642.88	11.9599482421875	17.904059420980484	197.47429	1.269608
13152000	1241.67	120	2330	31714.22	12.24266015625	17.171003901927225	145.5789	1.3969927
13184000	1220.52	113	2795	31785.85	12.012353515625	16.797203078191323	143.59148	1.1975079
13216000	1123.58	111	2173	31855.89	12.76376171875	18.82916454599088	190.7528	1.2713027
13248000	1158.28	120	2197	31926.86	12.5049130859375	17.080818920648973	144.52202	1.504621
13280000	1264.28	120	2797	32001.49	13.7817685546875	18.198083690323	130.64609	1.1540775
13312000	1359.1	113	2795	32077.01	12.6740703125	16.625572358568594	224.47826	1.5680358
13344000	1249.22	111	2781	32154.46	12.43729296875	18.383912804405924	153.04718	1.0788684
13376000	1290.94	120	2796	32229.07	11.9231796875	16.71466608999414	152.94875	1.3738315
13408000	1429.21	111	2417	32302.03	14.1041103515625	21.30526636773171	233.73248	1.2668705
13440000	1231.76	120	2411	32379.87	12.4332861328125	17.46607068003562	191.78185	1.1855602
13472000	1177.77	111	2793	32457.69	12.165173828125	17.387058765070073	160.12282	1.4372783
13504000	1231.38	111	2798	32534.66	12.34654296875	17.540249249939407	145.79234	1.4250011
13536000	1389.19	111	2787	32606.97	12.336115234375	17.52027842957982	143.07994	1.4871557
13568000	1334.64	120	2794	32680.36	11.90325390625	17.181353446396475	163.85872	1.2459855
13600000	1258.77	111	2795	32752.98	10.923466796875	15.135676500407902	145.61165	1.1752642
13632000	1217.93	105	2795	32825.75	12.8924423828125	18.637002843805117	186.37782	1.3943365
13664000	1209.75	113	2786	32896.19	12.7812919921875	19.601905200770663	165.36351	1.2182571
13696000	1096.64	108	2211	32967.33	12.720234375	19.09099509585606	141.84355	1.2310992
13728000	1087.15	105	2398	33037.12	12.26167578125	17.785237909569833	147.13367	1.1314313
13760000	1353.89	120	2347	33107.21	12.8079013671875	18.149349161884565	195.30556	1.255448
13792000	1263.98	111	2800	33177.95	12.6237861328125	19.085128372636113	185.7582	1.1728702
13824000	1168.85	111	2791	33248.18	11.7903046875	16.865011858875167	152.36354	0.9443815
13856000	1144.78	111	2365	33318.26	13.2626435546875	19.291024467352685	160.021	0.99060345
13888000	1160.29	111	2776	33388.06	12.406134765625	17.579046475847317	132.8693	1.1469193
13920000	1187.05	111	2793	33457.72	12.802498046875	18.011666358224605	126.58973	1.3054248
13952000	1176.61	120	2211	33525.25	13.0727666015625	18.048750822425355	130.51964	1.1601338
13984000	1113.57	120	2793	33594.67	14.097982421875	19.213288044996357	152.93459	1.031451
14016000	1245.22	120	2798	33665.8	11.7993955078125	15.164737056737911	141.19478	0.93804693
14048000	1260.87	120	2798	33736.89	13.9332255859375	18.52489372439151	147.49268	1.4860449
14080000	1366.83	120	2800	33806.3	13.3954765625	18.002116195047737	148.42336	1.1278417
14112000	1170.61	111	2413	33877.39	11.852244140625	16.157755007271277	142.05351	1.2322078
14144000	1324.28	120	2791	33949.13	13.1167265625	16.764571087564395	112.86969	1.3808584
14176000	1319.52	120	2796	34020.17	13.5017265625	18.9201711144482	170.82285	1.318892
14208000	1324.87	120	2794	34089.34	13.056501953125	19.063663079272043	181.6023	1.1882541
14240000	1251.7	120	2789	34160.78	12.5251513671875	16.939009157858084	134.30582	0.9420373
14272000	1286.18	120	2786	34230.83	12.7705908203125	18.283117212335537	155.97598	1.3413767
14304000	1210.81	120	2763	34302.34	11.280341796875	18.144703083820357	193.04584	1.2608079
14336000	1255.06	120	2346	34376.8	11.715392578125	16.39263554160831	145.49147	1.493864
14368000	1291.62	120	2790	34452.57	11.668974609375	15.770420789408252	142.09238	1.1001105
14400000	1145.59	120	2784	34524.61	11.5253828125	16.685950302574916	146.53246	1.3710403
14432000	1181.95	120	2795	34594.38	12.12259375	16.90128878222013	134.69785	1.3846941
14464000	1367.52	120	2792	34665.13	11.976017578125	16.11482236948332	158.18457	1.2727673
14496000	1148.78	120	2785	34735.76	12.08498828125	16.931228543729482	147.90958	1.2450024
14528000	1207.88	120	2800	34813.7	11.453427734375	15.804066426872547	164.62225	1.1691728
14560000	1445.25	133	2800	34891.68	12.9570703125	18.28730092167786	167.10275	1.0106884
14592000	1306.91	120	2793	34963.01	11.831658203125	16.84796167196495	172.2769	1.3636537
14624000	1233.2	120	2200	35033.39	12.413490234375	17.036457231478614	205.77925	1.4974651
14656000	1425.67	120	2798	35103.88	12.2976484375	16.501146740454132	126.320984	1.7043173
14688000	1266.32	120	2788	35175.94	12.661740234375	17.393229645468377	166.91783	1.2310889
14720000	1199.83	120	2798	35250.71	12.372681640625	15.39732423994507	116.34763	1.3094132
14752000	1310.47	120	2793	35322.27	12.9142392578125	17.359069135469216	150.66583	1.4820641
14784000	1042.04	120	2783	35397.46	12.912759765625	16.818948577423026	169.28586	1.7052135
14816000	1075.49	120	2796	35470.11	13.2932578125	17.246155368661157	134.75821	1.14045
14848000	1084.45	120	2794	35542.99	12.391646484375	16.26474907583883	206.00372	1.4065275
14880000	1305.28	120	2800	35614.96	12.617345703125	16.22914816002368	125.856155	1.1237627
14912000	1159.39	120	2801	35685.93	14.1305263671875	18.84922909564208	165.51326	1.4768672
14944000	1258.18	120	2773	35756.68	12.259	15.673494245859791	153.86162	1.4004891
14976000	1233.23	111	2787	35826.72	13.418595703125	17.69904128759521	164.98782	1.5210488
15008000	1235.83	120	2793	35896.44	13.439896484375	18.047472122156055	176.38799	1.4336356
15040000	1167.24	120	2797	35967.77	13.4175439453125	18.215971700680697	163.02272	1.441314
15072000	1299.55	120	2802	36038.47	13.21454296875	17.297516078905666	135.5974	1.4870824
15104000	1367.28	111	2785	36110.51	12.947162109375	16.792594163797325	149.21545	1.447736
15136000	1307.68	108	2801	36184.61	13.008453125	17.720777000459094	165.65926	1.1152711
15168000	1190.87	120	2796	36257.11	12.6644189453125	16.659221357854634	133.16064	1.433431
15200000	1199.04	120	2787	36330.52	12.904013671875	16.769220315804787	145.6409	1.3676486
15232000	1218.68	113	2802	36405.1	13.0024609375	16.63834145129856	131.09717	1.4506857
15264000	1220.58	120	2798	36483.24	12.706962890625	16.343829110707198	144.24696	1.2432463
15296000	1273.26	120	2789	36554.57	12.30470703125	16.156643854000126	169.66666	1.37305
15328000	1169.26	120	2780	36624.0	13.045068359375	18.629049895257676	157.90285	1.1897538
15360000	1126.35	120	2781	36694.95	13.8584453125	18.604114128331936	178.64317	1.1533462
15392000	1324.32	120	2416	36768.7	12.349595703125	15.317565488679982	126.53246	1.1347656
15424000	1282.06	120	2793	36839.59	14.813583984375	19.359971590888247	208.32224	1.5618566
15456000	1345.64	120	2795	36909.27	13.18969140625	17.653494696518308	152.76834	1.0998771
15488000	1413.55	120	2791	36982.22	13.409619140625	18.2461417154422	156.84787	1.453444
15520000	1240.58	120	2799	37053.15	13.289220703125	19.404248890384807	160.46437	1.1672255
15552000	1281.6	120	2219	37122.31	12.827005859375	17.497072076493254	147.57787	1.1642624
15584000	1216.09	120	2793	37192.27	12.5135009765625	16.46212888723691	135.95058	1.0506332
15616000	1287.02	120	2785	37263.12	12.01846875	16.830145015715104	163.74149	1.1869113
15648000	1137.7	111	2201	37336.85	12.9474453125	18.07235284903435	180.61148	1.2664307
15680000	1302.59	362	2790	37409.81	11.3183388671875	16.733777592044184	171.17041	1.061149
15712000	1390.74	108	2795	37482.25	12.29517578125	17.885684743671405	147.09715	1.144695
15744000	1405.22	111	2795	37552.44	11.8632236328125	17.423526659376396	178.72244	0.78565013
15776000	1151.86	108	2795	37622.89	12.0678623046875	15.79636578061549	118.40885	1.1764581
15808000	1340.14	120	2799	37704.18	12.20840234375	17.723226286429906	129.78706	1.0662682
15840000	1430.26	111	2791	37784.16	11.10241796875	15.679185545652555	148.90561	1.0387151
15872000	1294.27	111	2796	37864.36	12.4378828125	18.429042975694642	172.56375	1.4091666
15904000	1495.61	120	2799	37945.58	11.2375458984375	17.024488795555655	151.73123	1.0986431
15936000	1349.27	120	2795	38025.8	11.5250703125	17.319993865472355	188.87921	1.0211761
15968000	1230.04	120	2791	38105.8	10.86884765625	15.640222584733248	132.93332	1.1161636
16000000	1476.7	120	2795	38187.95	11.8422314453125	17.19467213993916	141.57716	1.1906773
16032000	1219.34	120	2779	38266.98	10.396955078125	15.456173928239808	128.98132	0.7278085
16064000	1277.4	120	2798	38347.17	11.293970703125	15.680967763502354	164.83685	1.0063996
16096000	1470.39	523	2790	38427.64	10.9635263671875	16.42744844764396	123.30104	1.0494587
16128000	1291.59	120	2791	38508.04	11.655138671875	15.921072906685655	136.5164	0.56525207
16160000	1360.82	412	2798	38589.74	10.644421875	16.905454001593686	307.0802	1.1901597
16192000	1477.28	120	2799	38670.23	10.44198046875	15.881193673650605	165.44424	0.6846904
16224000	1346.29	111	2786	38750.71	10.912154296875	16.631020526413884	148.85037	1.0736389
16256000	1337.46	111	2802	38831.98	11.442173828125	16.6236390420389	135.45955	1.1862681
16288000	1387.44	105	2796	38912.48	11.7958447265625	16.848146225920523	144.85323	0.9112235
16320000	1250.59	120	2789	38993.37	11.887533203125	17.017413875204422	146.81325	1.0525682
16352000	1398.49	120	2796	39073.45	11.999490234375	18.89926255175053	162.43845	0.94557387
16384000	1468.08	120	2789	39154.02	11.772439453125	16.615334596390166	144.67096	0.9586222
16416000	1352.59	120	2791	39233.79	10.4898330078125	15.345410551692646	137.96127	1.0784197
16448000	1348.04	120	2794	39314.19	11.4701787109375	17.362381209096867	140.51254	0.8902439
16480000	1259.44	120	2793	39394.82	11.294830078125	17.544971679942947	163.39621	1.0592618
16512000	1366.65	120	2798	39475.36	11.0913642578125	17.02840274365156	135.24942	0.99990827
16544000	1172.49	120	2793	39555.41	10.684255859375	16.33791411104857	141.91623	0.94970363
16576000	1312.14	105	2797	39637.73	11.754966796875	17.407421190400374	171.95056	1.0741148
16608000	1416.86	120	2797	39719.08	11.1063330078125	17.29573827565623	142.56393	0.9009607
16640000	1309.2	388	2772	39798.02	11.0943740234375	17.053643305757276	140.84744	0.8515252
16672000	1330.3	120	2782	39878.25	11.6478974609375	17.11951371972931	158.97092	1.0971835
16704000	1171.7	120	2796	39959.25	11.249216796875	16.168333247431537	126.044365	0.95210594
16736000	1157.42	105	2410	40040.16	12.017732421875	19.213395392277754	245.04205	1.082221
16768000	1164.23	120	2786	40120.76	11.8004765625	17.594874964034272	189.78581	1.3412248
16800000	1144.68	120	2795	40200.42	11.862955078125	17.791407687420353	170.64981	1.0071499
16832000	1179.63	108	2792	40279.96	11.97639453125	18.221422831381748	135.35382	1.0323712
16864000	1397.6	111	2796	40360.37	11.3013125	17.03208828212207	151.92197	1.0280708
16896000	1272.3	108	2799	40441.15	12.916666015625	19.35592448063383	137.01598	0.8090228
16928000	1325.13	108	2789	40520.47	11.79358203125	17.44098083537735	173.93129	1.2100601
16960000	1461.44	120	2791	40600.98	11.7568896484375	18.191400784436585	176.72534	1.0266128
16992000	1212.13	105	2798	40681.51	12.529625	18.317087309395017	145.77177	0.85645443
17024000	1101.55	111	2800	40761.24	11.930748046875	18.366121154179506	176.07764	0.82488984
17056000	1169.75	105	2797	40841.37	11.86005078125	18.075129667584683	128.80743	1.2591457
17088000	1182.1	105	2793	40922.16	11.367396484375	16.983466224537324	138.18704	1.1560879
17120000	1148.79	105	2798	41002.49	12.8228212890625	18.507067906613408	154.18483	1.2362676
17152000	1277.08	108	2800	41083.6	11.7750625	17.81088325996215	187.4708	1.0683497
17184000	1359.67	105	2801	41165.33	11.991591796875	17.146136591080804	148.14151	0.97812766
17216000	1557.7	111	2797	41247.44	12.5284365234375	17.740301928095814	145.21648	0.9610891
17248000	1264.31	105	2793	41328.85	12.3430517578125	17.338226372671457	172.48222	0.94075835
17280000	1281.01	120	2800	41408.76	11.355517578125	15.634325716992082	130.6684	0.96411514
17312000	1162.28	108	2792	41489.7	12.0628876953125	18.01223889470712	185.24232	1.1357613
17344000	1270.09	120	2799	41570.15	12.0215283203125	19.088388158773384	195.20465	0.9688537
17376000	1268.18	120	2787	41650.55	12.121267578125	17.75134766010739	169.5637	1.2598734
17408000	1350.16	120	2801	41731.12	12.2357626953125	17.013909750554102	141.0689	1.0529668
17440000	1387.21	120	2800	41811.32	12.135896484375	18.18158065185753	132.67578	1.0334561
17472000	1229.57	120	2778	41891.83	12.039595703125	17.031705727847697	133.4282	0.95942104
17504000	1398.02	412	2800	41973.13	11.598888671875	17.371679538835618	197.44434	1.2446027
17536000	1285.96	120	2791	42053.2	11.866234375	18.533168745522175	173.4006	1.0302773
17568000	1338.4	120	2797	42133.7	10.608208984375	14.457593160688953	135.8461	1.0885012
17600000	1321.56	111	2798	42214.49	11.75112890625	17.99749288095428	235.87398	0.99453074
17632000	1401.18	120	2796	42295.5	10.733990234375	15.067911890836102	170.67633	0.6940224
17664000	1244.64	120	2796	42376.79	11.38065234375	16.09237688317049	134.70665	0.8922337
17696000	1275.52	120	2790	42459.7	11.3408486328125	15.801123377785517	129.95578	0.8853694
17728000	1399.52	120	2793	42540.4	12.425880859375	17.153144755408555	143.51524	1.0450199
17760000	1265.72	120	2799	42621.2	11.63001953125	18.23843297819196	159.46251	1.0828464
17792000	1273.38	120	2796	42701.22	11.92221875	16.84132937151934	127.18766	1.0066283
17824000	1474.4	412	2791	42782.59	9.9462109375	13.60139354073692	113.962845	0.7671944
17856000	1386.75	120	2798	42865.52	11.75899609375	16.04208527592345	127.55728	1.0454338
17888000	1407.9	105	2798	42947.9	11.7143154296875	17.47960865551629	217.2539	1.1648699
17920000	1242.28	120	2798	43028.05	11.32812890625	15.82502567138518	154.74687	1.1885207
17952000	1394.9	113	2800	43109.5	11.8868203125	16.859154597725237	155.20685	1.1792452
17984000	1324.36	120	2801	43191.17	12.065943359375	17.296367031836482	136.9264	0.8658172
18016000	1319.51	120	2794	43271.47	12.332240234375	18.40894823177033	145.46632	1.0728697
18048000	1358.69	120	2797	43352.72	12.4184912109375	17.336917798443874	158.79819	1.1242316
18080000	1296.69	111	2800	43433.23	11.80090234375	16.704465159052535	138.29112	1.1055806
18112000	1423.6	120	2795	43514.3	13.0137236328125	18.3217732493337	153.30583	1.2674086
18144000	1416.22	111	2796	43597.36	12.949279296875	17.646577217692954	139.60754	1.1594107
18176000	1454.92	120	2794	43678.38	12.2405234375	16.40384006109545	135.66417	1.1016885
18208000	1453.15	113	2801	43759.1	11.14260546875	15.310008981055498	178.7717	1.1913604
18240000	1215.83	120	2798	43841.92	12.80601171875	19.773067225395256	272.48276	1.1750784
18272000	1308.99	120	2802	43922.66	12.863951171875	19.087371479593518	190.17953	1.0786259
18304000	1313.54	120	2799	44006.05	12.261787109375	18.076467782727907	154.88539	1.0563359
18336000	1377.82	120	2800	44088.34	11.24119921875	17.567985798036155	155.63852	0.88163507
18368000	1452.98	120	2800	44168.72	10.87884765625	14.907788966677789	141.87794	1.1798719
18400000	1392.13	133	2785	44250.06	12.2517841796875	18.28961112216441	164.70767	0.9609145
18432000	1244.63	120	2801	44331.44	11.1926416015625	16.317883211372727	130.54352	1.0234215
18464000	1349.17	120	2797	44411.38	11.9770302734375	18.22212168629109	160.71523	0.97483873
18496000	1467.54	120	2799	44493.1	12.1453544921875	16.303819529484496	144.1672	1.0493565
18528000	1334.07	120	2798	44571.69	11.078904296875	17.931475469129694	185.6489	0.87469363
18560000	1450.17	120	2796	44653.12	10.979431640625	16.701859926367483	150.89763	0.7870587
18592000	1230.33	120	2789	44732.6	11.47999609375	18.391613238103936	180.4476	0.854977
18624000	1221.39	120	2784	44815.02	11.2884130859375	19.11719366826627	235.62831	0.93049884
18656000	1369.27	120	2800	44897.23	11.505517578125	18.798434941505104	204.82205	1.2057996
18688000	1197.72	120	2788	44978.29	11.003125	18.015059672396315	157.47766	1.1873839
18720000	1347.49	120	2791	45062.79	11.479908203125	16.83653115252664	119.04731	0.90647334
18752000	1398.87	105	2797	45147.0	12.102482421875	18.22481652856895	160.13994	1.1732998
18784000	1184.13	120	2780	45228.45	11.4353203125	16.88989990349262	123.46614	1.1072888
18816000	1326.78	120	2798	45310.98	13.198599609375	20.23754400859946	194.7583	1.0949526
18848000	1464.8	105	2799	45397.68	12.8494453125	19.99687631856536	227.29837	1.1388853
18880000	1404.69	120	2797	45482.33	12.632478515625	18.973129025018515	151.63055	1.0759784
18912000	1431.01	385	2794	45564.58	11.272412109375	17.5324716597518	170.64839	0.9480796
18944000	1471.5	120	2793	45645.09	12.142068359375	16.329285425271983	121.67843	0.9043727
18976000	1267.67	120	2795	45727.73	11.199125	16.534527321638198	186.82932	1.1077489
19008000	1344.9	111	2795	45807.87	11.208533203125	16.41004646550399	185.90897	1.1922847
19040000	1374.66	120	2784	45888.19	12.1197578125	17.02480359651764	151.99109	1.1465063
19072000	1456.4	120	2801	45972.93	12.0007998046875	17.46315943636775	155.78879	1.0619037
19104000	1559.04	120	2799	46055.86	11.454873046875	16.874342579786628	161.12317	1.1526392
19136000	1328.48	120	2406	46137.96	11.432619140625	16.166129232905444	146.28867	1.2590275
19168000	1351.56	120	2797	46220.08	11.3570068359375	16.167038225970767	138.74113	1.110803
19200000	1590.14	120	2797	46302.01	11.710287109375	17.27624091056848	142.57103	1.2918041
19232000	1159.41	120	2783	46384.61	12.01876953125	16.906594497414314	132.33855	1.1881144
19264000	1370.72	120	2795	46465.05	12.716103515625	18.354120790710734	199.60712	1.2682924
19296000	1378.35	120	2344	46548.45	11.64924609375	17.249974637662515	188.29771	1.2844131
19328000	1187.3	120	2792	46630.01	11.012140625	13.649187246865653	130.68651	1.3152344
19360000	1383.91	120	2797	46711.11	12.1747685546875	17.151280928840272	158.02608	1.3679948
19392000	1294.19	120	2797	46790.95	9.3962431640625	12.008403958270225	126.733826	1.0523913
19424000	1517.0	111	2792	46873.47	11.780328125	17.73990205722681	243.11577	1.2212423
19456000	1368.87	120	2791	46956.84	10.7440234375	14.266241840442772	136.87732	1.3622831
19488000	1344.2	120	2798	47039.07	12.3356650390625	17.64927672030783	139.06564	1.1281323
19520000	1219.64	120	2794	47120.14	11.1062421875	16.51936458372416	135.53224	1.0441197
19552000	1511.22	120	2797	47204.07	11.087783203125	17.16346410256391	217.8774	1.059814
19584000	1256.87	120	2802	47284.56	11.29918359375	17.759242312103297	150.78412	1.3668658
19616000	1196.87	105	2793	47366.31	10.77347265625	14.744049117355788	120.48578	1.2246001
19648000	1389.21	120	2415	47452.76	10.7062412109375	14.280619515623263	140.48773	1.1552769
19680000	1361.98	105	2798	47536.56	11.1183828125	15.644988215080254	152.82516	1.1305926
19712000	1283.25	105	2795	47617.0	10.509125	13.561843302073653	118.52095	0.8208756
19744000	1242.0	120	2799	47696.04	10.8295048828125	15.86132087816144	141.67154	1.3067532
19776000	1333.07	120	2799	47776.58	11.321064453125	16.130191993587676	136.16478	1.0279233
19808000	1270.07	120	2797	47857.87	11.233275390625	16.6363166371045	151.56764	1.3303452
19840000	1204.53	120	2799	47940.16	9.70660546875	12.980009870951562	133.56572	1.092584
19872000	1186.35	120	2796	48022.72	10.187740234375	14.63899010348733	133.91245	0.9140887
19904000	1367.93	120	2790	48105.29	9.898078125	15.433873055717415	150.81871	1.217793
19936000	1332.9	105	2796	48187.15	11.112134765625	16.08212614208706	141.30937	1.3243445
19968000	1279.3	120	2799	48270.97	11.29439453125	16.445476201679295	158.99522	1.1688309
20000000	1409.83	105	2799	48347.95	10.790107421875	16.481097126708523	198.56404	1.1089983
