TotalEnvInteracts	AverageEpRet	MinEpRet	MaxEpRet	time	Averageloss	Stdloss	Maxloss	Minloss
32000	392.64	242	1319	57.03	0.32164336874758126	0.24293187938292685	2.659739	0.021287741
64000	403.65	246	949	132.86	0.9877214965820312	0.8842949389556066	6.496875	0.086163506
96000	356.74	242	1052	215.47	1.94334423828125	1.4530161249535396	10.139565	0.1480518
128000	383.67	240	1240	302.46	3.018979736328125	2.1041353906503972	14.982822	0.28417164
160000	358.07	240	1401	390.36	4.31662060546875	2.9387352788338217	18.74254	0.5208633
192000	384.13	240	1391	478.78	4.96551416015625	3.2230541610404253	19.990124	0.61403954
224000	379.17	240	1384	566.98	5.025296875	3.391900969589177	20.752073	0.32958654
256000	358.8	240	958	655.61	5.55908447265625	3.9634324612638476	26.129543	0.49327683
288000	326.43	240	816	743.46	5.4250673828125	4.099964510136033	25.45484	0.68197936
320000	346.51	240	906	830.77	5.5100107421875	4.160910451001079	28.258404	0.74345046
352000	345.86	240	953	919.61	5.1146240234375	3.8685803678481334	26.90776	0.43661872
384000	357.86	240	962	1007.37	4.5938154296875	3.3800683875755384	24.440735	0.49361032
416000	413.34	240	1242	1093.52	4.1441220703125	3.1066071223281515	21.008091	0.43172824
448000	352.7	240	915	1179.32	4.007439208984375	2.9247803069205043	21.297892	0.4760881
480000	373.03	240	1253	1268.04	3.7983359375	2.9237848036620275	19.378498	0.33015868
512000	386.85	240	966	1356.43	3.900454345703125	2.9354923325355493	22.95221	0.34386688
544000	404.24	240	1219	1444.01	3.63172607421875	2.787881928011165	18.533493	0.42641988
576000	394.75	240	983	1531.6	3.79067333984375	2.770714332109366	21.85973	0.37440175
608000	361.46	240	955	1619.4	3.784366455078125	2.8884133431046535	21.88484	0.49166173
640000	418.72	240	1390	1707.83	3.7180361328125	2.892329564987365	20.114237	0.38661098
672000	359.59	240	916	1794.86	3.6228759765625	2.8039113654522856	19.288078	0.51281184
704000	386.75	240	916	1883.04	4.09778515625	3.186316876014531	23.979822	0.6484797
736000	398.13	240	749	1970.66	4.59901416015625	3.53873473923767	24.46885	0.75109136
768000	378.74	240	909	2059.85	4.84372216796875	3.536417126662238	26.414833	0.90423125
800000	401.98	240	815	2148.36	5.27023828125	4.0240657883228	35.10785	0.8240654
832000	359.33	240	746	2237.54	5.87196142578125	3.992327602727512	36.054955	0.98509973
864000	383.92	240	624	2326.19	6.42763037109375	4.324331144090378	32.326565	0.7310165
896000	335.67	240	742	2417.89	6.815486328125	4.515727074970873	32.4647	0.9339211
928000	336.06	240	555	2510.47	7.4715263671875	4.748135324788038	28.124783	1.0151767
960000	326.89	240	648	2598.83	7.125404296875	4.781317197240212	39.68093	1.0216188
992000	317.12	240	556	2688.27	7.55881494140625	5.143555965356069	40.462593	1.2350993
1024000	344.15	240	633	2777.83	7.6030068359375	5.102061853432394	34.280468	1.226844
1056000	337.93	240	558	2864.52	7.9518203125	6.004850253128716	37.56776	0.83017427
1088000	327.94	240	815	2952.67	7.33689501953125	5.633124687950729	37.846497	0.8675556
1120000	328.14	240	557	3041.69	6.7765224609375	5.776686712554178	40.905807	0.8588496
1152000	398.49	240	1360	3129.12	5.760283203125	5.021784380016231	35.15384	0.90089273
1184000	500.2	240	957	3216.0	5.76759130859375	4.991315309177031	35.757618	0.7213724
1216000	360.64	240	651	3303.7	5.5845380859375	4.612966397490339	35.060787	0.7848706
1248000	366.4	240	659	3391.14	6.4472802734375	5.2031167417351885	51.320026	0.9528339
1280000	278.74	240	661	3479.4	5.6947109375	4.537640321521749	33.515	0.7293471
1312000	368.03	240	1418	3566.3	5.935	4.733752846909627	29.67173	0.71110666
1344000	343.63	240	821	3653.34	5.666228515625	4.529391429182292	35.43968	0.7243748
1376000	321.45	240	559	3739.42	5.66751708984375	4.624911316717327	34.589283	0.6008501
1408000	420.26	240	728	3824.9	6.05073828125	5.176319653600423	46.77419	0.6864831
1440000	486.38	240	1400	3911.86	6.33377490234375	4.8367033420244	35.985447	0.70922434
1472000	321.03	240	710	3999.72	6.425634765625	5.020242033819186	32.194923	0.78216195
1504000	356.97	240	1095	4087.09	6.15000732421875	4.809621704198783	25.239672	0.79596496
1536000	331.45	240	556	4174.09	5.85864599609375	4.458417249989059	34.700214	0.8480337
1568000	369.87	240	872	4260.98	5.9463271484375	4.65307819821997	37.798824	0.65933216
1600000	371.0	240	556	4348.28	6.7949072265625	5.636025479282807	43.605583	0.70332104
1632000	373.42	240	458	4435.88	6.563677734375	5.225639912967598	34.976013	0.9663791
1664000	342.65	240	556	4522.19	6.34919580078125	5.654169334161739	62.257195	0.96899766
1696000	319.61	240	555	4609.52	6.13683984375	5.173071425057844	40.095417	0.8766684
1728000	287.45	240	818	4696.66	5.81320947265625	4.91327522509171	33.353985	0.8468827
1760000	332.68	240	549	4784.83	5.43886767578125	4.637972516358845	31.218763	0.67992556
1792000	323.48	240	550	4872.68	4.968833984375	4.493684370174434	34.223812	0.58591336
1824000	283.48	240	630	4963.16	4.98211376953125	3.9441351584900715	25.082834	0.6638337
1856000	367.95	240	1404	5053.59	4.56304296875	3.399657755063368	28.423796	0.53589517
1888000	334.81	240	1399	5145.55	4.0532421875	3.6317657766229914	51.54397	0.588312
1920000	289.93	240	554	5234.81	3.93504296875	3.302313050632087	27.825777	0.3494833
1952000	366.18	240	656	5323.22	3.6559052734375	3.107725378995062	22.393034	0.4359275
1984000	339.83	240	558	5412.72	3.466939453125	3.2010662591256214	28.661182	0.33346638
2016000	479.62	240	821	5499.18	3.484076416015625	3.0901660111655005	24.503647	0.41551208
2048000	460.28	240	1040	5585.87	3.44479541015625	3.058976927626294	22.80763	0.49892348
2080000	493.41	337	633	5673.7	3.56265673828125	2.8729190838761887	17.993523	0.43723404
2112000	487.79	240	818	5760.1	3.67768310546875	3.121525568532156	20.125143	0.57528526
2144000	499.73	240	820	5848.06	3.719958740234375	3.1995974478244915	36.504738	0.41421878
2176000	423.13	240	744	5936.53	4.04088916015625	3.5241585321002513	24.050905	0.572078
2208000	464.83	259	796	6024.71	4.408060546875	3.811101818413213	25.514084	0.539163
2240000	426.0	259	804	6113.37	4.664796875	4.147283090319493	34.038055	0.62099516
2272000	535.14	293	1398	6199.89	4.7486875	4.181693735796538	29.325737	0.3852343
2304000	568.09	259	914	6286.72	5.2752607421875	4.671831730568857	29.230757	0.6016897
2336000	519.51	379	1405	6373.51	5.453552734375	4.975047895498093	38.54175	0.75851357
2368000	347.35	259	795	6459.74	6.0031630859375	5.355522120904739	44.67825	0.7010478
2400000	381.09	240	914	6547.01	6.27230859375	5.748075764984313	37.297073	0.42699575
2432000	282.55	259	914	6633.99	6.557650390625	6.204971545059655	40.325203	0.59274364
2464000	313.24	259	819	6723.23	6.81108837890625	6.451824475487534	45.107365	0.94948816
2496000	506.89	259	962	6811.1	7.18620947265625	6.655138404834267	41.463	0.8406629
2528000	472.08	259	1365	6898.5	7.1009052734375	6.406539627599287	53.697403	1.0281228
2560000	490.91	315	1404	6984.6	6.5901611328125	5.9781793972956345	42.342968	0.63610566
2592000	663.8	253	1404	7070.04	6.109603515625	5.2349219863456415	42.88623	0.9287477
2624000	586.83	263	1405	7155.43	6.76935205078125	6.335800129521922	39.708202	0.97607327
2656000	559.79	259	1396	7241.47	6.58544677734375	5.460686197722773	45.38896	1.00808
2688000	602.86	244	1440	7327.02	6.200677734375	5.756520759104409	41.895367	1.0263112
2720000	490.94	259	1383	7412.18	6.77456982421875	6.2275270974922305	52.489475	0.90435696
2752000	501.11	253	1408	7497.88	7.6300048828125	7.232949238554077	64.46801	1.1586866
2784000	522.85	240	1428	7584.53	7.015880859375	6.282495523277355	46.49952	1.0617132
2816000	560.37	100	1322	7671.08	6.9815419921875	6.39044024794067	63.77665	1.0271165
2848000	601.23	240	1599	7756.93	7.09368310546875	6.50755150286957	50.88867	1.0210363
2880000	644.23	258	1413	7842.31	8.09807421875	8.04550825771747	63.899925	1.1228877
2912000	580.26	241	921	7927.95	9.446673828125	10.04462426188755	61.939274	1.2997438
2944000	583.93	258	1628	8015.98	9.91701171875	10.294140475289815	90.857475	1.2365611
2976000	415.28	257	921	8104.25	10.254455078125	10.207509490566247	81.46749	1.4571421
3008000	504.53	256	822	8191.45	11.3830859375	11.152853474559773	88.185234	1.0432807
3040000	686.09	257	1402	8278.82	9.99309375	9.786364078400108	61.335487	1.4635202
3072000	565.05	359	1399	8366.69	9.928626953125	10.56390819015387	74.62398	1.4690323
3104000	705.69	457	1395	8455.39	9.58488671875	9.719025719561607	68.97631	1.3127967
3136000	564.81	263	1096	8542.54	9.82855859375	10.174096243647394	69.56864	1.3162886
3168000	578.7	263	916	8630.64	10.1993671875	10.701610568040682	75.57176	1.3153349
3200000	516.88	258	979	8718.4	8.390025390625	9.03286836710798	82.644066	1.1109891
3232000	524.77	343	973	8806.94	7.75199462890625	8.212887167433873	69.05014	0.86521846
3264000	553.89	264	1087	8894.79	8.0012724609375	8.171008677788807	57.21348	0.8159151
3296000	617.45	263	1392	8980.65	7.84613818359375	8.161835731010518	50.629333	0.88684726
3328000	576.39	257	1400	9065.97	7.67533154296875	7.951424793708358	54.591206	0.6974957
3360000	672.85	263	1397	9153.23	7.78615185546875	7.985264260655373	66.55936	0.99641967
3392000	549.23	259	979	9239.62	8.03806884765625	8.347701779531898	62.772858	0.68461776
3424000	592.84	374	1296	9326.01	7.6785439453125	7.726707942261051	59.44522	0.89975107
3456000	874.8	369	1425	9411.93	7.73059130859375	7.724763345889633	52.24609	0.9307984
3488000	702.21	370	1416	9497.93	7.27209619140625	7.715030480335123	65.95364	0.8762934
3520000	447.2	284	1403	9584.11	7.903259765625	8.369523395928827	68.62671	0.91499794
3552000	611.1	257	1413	9669.9	7.9448759765625	8.484888681503135	64.886986	0.70030546
3584000	472.65	250	1423	9755.96	7.38680712890625	7.830081965966256	64.41845	0.81925094
3616000	778.89	377	1480	9841.37	7.1458095703125	7.200834641293327	78.128174	0.79136795
3648000	770.01	257	1417	9927.71	7.8965087890625	7.343990953493884	50.768692	1.0077215
3680000	585.78	378	1492	10013.61	8.63171484375	8.218801330638184	53.560184	1.1715188
3712000	686.28	257	1425	10099.9	8.677580078125	7.534058086449825	57.03456	1.1060694
3744000	533.62	378	1419	10185.75	9.1126181640625	8.395749017359917	66.13013	1.544775
3776000	655.69	263	1434	10271.51	9.4205126953125	8.63416180066137	72.37363	1.1035821
3808000	453.93	378	962	10358.71	9.73514453125	8.723145397446956	74.445724	1.3711693
3840000	750.94	240	1402	10445.57	9.2664130859375	9.078861953736272	71.901886	0.9215859
3872000	782.81	374	1255	10530.25	9.3344990234375	8.555788428017607	65.204575	1.1921457
3904000	835.47	257	1423	10615.56	9.441087890625	9.122748866158709	81.21907	1.3004241
3936000	706.65	363	1424	10700.71	9.2286982421875	8.935758134456192	65.997696	1.0788879
3968000	965.25	263	1437	10786.38	9.52951953125	9.65903641027406	82.04285	1.5004199
4000000	756.71	263	1418	10870.63	9.7793671875	10.375876845476723	75.35057	1.1895759
4032000	834.11	363	1437	10955.81	9.4840224609375	10.732983625255375	99.30922	1.1762044
4064000	931.29	263	1430	11040.78	11.02298046875	13.094195994790974	105.58498	1.2521286
4096000	860.2	263	1426	11126.35	11.7110400390625	14.415987760989532	108.49161	1.1287198
4128000	764.5	240	1431	11212.04	10.6514609375	12.666228473780189	97.5645	1.1060021
4160000	741.94	263	1423	11297.14	11.6435830078125	13.550520631141817	105.309296	1.6237329
4192000	821.43	263	1425	11384.15	11.7756845703125	13.738827847563998	138.70473	1.3975103
4224000	677.64	363	1429	11471.27	11.28426171875	12.400793825396823	113.85819	1.2739197
4256000	680.9	257	1490	11557.23	10.3416435546875	9.778367386736909	89.853676	1.3345156
4288000	642.24	366	1256	11642.44	11.0769306640625	11.663756631120181	103.06534	1.5216274
4320000	774.5	240	1400	11727.98	11.115654296875	10.737692082100324	80.3307	1.7637235
4352000	705.4	240	1404	11813.49	10.570427734375	10.102748697755478	84.92035	1.3474734
4384000	723.99	241	1432	11899.64	11.4850517578125	11.004723417696603	106.53112	1.6211729
4416000	919.37	240	1426	11986.7	11.2767255859375	9.97757955367934	72.58032	1.4347095
4448000	818.08	240	1594	12072.66	11.147888671875	9.59280247763916	65.8825	1.3935233
4480000	509.22	240	1404	12160.58	12.1289189453125	11.25335679086467	88.31245	1.5092831
4512000	691.44	240	1467	12246.11	13.482505859375	12.146542074804664	78.774055	1.5795641
4544000	784.69	378	1626	12331.46	12.74934375	11.199142684821906	79.28211	1.8558271
4576000	936.18	446	1490	12416.45	13.596755859375	12.039516964978288	94.262115	1.6975412
4608000	894.39	257	1488	12502.16	14.43619921875	13.056159944639159	96.82117	1.54779
4640000	764.49	259	1627	12587.67	14.501837890625	12.584889252591775	69.64182	1.6916803
4672000	814.96	258	1424	12673.99	13.89349609375	12.60071922550455	81.89635	1.7192657
4704000	864.9	257	1432	12759.54	14.632970703125	13.272482105845915	77.845535	2.072987
4736000	869.33	454	1426	12844.78	14.1340625	12.121070884001957	72.814735	1.3559053
4768000	707.95	240	1436	12930.46	14.22841015625	12.54137278171732	78.575325	1.8669007
4800000	710.77	240	1420	13016.54	14.2450478515625	12.42017511953837	85.58766	1.8064982
4832000	653.17	240	1402	13102.19	12.72955859375	12.064784110169564	100.79942	1.9129978
4864000	796.9	258	1480	13188.44	12.952400390625	11.90274128089828	77.3674	1.8759675
4896000	834.22	240	1435	13274.23	11.962251953125	10.358643733616868	69.9824	1.7626834
4928000	639.66	240	1623	13359.6	11.275154296875	9.739605837763662	87.18273	1.7537357
4960000	757.26	240	1420	13445.31	10.94946484375	8.986294686215226	84.92882	1.8437233
4992000	624.78	240	1434	13531.07	10.696830078125	9.732074868700918	85.70247	1.7113116
5024000	707.89	240	1427	13616.24	9.998580078125	8.728730846320099	71.382195	1.771887
5056000	825.7	240	1436	13701.98	9.494865234375	8.616147631047184	75.57216	1.312324
5088000	851.97	387	1493	13787.8	10.023078125	8.712647954267405	69.51066	1.6861002
5120000	776.85	240	1437	13873.17	10.193375	9.465280304882683	78.65062	1.4275252
5152000	876.34	240	1602	13958.31	10.1781513671875	8.834109144390283	66.36712	1.6778655
5184000	991.62	367	1626	14045.73	9.5777607421875	8.579274626971676	71.29191	1.8141954
5216000	898.1	240	1529	14131.31	9.6934658203125	8.560587377627776	59.27657	1.4986671
5248000	1010.69	240	1599	14217.8	9.17848046875	7.805714553293632	65.13308	1.1914287
5280000	1056.28	365	1621	14304.18	9.403173828125	8.313939724943886	70.5448	1.165355
5312000	933.56	361	1403	14389.65	9.522609375	8.118452650443926	82.24725	1.28089
5344000	972.9	361	1624	14476.83	9.0853515625	8.042359534054667	67.64103	1.866778
5376000	866.11	259	1487	14562.07	9.1503818359375	7.978686696834886	78.82553	1.2538209
5408000	827.87	259	1427	14648.0	8.806884765625	8.157425202691105	65.53797	1.0322943
5440000	885.66	259	1626	14735.09	9.027283203125	8.254816775677096	61.200283	1.111445
5472000	844.72	365	1426	14821.89	9.13821875	7.675504869388072	55.302505	1.6070045
5504000	870.95	257	1600	14907.3	8.6584638671875	8.623647538889793	90.419235	1.1729848
5536000	891.67	258	1491	14994.9	8.92540234375	8.91702856547516	78.78935	1.4159012
5568000	927.85	258	1482	15081.29	9.117970703125	9.011164082680994	73.418076	1.1564794
5600000	818.04	365	1623	15168.03	8.12358447265625	8.017778584963542	79.80983	1.0966737
5632000	943.21	365	1624	15253.22	8.3352861328125	8.542884466033707	77.49092	1.0729294
5664000	913.77	259	1425	15338.78	7.99990478515625	7.853757311392426	120.65274	1.3303356
5696000	947.91	354	1425	15424.43	8.04932373046875	6.942533084184763	55.567425	1.3038418
5728000	1076.44	554	1616	15510.5	8.57108984375	8.066956132891761	64.29652	1.1567336
5760000	908.86	258	1506	15595.56	8.2742607421875	7.9676597293370905	72.887024	1.115767
5792000	818.31	250	1423	15680.29	7.71030029296875	6.956387577255885	57.063587	1.1357402
5824000	899.03	366	1621	15764.75	8.320873046875	6.873264553689171	73.29008	1.1692971
5856000	956.41	259	1623	15849.14	8.7908916015625	7.170349919547163	59.175903	1.6776725
5888000	860.41	257	1616	15933.45	8.6109228515625	6.701513646651031	55.946144	1.5265573
5920000	1036.42	257	1492	16017.7	8.33919921875	6.5730682761173265	65.298225	1.3705649
5952000	1008.3	439	1623	16102.44	7.926154296875	5.793385573759958	44.988132	1.1716845
5984000	921.7	259	1621	16187.28	7.702146484375	6.197997093315711	54.74876	0.9862336
6016000	879.04	263	1425	16272.08	7.41796435546875	6.656500288721544	86.35812	1.4555528
6048000	1015.46	257	1623	16356.27	7.0982314453125	5.49725108861238	45.779495	0.99726915
6080000	863.25	361	1484	16441.47	7.4481201171875	6.512218384026291	47.373806	1.2173077
6112000	936.66	258	1619	16526.8	7.3192802734375	6.093787820395456	69.733864	1.3223106
6144000	1169.24	263	1625	16611.61	7.3839462890625	6.724383684584038	53.77308	1.1143429
6176000	1066.08	441	1492	16696.42	7.1688837890625	6.5193180481166895	61.005733	1.0533171
6208000	1172.29	258	1626	16781.26	7.6924013671875	6.644407893108309	63.064297	1.4523361
6240000	1101.37	259	1627	16866.67	7.7733203125	6.750637122709233	66.466484	1.1986351
6272000	1136.51	259	1624	16951.04	7.6283369140625	7.1259070146368035	89.85932	1.0890056
6304000	1115.61	258	1627	17034.87	7.38329833984375	6.24161500034246	68.461845	1.2059019
6336000	961.98	258	1622	17119.99	7.54826953125	6.2844028157017435	70.97514	1.4549009
6368000	954.96	367	1492	17205.69	7.9064208984375	7.313848700410749	78.46444	1.2755706
6400000	1193.87	258	1618	17290.48	8.15419140625	8.031412449718916	87.59882	0.967212
6432000	954.63	371	1492	17376.13	7.86760888671875	8.16215590775501	84.634636	0.9092065
6464000	1180.24	258	1492	17460.96	7.212998046875	6.464891965454643	79.96525	1.1016269
6496000	1126.79	454	1493	17547.17	7.6007490234375	7.6211939783901315	117.15339	1.2217454
6528000	967.78	258	1492	17632.75	7.9623427734375	8.237382396732594	92.754654	1.2369262
6560000	1097.57	628	1489	17717.75	7.70328759765625	7.903197780408258	109.193825	1.532637
6592000	1148.97	257	1427	17803.21	8.216048828125	8.209183595979566	113.23372	1.465303
6624000	1182.33	257	1492	17889.9	7.2463271484375	6.866140029612708	66.52343	1.2933697
6656000	1046.68	358	1435	17974.97	8.0812294921875	8.328872972977797	90.64928	1.4462593
6688000	1140.83	365	1621	18060.12	7.952666015625	9.506123026765433	96.943985	1.338803
6720000	976.67	359	1819	18145.81	8.3321787109375	8.89975464900578	89.80677	1.3293722
6752000	1044.29	253	1623	18231.54	8.812318359375	9.257542532983578	117.31738	1.4060948
6784000	932.21	257	1490	18317.26	8.67974609375	8.99758735022895	105.09216	0.9746594
6816000	919.57	253	1420	18402.93	9.3194921875	10.400596437224165	110.45699	1.4790807
6848000	942.47	259	1426	18487.61	9.83208984375	11.26538774022004	131.81941	1.2800505
6880000	911.47	443	1428	18573.47	9.08075390625	9.178112125459135	115.77569	1.7544245
6912000	1061.22	253	1493	18658.11	9.82244921875	11.148081743622981	160.87714	1.4965227
6944000	1085.29	379	1491	18743.22	8.8039921875	8.322135862415369	69.816216	1.510183
6976000	1156.63	253	1491	18828.97	9.119130859375	9.26969482709652	91.51485	1.4868164
7008000	1135.84	263	1483	18914.28	9.055236328125	8.23212125229579	91.01861	1.4721117
7040000	1182.61	259	1620	18999.29	9.319609375	8.30566965617463	90.930984	1.759933
7072000	1216.13	259	1695	19083.91	9.067150390625	8.2241484171615	78.4652	1.5942767
7104000	989.95	259	1426	19168.8	9.850724609375	9.861690001592018	94.5828	1.4292296
7136000	1036.28	257	1433	19254.18	9.43653125	8.818714564067713	88.449326	1.8406372
7168000	1050.67	257	1430	19339.39	9.4662763671875	9.168992839319921	83.5852	1.5840241
7200000	1102.05	259	1492	19424.51	8.85862109375	8.155568458114983	86.10577	1.4082167
7232000	1059.32	259	1519	19509.73	8.2926630859375	7.728104907980351	96.37754	1.441864
7264000	1312.38	556	1633	19594.95	8.45720703125	9.252113778753479	99.342995	1.190048
7296000	1240.04	259	1633	19680.07	7.7742548828125	7.5851473906246545	78.29556	1.2361985
7328000	1267.54	447	1633	19764.81	8.20204296875	8.652250429801486	96.64871	1.2698729
7360000	1283.29	781	1792	19850.25	6.858515625	7.425047611379337	101.99565	1.0058529
7392000	1067.54	257	1692	19935.97	6.9487109375	7.8493918952362165	93.79632	1.0460509
7424000	1001.85	556	1616	20021.23	6.757677734375	7.932547421462415	100.55724	0.7344674
7456000	1126.81	553	1485	20106.46	7.2054765625	8.535306270134658	97.35777	0.8839122
7488000	1116.69	365	1599	20192.41	6.2405908203125	6.015187808788683	53.91851	0.80030674
7520000	1262.42	751	1495	20276.99	6.4754052734375	7.403491574925982	108.72168	0.92400396
7552000	1140.59	257	1611	20362.31	6.8184580078125	8.736150199744737	114.71319	0.71912825
7584000	1230.99	257	1611	20448.49	6.2216982421875	7.5520599424925114	90.80084	0.78766084
7616000	1229.06	257	1623	20534.34	5.78331103515625	6.388812242897736	85.18329	0.841088
7648000	1273.52	367	1623	20620.43	5.36347265625	6.0792108605887325	77.42865	0.65881616
7680000	1104.44	257	1633	20705.96	5.1396484375	5.300643755125409	81.94573	0.7586223
7712000	1255.7	259	1777	20790.59	5.3601064453125	5.169258401538368	56.50112	0.66719306
7744000	1242.57	259	1958	20876.04	5.395451171875	5.428058973403845	70.08351	0.7439227
7776000	1192.23	364	1491	20960.86	5.91785888671875	6.621890779830184	90.781395	0.8460941
7808000	1201.76	257	1985	21045.7	5.634359375	6.127628262631473	128.53966	1.069
7840000	1123.62	259	1610	21130.63	5.50819384765625	6.180083307488662	100.34888	0.73495466
7872000	1322.68	258	2017	21216.57	5.52356103515625	6.302787701684073	112.896286	0.7729322
7904000	1243.85	259	1694	21301.61	5.1936220703125	5.803295130785613	101.24288	0.82771933
7936000	1167.57	367	1728	21385.49	5.164318359375	5.808157315900629	93.06411	0.81768346
7968000	1255.13	258	1758	21469.76	4.9923251953125	4.714099115287034	60.44436	0.8485329
8000000	1275.86	378	1728	21553.86	5.450587890625	7.485165537581651	104.738754	0.83652353
8032000	1212.02	259	1493	21637.36	5.1078369140625	7.3133968467122035	109.54522	0.7468691
8064000	1303.08	629	1928	21721.16	4.8633876953125	5.691266266723953	127.38054	0.7742033
8096000	1331.83	258	1423	21805.18	4.93620556640625	4.135422675268515	31.896053	0.5163214
8128000	1193.34	378	1429	21889.51	4.903751953125	6.059792243241512	101.98568	0.61331546
8160000	1200.09	454	1493	21974.58	5.41090771484375	6.639792153655866	120.816536	0.74070823
8192000	1054.63	640	1631	22058.46	5.1059658203125	5.104573049298541	90.78443	0.7421984
8224000	1257.34	631	1717	22143.06	4.93191650390625	4.457170311700014	55.86584	0.897882
8256000	1246.76	454	1814	22227.82	5.75948388671875	6.448440945298328	104.41581	0.81688106
8288000	1334.89	630	1611	22312.08	5.73718310546875	7.696546760154843	109.157364	0.7231714
8320000	1330.03	378	1623	22394.82	5.1735322265625	6.094055761559784	104.952774	0.7486658
8352000	1347.51	442	1492	22478.25	5.02402197265625	5.180693199876827	104.09259	0.62039316
8384000	1284.21	367	1490	22560.46	4.69629296875	4.196874301935906	42.95391	0.67351127
8416000	1336.05	257	1619	22643.18	5.035443359375	5.756765381379547	84.60951	0.7290461
8448000	1309.42	388	1491	22725.28	4.9977158203125	5.480616233314918	87.57572	0.51749724
8480000	1293.66	442	1623	22807.61	5.05606591796875	5.6107541828171374	80.67654	0.6473377
8512000	1243.18	361	1490	22891.26	4.989357421875	6.0497439899346155	78.933136	0.60328805
8544000	1246.21	258	1493	22974.16	4.46994384765625	4.338286131930443	35.619057	0.5483737
8576000	1218.29	258	1494	23058.18	4.6855107421875	5.598419838445488	97.94343	0.73942906
8608000	1144.85	257	1494	23142.92	5.2259658203125	6.168694591949742	103.434265	0.5448295
8640000	1342.59	259	1422	23228.07	4.6393359375	5.15061832604834	74.79972	0.6373382
8672000	1320.36	259	1436	23312.68	4.8305458984375	6.906225961496626	129.0193	0.38768578
8704000	1254.18	240	1494	23397.92	4.7107314453125	6.469621620021529	85.47523	0.48832935
8736000	1171.87	240	1490	23482.4	4.6951171875	8.211335533882414	151.69376	0.44903037
8768000	1285.86	556	1491	23567.69	3.882140625	5.198715286010573	93.56624	0.4213404
8800000	1279.07	363	1611	23653.22	4.4336455078125	7.347264850354177	129.91791	0.5149306
8832000	1215.14	258	1433	23737.43	4.21968359375	5.258519686839159	92.271095	0.5273107
8864000	1034.93	454	1422	23822.36	4.54343359375	5.495250079614212	61.657494	0.59436727
8896000	1143.88	240	1493	23907.38	4.70551953125	6.469138575285739	117.78102	0.5064158
8928000	1271.07	257	1493	23993.11	4.783521484375	5.2094070559901535	52.77679	0.54777014
8960000	1218.56	240	1623	24078.35	5.8244169921875	10.072858798523884	185.43425	0.50028986
8992000	1140.86	257	1684	24163.54	5.774486328125	9.674903907791538	191.14175	0.47052163
9024000	1191.72	630	1429	24248.18	6.9173046875	13.132086182324574	190.66058	0.7394403
9056000	1352.33	742	1611	24333.27	6.7375244140625	12.319290005921607	223.8818	0.49454093
9088000	1165.28	360	1429	24418.69	5.6157392578125	7.715017316085557	164.1501	0.63893825
9120000	1186.2	240	1619	24502.97	5.724078125	9.842796382380365	157.52705	0.5548725
9152000	1207.28	240	1623	24587.1	6.0211826171875	10.384433963871118	211.32639	0.57738876
9184000	1141.96	258	1955	24672.43	5.974576171875	9.54532771831329	134.32976	0.5223416
9216000	1175.64	240	1433	24757.99	6.14108984375	7.512767258141303	95.493286	0.6320754
9248000	1140.47	240	1609	24842.84	6.1667158203125	9.541025315053933	162.63658	0.63498235
9280000	1266.07	259	1436	24927.19	6.31347705078125	8.611082521233902	125.49725	0.5385537
9312000	1265.96	240	1434	25013.19	6.81527294921875	9.64104020580767	126.804955	0.7188668
9344000	1201.31	257	1611	25100.05	6.245533203125	8.011109229922534	102.65749	0.5286751
9376000	1208.84	363	1492	25184.96	6.18048046875	8.80962541768945	96.23462	0.70349026
9408000	1256.93	240	1604	25269.22	5.954732421875	7.599598056805373	78.7675	0.6921348
9440000	1274.94	240	1494	25354.27	6.883234375	9.066609413115799	118.41894	0.74667054
9472000	1306.68	240	1436	25438.91	6.0700830078125	8.708068726043681	96.08012	0.71986955
9504000	1168.17	630	1494	25524.25	5.8467802734375	7.87444194451264	102.76201	0.59844637
9536000	1330.98	257	1620	25608.82	5.3224130859375	6.960373889921431	95.63108	0.4497517
9568000	1337.91	257	1625	25693.73	5.13630126953125	7.04080572892762	82.73694	0.63568276
9600000	1334.01	367	1623	25778.76	5.5916533203125	7.701019108695939	85.53018	0.53505266
9632000	1282.45	257	1611	25862.99	5.12562353515625	6.674451346833686	83.53631	0.5427024
9664000	1329.32	240	1434	25947.25	4.909111328125	6.748263086713499	78.435905	0.5190369
9696000	1307.01	365	1493	26031.57	4.4265078125	5.119274622077819	48.2786	0.41532418
9728000	1321.08	363	1611	26116.48	4.55556591796875	6.822324910725082	103.375854	0.5135933
9760000	1345.73	257	2001	26202.2	4.53931005859375	6.605535675666282	79.72251	0.6057351
9792000	1261.82	631	1611	26287.03	3.878541259765625	4.3929557870384945	48.707	0.40908265
9824000	1125.12	259	1914	26371.7	4.4470341796875	6.113991063025035	109.41769	0.57854766
9856000	1119.85	363	2019	26456.78	4.630189453125	5.188793325222638	49.22741	0.53318435
9888000	1275.31	240	1832	26541.85	4.8571103515625	5.466191544393592	69.23614	0.5039162
9920000	1308.76	257	2020	26627.11	4.43502587890625	5.460896682608544	57.45146	0.45475107
9952000	1256.37	597	1624	26711.8	3.9276064453125	4.219322646320141	33.537094	0.40428638
9984000	1318.52	258	1621	26796.79	4.138759765625	4.9132958960864554	75.42996	0.57055247
10016000	1126.15	361	2137	26881.64	4.4838984375	5.087159463418657	50.678684	0.59670067
10048000	1264.92	240	1436	26967.44	5.172123046875	6.154156369885315	72.06236	0.70215034
10080000	1196.04	240	1611	27052.83	4.228900390625	4.769108358094834	81.4536	0.53469414
10112000	908.79	257	1621	27138.81	4.9308037109375	5.696785003403235	65.90143	0.5173516
10144000	1157.78	621	1829	27224.28	5.7231513671875	6.981199361947057	76.691574	0.88859254
10176000	1344.59	361	1623	27309.54	5.6441552734375	7.218440740128716	65.74602	0.6467056
10208000	1066.05	240	1964	27394.95	5.8102021484375	7.2211167656914395	56.966805	0.5444224
10240000	979.98	257	1611	27478.97	6.4192080078125	8.76258782052996	105.9806	0.67267984
10272000	1044.63	363	1611	27563.52	7.5908095703125	11.451297006234709	139.52773	0.71055686
10304000	1104.19	446	2017	27648.31	7.3534619140625	10.299366637080166	91.82478	0.8533727
10336000	1100.42	388	1621	27734.39	8.277533203125	11.193730108860048	134.53577	0.5075737
10368000	1183.25	240	2008	27819.74	8.890349609375	11.080370452967717	75.29252	0.8683523
10400000	1293.86	258	2019	27904.86	8.510072265625	12.420039251145706	121.69722	0.6789295
10432000	1122.43	257	2015	27989.57	8.6245390625	11.89603794336585	83.4413	0.766918
10464000	1228.82	240	2019	28074.17	8.78869921875	11.321642714288418	106.82393	0.68071485
10496000	1137.01	240	1490	28158.6	9.85344921875	13.02941204064865	83.58049	0.89221424
10528000	1093.63	240	2019	28243.03	10.0034541015625	14.267193027186533	133.52354	0.7679215
10560000	1031.66	363	1831	28327.84	9.31100390625	11.88052568807458	80.859856	0.7505436
10592000	1166.08	257	1611	28412.99	9.76998828125	12.571100289950758	109.548965	0.9493555
10624000	1037.36	361	1611	28497.68	10.3177177734375	13.334595513175493	101.864174	0.88968647
10656000	1099.94	257	1687	28581.99	9.84522265625	12.861627764400586	115.68086	0.9488832
10688000	1189.04	367	1681	28667.49	9.4259013671875	11.725698273450497	95.24469	0.90213263
10720000	1057.82	454	1703	28752.2	8.966708984375	11.095887822184396	82.74326	0.9371581
10752000	1262.81	363	2017	28836.1	8.30134375	10.207990130285197	84.74016	0.85491085
10784000	1179.05	257	2018	28920.64	8.196822265625	10.18634656047005	77.01783	1.0824652
10816000	1097.99	257	1991	29005.24	8.06967431640625	8.84782988930054	72.320404	1.0984906
10848000	1051.7	363	1831	29090.1	8.29905859375	9.552699225873281	78.99661	1.1698378
10880000	1158.14	363	1816	29174.98	7.5307890625	8.07107852729423	61.853348	0.9600024
10912000	1161.99	363	2021	29259.64	7.5035341796875	8.510138255339921	66.79718	1.1692151
10944000	1075.65	257	1491	29345.03	7.9009345703125	8.57881839182996	84.756714	0.8836378
10976000	1141.7	257	1611	29430.79	8.11833203125	9.149965846930796	79.78443	1.1646125
11008000	990.5	259	2019	29516.1	8.07809619140625	9.661901258939672	101.18521	1.2872844
11040000	1019.54	442	1620	29600.66	8.294892578125	10.571597044084683	117.329094	1.2181144
11072000	1031.25	257	2008	29686.11	8.804751953125	10.836548761598408	97.60484	0.97736025
11104000	1062.98	361	1429	29771.85	8.7934765625	10.239082982010645	86.977295	1.0899043
11136000	1164.56	363	1616	29857.1	9.6906484375	12.524535295770459	123.90085	1.0889268
11168000	1227.91	257	2016	29942.91	9.054611328125	10.73178398496727	71.29231	1.0633402
11200000	1147.67	257	1492	30027.92	9.6367080078125	12.633589281158384	91.493164	1.2676152
11232000	1256.78	257	2145	30113.02	9.103650390625	11.888071752811722	116.5686	1.0751534
11264000	1143.82	358	1623	30198.39	10.7077578125	13.112327215258167	89.65927	1.6108589
11296000	1245.39	388	1620	30283.75	9.46225390625	11.411048990452192	89.07732	1.2477036
11328000	1286.44	257	1623	30368.73	8.766486328125	10.765732673627001	61.618793	0.9569815
11360000	1292.55	388	2103	30452.81	8.3524951171875	9.784881514356726	80.30817	1.3569702
11392000	1190.37	257	1622	30536.57	9.1612236328125	11.115916235290728	78.68355	0.8678651
11424000	1129.65	257	1998	30621.34	9.11712109375	11.770575070913061	113.590866	0.6661788
11456000	1243.46	446	2016	30705.57	8.51698046875	11.245214954592909	119.92413	1.0162582
11488000	1247.63	259	1790	30790.28	9.5469638671875	12.845889420355446	126.68538	1.2715881
11520000	1257.63	361	1611	30875.25	8.86348828125	10.466956189599726	96.409325	0.6093013
11552000	1266.43	240	1611	30959.42	7.8563193359375	9.588984565635718	95.23425	0.82737017
11584000	1136.05	442	1423	31044.61	7.0307822265625	8.78490849055925	86.19742	0.9355188
11616000	1279.51	258	1489	31128.71	7.5890146484375	8.707362635293192	81.02663	1.1496309
11648000	1344.16	556	1494	31212.85	7.5513125	9.673926377769266	106.45015	0.95450974
11680000	1377.38	916	1494	31296.57	7.36991162109375	9.573605479389673	99.552216	1.0494357
11712000	1261.46	378	1610	31380.44	6.71251318359375	8.443061130301023	89.20692	0.77175057
11744000	1242.17	518	1494	31464.16	6.4104375	10.107268037778557	125.969345	0.74084747
11776000	1293.76	257	1615	31547.7	6.31837890625	9.364290549742677	108.66525	0.52897483
11808000	1254.83	452	1431	31630.71	6.6667646484375	10.805756929179001	95.588905	0.7172754
11840000	1362.13	378	2241	31714.33	5.78830078125	9.932812573737612	108.80327	0.61494845
11872000	1180.26	259	2129	31798.43	6.19364697265625	11.157182384007173	119.006546	0.5843599
11904000	1331.99	388	1617	31882.28	6.46822509765625	11.51460689190039	130.52997	0.69493747
11936000	1184.44	258	2016	31965.54	5.6589296875	10.578131185374854	126.88995	0.6328349
11968000	1060.42	257	1491	32049.1	5.53825048828125	11.076615641183006	136.8929	0.64297485
12000000	1117.56	553	1621	32133.58	5.6016669921875	11.295234061319846	117.15021	0.62490284
12032000	1218.8	447	1492	32217.39	6.00056884765625	10.489710732427277	108.68314	0.53750634
12064000	1344.11	556	2012	32301.66	5.962107421875	12.546204605377676	165.702	0.45299274
12096000	1013.52	258	1764	32384.96	6.17246484375	12.187449999897435	106.465836	0.43435383
12128000	1027.83	257	1790	32468.35	6.7365986328125	12.733897306991288	138.4489	0.5700345
12160000	1280.06	258	1611	32552.68	6.5210595703125	11.272052691280324	93.54527	0.5227339
12192000	1339.54	258	2124	32636.8	7.22077880859375	13.815517769884703	140.96307	0.51110435
12224000	1265.62	240	1686	32720.95	6.681953125	11.322402433891845	106.77405	0.444003
12256000	1211.42	257	1934	32804.94	6.42025244140625	11.896007733689483	121.73574	0.63135344
12288000	1083.12	258	1423	32889.63	6.7098037109375	10.854855264465758	110.35296	0.5690887
12320000	1191.4	240	1785	32973.45	7.5288642578125	11.965387582523183	118.55586	0.43185067
12352000	1314.52	240	2019	33057.8	8.1917685546875	12.723503104491309	107.597275	0.6186378
12384000	1154.42	456	1435	33142.04	7.44857861328125	12.219709361314614	161.89377	0.3811754
12416000	1277.99	240	1813	33226.15	7.7439658203125	13.189226190341873	162.4231	0.48704198
12448000	1280.71	363	1798	33308.81	8.11572998046875	13.13706945060427	120.78062	0.45662344
12480000	1349.88	257	2124	33392.67	8.2714873046875	12.270529353903196	82.2321	0.52902645
12512000	1332.03	257	1491	33476.85	6.80976171875	10.813692492044519	104.96942	0.6050278
12544000	1229.55	240	2114	33559.07	6.901953125	10.367697731415591	84.89898	0.6085242
12576000	1220.97	258	1493	33640.7	6.5278896484375	10.824048384846586	92.87689	0.47917002
12608000	1367.56	258	2014	33722.77	5.86422216796875	9.177633307394668	70.00144	0.5135037
12640000	1311.09	443	1623	33805.13	6.34556103515625	10.918588650782663	115.41732	0.5483605
12672000	1293.67	456	1617	33889.72	5.97097998046875	10.129095622265593	85.81448	0.35800758
12704000	1238.56	257	1494	33973.84	5.4833212890625	10.0278113265059	95.960434	0.3447737
12736000	1272.49	257	2007	34057.9	5.8894794921875	10.046555690882323	87.6371	0.43634894
12768000	1227.0	553	1695	34141.64	5.4522177734375	9.136890797065487	66.91968	0.35261095
12800000	1217.63	379	1611	34225.48	5.15071875	8.758449491776497	76.6844	0.3944596
12832000	1055.61	257	1928	34309.38	4.70672998046875	8.15061874568428	57.600616	0.33759207
12864000	1298.49	630	2137	34393.59	4.9477197265625	8.363859661513935	69.962425	0.4650514
12896000	1218.53	258	1492	34476.99	5.15993994140625	8.53455201665559	60.022385	0.43254757
12928000	1241.17	556	1695	34561.16	4.874181640625	8.899446085290927	90.50376	0.27376908
12960000	1225.3	258	1912	34644.78	5.0096474609375	9.477895748134182	92.77648	0.3532231
12992000	1225.61	556	2112	34728.79	4.49886376953125	7.210592252027569	67.8531	0.42818826
13024000	1203.91	258	2018	34811.88	5.5688515625	8.055457680200425	60.454117	0.3455829
13056000	1117.28	257	1490	34895.71	5.686814453125	9.64846611837861	101.74781	0.416099
13088000	1122.25	241	1611	34979.61	5.0320390625	8.16485657023441	69.863625	0.44281954
13120000	1169.48	257	1620	35064.15	6.3313544921875	10.44425155887199	99.31268	0.45200416
13152000	1090.31	258	1495	35148.17	6.3345546875	8.806737034083623	91.19069	0.3118785
13184000	1299.29	443	1695	35232.35	6.55271484375	8.92110734438276	74.64505	0.67535484
13216000	1335.4	553	2127	35316.58	6.547244140625	8.712330522024518	99.73517	0.6729244
13248000	1270.48	512	2128	35400.41	7.019009765625	9.430020628954106	123.60925	0.6076556
13280000	1273.42	257	2128	35484.8	7.46132861328125	10.469539895573252	132.67918	0.7761846
13312000	1201.08	257	1625	35569.29	6.60110546875	8.820864824380884	72.20267	0.7084506
13344000	1256.37	443	1942	35652.55	6.1551650390625	8.852546420380975	116.82376	0.72258675
13376000	1259.74	553	1621	35736.75	7.2351982421875	9.723974078276845	90.29187	0.6482141
13408000	1224.14	359	1625	35819.02	6.2604609375	8.023982850258966	70.424	0.6672364
13440000	1224.8	258	1625	35900.42	6.563109375	8.098610027344199	59.035797	0.8070165
13472000	1301.44	240	2019	35982.33	6.36935205078125	8.508447089510517	84.88088	0.6086315
13504000	1180.45	257	2327	36063.53	6.85868212890625	9.075633156287225	88.618034	0.61588544
13536000	993.02	259	1611	36144.74	6.9371298828125	8.51271750823437	77.75927	0.6839485
13568000	1329.04	258	2021	36225.56	6.62452099609375	8.411826217445293	104.743576	0.6772207
13600000	1378.99	556	2249	36306.93	6.7320078125	8.233512881814177	72.953094	0.8262733
13632000	1300.08	258	2145	36388.58	6.577099609375	8.78051331429433	90.19888	0.710989
13664000	1338.08	257	2127	36470.36	6.38201904296875	8.585517420342237	107.13631	0.7035186
13696000	1301.93	257	2125	36553.42	6.4985732421875	9.119171940203781	71.38667	0.57054174
13728000	1302.7	258	2129	36636.7	6.4995146484375	8.960854538630787	89.003685	0.77383447
13760000	1327.12	258	2021	36720.11	6.414740234375	8.710220289981189	72.79191	0.6748183
13792000	1396.68	258	2021	36801.83	5.82571484375	7.26261268200019	47.14891	0.6503002
13824000	1395.24	829	2018	36885.0	6.43229248046875	7.887790208607224	88.16818	0.6296044
13856000	1282.97	443	1817	36969.14	6.531326171875	8.313026769023422	72.088326	0.6495221
13888000	1322.28	754	2077	37055.83	6.72866455078125	9.1507743866298	92.16386	0.45478696
13920000	1216.42	257	1819	37141.32	6.33747119140625	8.328525904984627	98.28071	0.653303
13952000	1186.49	371	2015	37227.35	6.173056640625	8.642883181410008	110.89412	0.57563174
13984000	1082.04	386	1617	37311.5	6.61587841796875	9.74190048193883	86.055954	0.54694086
14016000	1158.88	241	1915	37393.73	7.174228515625	10.411090841021416	98.2749	0.58815515
14048000	1159.98	258	1818	37477.71	7.041287109375	9.786115802503055	66.815384	0.6509452
14080000	1233.01	257	2017	37561.7	6.4264697265625	9.24455878814668	93.27468	0.60545003
14112000	1183.98	257	1950	37645.36	6.669841796875	9.387936075091265	85.44597	0.5039372
14144000	1228.45	630	1817	37729.46	6.50043701171875	9.467433901934568	86.990105	0.35649824
14176000	1045.68	388	1925	37814.32	6.22824755859375	8.555165654445272	53.416847	0.5289638
14208000	1102.62	388	1817	37898.17	6.7260947265625	9.3189482708619	88.24147	0.5748056
14240000	977.1	258	1817	37981.3	7.1470849609375	9.368555284834477	99.52523	0.47485244
14272000	1172.74	257	1817	38065.51	6.7193349609375	9.043201002687047	84.1234	0.3694181
14304000	1190.92	443	1944	38149.87	7.62108984375	10.834709848445412	121.06853	0.5029935
14336000	1126.45	240	1611	38234.29	8.4247880859375	10.865214347287402	78.76613	0.7854083
14368000	1172.79	241	2009	38318.27	7.62812353515625	10.004367015208908	93.71375	0.7539707
14400000	1088.19	363	2018	38402.18	7.936150390625	10.464576780142616	107.015396	0.77505994
14432000	935.66	242	2015	38486.83	9.2968662109375	11.948534167419869	116.51006	0.8598962
14464000	1257.72	366	1800	38570.91	9.1375673828125	12.62682598181348	121.48167	0.72818863
14496000	1312.26	240	2135	38655.55	8.68310546875	10.39174025969664	81.87817	0.694839
14528000	1243.29	257	1817	38739.76	7.845833984375	10.314646746253601	99.72736	0.8281437
14560000	1071.5	257	1800	38823.12	9.0694462890625	11.53821165194156	110.155174	0.8832823
14592000	1216.15	258	2019	38907.0	8.1558046875	10.119965955352814	81.67318	1.0097935
14624000	1034.12	263	1817	38990.25	8.6580078125	11.356140271896962	96.3351	0.8304708
14656000	1191.18	388	1814	39074.04	9.2729609375	12.449959839292655	110.08169	0.96918136
14688000	1301.61	388	2019	39157.22	8.5417265625	11.743067103614795	141.321	0.7890786
14720000	1346.49	547	2019	39241.09	8.05112353515625	11.13263747669437	125.668144	0.9837791
14752000	1308.34	257	2016	39324.23	8.198119140625	11.272279674604423	90.949135	0.82765424
14784000	1224.01	367	2017	39408.42	8.316544921875	11.13745650945493	105.37902	0.8276409
14816000	1385.65	371	2132	39491.78	8.561318359375	11.482232878451821	90.27618	0.74066454
14848000	1474.87	443	2125	39575.45	7.7604921875	10.744069221551953	94.64975	0.78322184
14880000	1355.08	371	2130	39657.97	7.73323046875	11.288277243450393	119.54975	0.9243674
14912000	1382.84	454	2315	39741.76	6.76202685546875	9.435026165835472	68.920685	0.6318053
14944000	1294.78	257	1790	39825.59	6.413537109375	9.32306280146176	82.9222	0.74891484
14976000	1097.86	257	1966	39909.79	6.4054482421875	8.55051350797132	83.14559	0.77170014
15008000	1299.71	258	2120	39995.38	7.23955859375	9.647883511423633	76.17655	0.64226043
15040000	1187.45	257	1817	40079.82	7.18546630859375	9.107772264664943	67.86117	0.6089164
15072000	1266.81	257	2021	40163.92	6.854986328125	9.970638535846136	122.97751	0.53064066
15104000	1364.7	257	2118	40247.56	6.7603603515625	8.318823722438166	65.28091	0.55036336
15136000	1248.04	550	2016	40331.64	6.2003642578125	8.180975453758554	106.71736	0.83516085
15168000	1216.02	258	2124	40416.03	6.1183193359375	8.114885050017653	68.1643	0.69779396
15200000	1263.22	367	1817	40499.47	5.5756259765625	6.872215629347641	62.089684	0.76635444
15232000	1269.41	257	2017	40584.36	6.4266865234375	8.535849492727715	74.44988	0.6033197
15264000	1318.65	240	2017	40668.52	6.24580126953125	8.587254363299133	68.91235	0.6448139
15296000	1310.91	240	2317	40751.77	6.170896484375	7.569181965377765	58.84882	0.5449802
15328000	1106.43	240	2317	40835.51	6.243603515625	8.913035572968393	81.99254	0.57762253
15360000	1091.47	378	2238	40917.92	6.5077587890625	9.262588562329647	87.28355	0.49828506
15392000	1129.65	241	2139	41001.21	6.17635498046875	9.033048696315104	102.99794	0.76656175
15424000	1181.0	241	2139	41084.86	6.82821533203125	10.767006896069121	97.36994	0.69284874
15456000	1348.87	241	2130	41168.61	5.939	8.852933835740556	97.83725	0.6255086
15488000	1323.41	456	2136	41251.95	6.115576171875	8.901356989246077	72.83747	0.5418854
15520000	1417.26	258	2136	41334.51	5.72125634765625	9.39890784878754	91.901306	0.5081232
15552000	1419.17	258	2129	41417.75	5.8255048828125	9.324371627621884	77.75696	0.61508363
15584000	1423.42	258	2129	41500.93	5.71907177734375	9.841176647764229	94.32597	0.53671587
15616000	1377.5	553	2125	41585.02	5.5531005859375	9.769303007379799	80.72353	0.43644738
15648000	1318.6	368	2125	41668.12	5.11690478515625	8.773147062200655	85.20432	0.3589357
15680000	1385.62	241	2125	41751.26	5.37408203125	8.978579543836542	88.936935	0.5367367
15712000	1449.0	241	2135	41835.29	5.946943359375	10.197999191017814	86.8556	0.4321978
15744000	1436.47	556	2135	41918.05	5.384123046875	8.783574425454594	80.7356	0.5175522
15776000	1424.96	436	2125	42001.36	5.2061669921875	8.829296050648658	100.27864	0.54974604
15808000	1478.37	436	2125	42089.14	5.2011484375	8.01931019087677	91.81345	0.48781025
15840000	1367.26	257	2131	42175.84	4.0389501953125	6.5146751405960375	80.40375	0.3921812
15872000	1372.11	443	2117	42259.13	3.90201220703125	7.4571667500130365	108.314606	0.3290582
15904000	1465.68	443	1935	42343.38	4.37163818359375	8.904125623833032	121.889824	0.336389
15936000	1347.9	258	2019	42427.18	4.4948974609375	8.323986424784701	131.08101	0.49330142
15968000	1379.46	258	1946	42514.77	5.19823876953125	10.7164250393963	141.25948	0.5012488
16000000	1355.63	556	1817	42600.36	4.742984375	7.971816076810854	90.55774	0.5570977
16032000	1421.21	555	2329	42683.42	4.7923466796875	9.475840991700947	139.4752	0.39751095
16064000	1179.1	257	2295	42766.26	5.6230712890625	12.079229978562376	155.76125	0.5106362
16096000	1153.83	257	2128	42849.58	4.9384248046875	9.916283956200528	150.28233	0.48731017
16128000	1350.14	363	2133	42933.22	6.5756982421875	13.985618729609355	168.032	0.59175646
16160000	1311.79	363	2122	43016.97	5.8439521484375	11.466395194218626	105.85247	0.44631028
16192000	1187.24	378	2122	43100.87	6.022279296875	11.284061976411685	137.49147	0.63227713
16224000	1297.64	378	2136	43183.99	6.0541953125	12.821975764288435	184.2998	0.5861629
16256000	1561.79	240	2136	43267.95	6.84009228515625	13.282781382300922	158.68109	0.56464934
16288000	1552.48	257	2317	43351.49	5.95867822265625	11.225808712515994	128.8348	0.51817864
16320000	1429.51	442	2320	43437.22	6.86293115234375	12.722755818807496	116.537315	0.52748215
16352000	1161.11	240	2236	43522.35	7.76856640625	14.82064596685988	171.7648	0.58413947
16384000	1328.29	258	2137	43606.43	8.742791015625	15.317648114185154	179.5174	0.9037934
16416000	1327.43	363	2319	43691.84	7.55032080078125	13.072609126528643	113.06664	0.65163237
16448000	1417.8	555	2319	43776.58	8.53419921875	15.019268873683567	138.82152	0.5548167
16480000	1467.19	556	2329	43860.17	8.421107421875	15.486127360479765	154.83897	0.8540655
16512000	1083.48	367	2124	43943.91	7.95577734375	11.528671459669583	91.39457	0.60496765
16544000	1216.58	573	2297	44027.4	9.39416796875	15.703917206385164	127.563065	0.7639067
16576000	1209.8	556	2327	44111.64	9.5392802734375	15.25049845496861	129.4956	0.99451333
16608000	1111.75	556	2326	44195.59	10.212462890625	17.183211283110033	137.75667	0.7251006
16640000	1201.55	555	2083	44279.39	10.0581396484375	16.759046064737696	181.59677	0.8994554
16672000	1350.46	378	2135	44363.34	9.261482421875	14.27368262310046	117.553894	0.6113688
16704000	1321.07	367	2325	44446.43	10.23668359375	16.504726595736145	181.71503	0.76829207
16736000	1453.02	367	2325	44530.09	9.713275390625	14.654125379052822	122.44442	0.7616658
16768000	1469.86	257	2139	44613.63	9.2920693359375	14.725632414263233	130.00833	0.78169817
16800000	1426.89	257	2238	44697.93	9.01087109375	14.21085192731245	146.49701	0.87543845
16832000	1529.17	241	2421	44781.09	10.119044921875	15.955953042673446	132.76695	0.53048444
16864000	1491.08	241	2419	44864.64	8.6671728515625	12.993073274826092	97.41536	0.4615747
16896000	1333.38	257	2135	44947.57	8.7312900390625	13.008231768768574	94.102486	0.64199185
16928000	1355.59	257	2135	45031.07	7.5493515625	11.410350632758837	105.93595	0.484371
16960000	1388.45	388	3042	45114.49	8.05960693359375	11.821922168158611	97.966705	0.62218106
16992000	1415.37	554	2137	45197.25	7.016373046875	10.263064083157621	128.90761	0.6594434
17024000	1489.4	443	2234	45280.13	7.337302734375	10.372642804512262	105.29734	0.40517488
17056000	1311.14	379	2303	45364.64	6.6328486328125	9.396402237026681	89.71453	0.55462205
17088000	1252.45	443	3012	45451.04	6.2676240234375	10.73399972051425	148.24556	0.54489756
17120000	1351.75	443	2227	45534.97	5.9507314453125	8.459500945682317	101.22697	0.47877172
17152000	1370.85	257	2124	45619.06	4.9933818359375	6.531605552523055	82.84739	0.519917
17184000	1437.38	454	2822	45706.62	6.33400439453125	9.335803058655426	90.180695	0.64768887
17216000	1543.12	454	2822	45793.75	5.87753125	8.077733670405332	105.13376	0.6521206
17248000	1671.81	543	2571	45877.93	5.720037109375	9.136307634241527	105.95659	0.6505894
17280000	1601.22	543	2571	45961.42	5.57386328125	9.250385971677074	129.61705	0.48007566
17312000	1378.37	378	2131	46045.61	6.0069248046875	9.340462214205463	87.19322	0.5213301
17344000	1469.17	452	2517	46129.53	5.72145263671875	9.136671901600714	120.48732	0.6692157
17376000	1412.28	556	2305	46213.2	5.81792724609375	9.188047602728231	107.61985	0.61485887
17408000	1531.14	556	2314	46297.32	5.9349619140625	10.317536648832414	110.40628	0.5769472
17440000	1571.27	443	2314	46382.01	4.9619208984375	7.708022910416133	88.13093	0.3631463
17472000	1458.29	443	2282	46466.5	4.97630810546875	8.617548411526332	105.8376	0.3721876
17504000	1441.25	556	2326	46550.39	4.9614970703125	9.620260196585122	152.75137	0.3871807
17536000	1412.81	541	2418	46637.28	5.3000439453125	8.72176650326641	116.0182	0.5046093
17568000	1436.22	732	2323	46721.81	5.781998046875	10.00299642607154	128.2471	0.5947191
17600000	1316.47	258	2328	46806.21	5.4955078125	9.112065318850606	150.30223	0.33294624
17632000	1354.32	258	2287	46890.46	5.301955078125	7.982132390533247	104.12451	0.63670313
17664000	1163.05	378	2327	46975.02	5.36509521484375	7.495804034591619	106.12933	0.6179304
17696000	1039.79	555	1692	47058.81	6.05178857421875	10.674489888280377	139.53484	0.6843945
17728000	1197.88	258	2327	47142.03	6.90173681640625	9.613551632981435	91.375404	0.7978203
17760000	1262.07	258	2121	47226.41	7.4070078125	12.765096454786388	176.96912	0.6291448
17792000	1287.89	257	2753	47310.52	6.7093037109375	9.950957868466734	143.37106	0.7373333
17824000	1354.75	556	2120	47394.1	7.03420654296875	10.711291501261647	162.31274	0.70552737
17856000	1291.46	447	2284	47478.12	6.15671923828125	8.683320937291215	91.831184	0.6169472
17888000	1346.04	447	2284	47565.35	7.2827646484375	9.88033360709546	91.950066	0.7090527
17920000	1450.61	553	2142	47651.14	7.04626904296875	11.495691448320976	144.52829	0.69189286
17952000	1484.39	553	2141	47734.98	6.442552734375	9.048605728232388	76.731346	0.75433755
17984000	1516.08	241	2330	47818.94	6.0539365234375	8.884577578590893	89.36418	0.7133531
18016000	1494.61	241	2330	47902.11	6.5531083984375	8.1844684273018	81.0892	0.7395016
18048000	1525.67	257	2326	47986.27	6.74634716796875	10.02826552176397	106.19143	0.65363264
18080000	1585.07	257	2326	48069.34	5.9685810546875	8.811209125313052	77.476364	0.5920672
18112000	1483.2	258	2135	48152.58	5.85920849609375	7.7700212656562275	61.006996	0.42547306
18144000	1471.94	556	2318	48236.16	5.82230322265625	8.034920367526986	65.86534	0.60034156
18176000	1445.64	388	2318	48319.0	5.791533203125	7.74263208234125	93.492455	0.6627435
18208000	1423.88	388	2128	48403.8	5.13910595703125	5.859937473002591	64.80399	0.71913147
18240000	1456.96	443	2358	48487.02	4.730802734375	7.006973089358914	118.19889	0.5264107
18272000	1422.02	378	2358	48570.29	5.1110087890625	7.319456360020872	127.89976	0.5948953
18304000	1481.96	378	2141	48655.0	5.0062548828125	7.521290873663244	94.67049	0.56068504
18336000	1519.49	456	2307	48738.5	4.7539208984375	6.6730454184165415	105.4067	0.64426196
18368000	1505.99	456	2307	48821.93	4.45198876953125	5.751833946664315	87.15493	0.5977435
18400000	1547.22	258	2307	48905.91	4.49382421875	6.686106163156549	72.3024	0.55265605
18432000	1622.74	258	2139	48989.78	4.1680244140625	5.957709356896323	112.36842	0.66514325
18464000	1578.19	556	2521	49074.13	4.79511669921875	6.792147637621697	76.43676	0.5401269
18496000	1647.89	556	2133	49157.42	4.5211279296875	6.949255524424901	115.81656	0.6032244
18528000	1644.26	363	2142	49240.8	4.3843271484375	5.924510792040133	82.34743	0.6423043
18560000	1539.15	257	2315	49324.34	4.024987548828125	5.254437484759905	68.83475	0.49284655
18592000	1515.56	257	2328	49407.64	4.5813642578125	5.989025118915432	56.77299	0.6487012
18624000	1562.74	257	2328	49491.09	4.9965	8.715117074658263	118.88743	0.49364555
18656000	1618.44	363	2330	49574.98	4.50003369140625	5.939821256780376	68.54412	0.503378
18688000	1609.96	241	2330	49659.35	5.17330908203125	9.046561846911787	112.06471	0.64732707
18720000	1501.22	241	2547	49743.74	4.7857880859375	8.583621758908066	119.77148	0.44076064
18752000	1410.25	241	2547	49827.58	5.27646826171875	9.500946498902096	158.11859	0.7035476
18784000	1478.06	257	2751	49911.84	4.57193994140625	7.849879577101804	101.07017	0.449666
18816000	1481.2	241	2763	49996.12	4.96483837890625	10.874516153029523	164.72835	0.6242199
18848000	1494.0	241	2763	50080.86	4.7061865234375	8.211638082623953	119.591965	0.43322474
18880000	1448.07	241	2763	50164.76	5.6915400390625	13.79511519071153	234.86	0.63322175
18912000	1464.31	363	2327	50248.76	4.874572265625	8.68281213447003	118.570885	0.6589788
18944000	1470.01	363	2327	50332.3	5.6969296875	15.563217854929617	218.4836	0.5263007
18976000	1491.28	363	2317	50415.98	5.0590439453125	9.526559911636518	119.54388	0.502172
19008000	1571.6	371	2317	50499.19	4.3623525390625	8.996494977211958	157.76602	0.51871455
19040000	1701.58	569	3046	50583.11	4.84561181640625	10.00465594735771	189.85735	0.3170852
19072000	1600.18	454	3046	50666.29	4.6614921875	10.258737891426996	202.90596	0.38979578
19104000	1438.46	454	3046	50749.91	4.30418505859375	9.069238873797513	128.40033	0.39286834
19136000	1296.39	556	2571	50834.11	4.89145703125	10.284123078804532	135.33228	0.43512762
19168000	1397.04	378	2327	50918.96	5.5216943359375	11.51439655930783	99.533554	0.35391295
19200000	1399.71	378	2571	51006.12	5.95179248046875	13.915649912957713	150.34901	0.39549726
19232000	1224.66	378	2571	51091.37	6.1426826171875	11.866778733085066	124.207245	0.47089612
19264000	1276.74	378	2332	51175.56	6.30290185546875	12.262491080526827	148.92801	0.43115285
19296000	1505.31	257	2764	51259.54	6.7652919921875	14.821952680062097	241.17683	0.40797055
19328000	1544.18	257	2764	51345.06	7.3455087890625	15.666741245389865	202.76953	0.39942986
19360000	1487.27	258	2657	51429.15	6.5798994140625	13.511281166121886	137.05113	0.41063815
19392000	1338.3	385	2657	51513.04	7.11351708984375	14.070598223778546	165.87587	0.5706273
19424000	1497.81	385	2666	51596.82	6.8562509765625	12.893334639456155	178.64444	0.44950703
19456000	1452.16	385	2546	51681.28	6.801869140625	12.68740270898658	184.24905	0.6482898
19488000	1413.64	367	2848	51765.64	7.32809814453125	14.65222572683072	142.71098	0.39219993
19520000	1292.61	367	2514	51849.25	7.36302392578125	14.63197643433723	168.44849	0.50504714
19552000	1243.01	443	2547	51933.24	6.55580322265625	12.305529118042832	125.88416	0.5063518
19584000	1463.54	259	2571	52017.04	6.583876953125	12.036558893637334	113.22285	0.665364
19616000	1595.18	259	2571	52100.65	7.9132685546875	15.527342818396198	165.25446	0.5973786
19648000	1583.22	258	2423	52184.55	6.72682177734375	12.221823462560733	127.12176	0.60792077
19680000	1276.21	447	2661	52269.23	7.831095703125	15.771156425576407	209.1226	0.56497264
19712000	935.72	258	2547	52353.73	8.8116220703125	15.622268761290725	163.78731	0.8090258
19744000	1533.59	259	2571	52437.54	7.6149130859375	13.759742003395267	172.81699	0.6050832
19776000	1654.84	555	3047	52521.55	7.46194873046875	14.286969040877775	176.00856	0.6322598
19808000	1529.79	257	2679	52605.94	8.3862158203125	14.851757050935085	133.58173	0.7672094
19840000	1623.33	378	2490	52690.16	8.466482421875	14.363289795516902	158.91914	0.977001
19872000	1383.8	257	2571	52774.37	9.68183203125	16.01632077756936	189.00415	1.0511503
19904000	1259.94	553	2666	52858.62	9.491216796875	14.717055900383064	152.24408	0.44709656
19936000	1625.74	553	2666	52942.36	8.70356640625	15.428216844470395	183.65088	0.9035203
19968000	1767.39	378	2545	53026.1	8.855763671875	14.058429966571659	134.20074	0.9367798
20000000	1626.41	378	2545	53109.94	9.919826171875	15.701374342712805	147.35664	1.1200786
