TotalEnvInteracts	AverageEpRet	MinEpRet	MaxEpRet	time	Averageloss	Stdloss	Maxloss	Minloss
32000	371.53	241	1037	65.06	0.3105071927002709	0.25521351113319934	1.965758	0.029470664
64000	397.37	241	1408	145.66	0.8691429443359375	0.7777034343732433	5.368022	0.119812354
96000	388.35	250	1244	230.56	1.9082076416015625	1.3706109816029584	9.422496	0.1788342
128000	385.34	240	1127	316.43	3.31387939453125	2.3040199245015223	13.4878235	0.3712659
160000	387.69	241	1231	402.63	4.4999423828125	2.8253676993833476	16.077126	0.58324176
192000	391.7	241	1369	489.36	5.1063486328125	3.3415788804190303	19.33311	0.65497196
224000	441.46	240	1395	576.35	6.0548916015625	3.998469433733363	26.252726	0.7486289
256000	391.49	240	1387	662.3	6.61923046875	4.846443605882565	33.30032	0.7010909
288000	401.62	240	1242	749.78	6.93674169921875	5.275846162879941	43.090225	0.6305459
320000	333.03	240	956	838.32	7.1136484375	5.3735157834512774	32.63045	0.70052075
352000	326.82	240	955	926.46	6.880646484375	5.612815971061228	40.573097	0.7311644
384000	368.48	240	976	1015.1	6.60588818359375	5.11973681727147	34.245262	0.7634253
416000	404.67	240	1384	1103.58	6.24760888671875	4.637120520188148	27.095087	0.7290895
448000	450.73	240	1396	1191.88	5.83838232421875	4.256951575805156	25.010923	0.7352737
480000	406.28	240	1252	1280.4	5.8555966796875	4.469850388995139	31.726227	0.6562887
512000	402.82	240	1248	1368.52	5.114193359375	3.905368525544356	33.34697	0.64918196
544000	346.75	240	819	1455.68	4.8329150390625	3.5219041147864885	36.405296	0.5120257
576000	343.61	240	918	1541.39	4.86058740234375	3.6332231622727225	28.257072	0.67739487
608000	325.18	240	942	1628.2	5.02770068359375	3.6494608441693135	27.620304	0.72694635
640000	383.51	240	1252	1715.82	5.012671875	3.5883611771252903	22.397358	0.5957415
672000	263.22	240	715	1802.64	5.37332080078125	4.068320589859531	25.656971	0.74678946
704000	345.0	240	890	1888.49	5.9091865234375	4.332025769270654	35.845947	0.9100506
736000	341.65	240	812	1974.75	5.7811318359375	4.125888635342695	26.666994	1.0320222
768000	320.27	240	960	2061.09	5.949818359375	4.248301590783075	26.929401	0.86678064
800000	334.1	240	911	2147.08	6.44395068359375	4.809884232299671	29.255665	0.7974634
832000	302.04	240	811	2233.4	6.44112353515625	4.592806025459817	36.362637	0.922305
864000	281.44	240	821	2319.4	6.72950244140625	4.8858644961767	33.92292	0.8935846
896000	265.59	240	379	2404.92	7.49753515625	5.487424899827787	37.64195	0.7223695
928000	329.71	240	741	2489.86	7.503896484375	5.823360820866246	54.91311	0.73810184
960000	335.47	240	557	2575.49	7.915931640625	6.173889702812968	45.407536	0.9170501
992000	368.39	240	549	2661.07	7.89399853515625	6.058218849216328	36.207336	0.8619016
1024000	301.46	240	555	2745.99	8.2462939453125	6.872545584606915	49.74363	0.6360165
1056000	342.35	240	755	2831.76	7.741197265625	6.472751178015419	44.79763	0.67761505
1088000	412.43	252	632	2917.99	7.17721240234375	6.063566272211428	54.70146	0.7512971
1120000	440.35	240	733	3004.23	6.96443505859375	7.01480966865816	58.42312	0.72027063
1152000	327.82	240	919	3091.08	6.0180947265625	6.097872323605997	59.40444	0.71906525
1184000	417.06	240	744	3177.86	5.26659375	4.9225557068965715	34.39038	0.8027971
1216000	418.73	240	820	3265.0	5.3186669921875	4.728173743965528	31.268684	0.6081183
1248000	376.22	240	734	3351.23	5.177029296875	4.2631629799656965	28.894306	0.7572302
1280000	441.79	240	1379	3437.6	4.9019287109375	3.7734904887583856	25.144655	0.7887716
1312000	323.1	240	1397	3523.82	4.9531728515625	3.6426089015120744	28.247036	0.7318782
1344000	499.38	240	1406	3610.77	5.146337890625	3.887497111132367	29.498428	0.78468287
1376000	335.81	240	1403	3697.95	5.2204326171875	3.7031384493426653	29.337498	0.73595464
1408000	297.25	240	1249	3784.33	5.52453759765625	3.9667312779226678	28.689674	0.8292983
1440000	311.88	240	1392	3870.69	5.36779296875	3.861209331284695	26.97721	0.65730876
1472000	325.76	240	677	3956.86	5.2432099609375	3.70238626597766	24.300179	0.7696995
1504000	393.7	240	1400	4042.51	5.5915576171875	3.8360565791089423	29.594976	0.757419
1536000	408.19	240	1400	4127.83	5.699568359375	4.380584605320961	30.497417	0.7776409
1568000	360.34	240	963	4213.47	5.8626796875	4.605674149893803	45.17688	0.7014452
1600000	334.26	257	821	4299.08	6.3605859375	5.19039602896542	40.25104	0.7836129
1632000	383.32	257	816	4384.72	5.971603515625	4.5893827029078755	38.17935	0.74882126
1664000	330.9	257	555	4470.64	5.9996796875	4.540874261912567	34.59002	0.7962755
1696000	331.86	257	553	4556.75	5.94977734375	4.897552003297157	30.119247	0.5461833
1728000	323.1	240	822	4642.86	5.822791015625	5.046935564652079	32.208015	0.709289
1760000	308.7	257	820	4729.27	5.88266455078125	5.132971316036161	31.352642	0.6379183
1792000	411.37	240	825	4816.0	5.7574072265625	5.16203482317051	35.03062	0.67479336
1824000	303.56	241	810	4902.85	6.3290517578125	5.276106963235298	28.718266	0.53157675
1856000	303.27	240	782	4989.23	5.832326171875	5.091052966970585	41.988926	0.57623327
1888000	349.0	240	810	5074.89	5.63728173828125	4.939049203161475	32.08098	0.5087423
1920000	277.85	256	507	5160.36	6.45342236328125	6.04468839664213	46.48409	0.5243348
1952000	319.26	256	555	5246.39	6.55634814453125	6.265908503561156	46.98603	0.3392852
1984000	265.13	240	796	5332.64	6.69866748046875	6.138067374487673	36.665836	0.5788497
2016000	297.73	256	556	5418.04	6.49622607421875	6.260469356406116	37.014824	0.32299823
2048000	472.6	240	952	5503.1	5.94683349609375	6.2446868040959425	38.67293	0.3918358
2080000	448.78	240	993	5589.99	6.159923828125	6.044526191108779	39.88114	0.4278258
2112000	338.45	240	758	5675.59	5.88009228515625	5.420607380635495	34.47228	0.37302285
2144000	293.01	240	662	5762.01	6.64650146484375	6.095626954526499	36.678616	0.55440944
2176000	290.55	240	898	5848.49	6.25996435546875	6.0056948884995816	44.090164	0.4305356
2208000	300.59	240	960	5934.97	6.5836240234375	6.255227501358364	44.31887	0.5077979
2240000	407.56	240	943	6021.14	6.34657080078125	6.2378964052395105	47.62744	0.42126358
2272000	479.16	240	1085	6107.64	6.4103564453125	6.228249026612536	33.656467	0.71410406
2304000	363.39	240	1413	6194.16	6.0463408203125	6.01428735127862	38.61061	0.51082325
2336000	362.83	240	1408	6280.4	6.44265625	6.530946165181581	49.906754	0.64884603
2368000	441.48	240	1373	6367.21	6.5477021484375	6.662248764024802	39.357826	0.31257766
2400000	448.45	240	1401	6453.52	6.831384765625	7.351546393446756	39.948387	0.49564102
2432000	438.43	240	1241	6539.99	7.44843359375	7.915108426689429	48.951614	0.69119036
2464000	518.56	240	958	6625.74	7.8248720703125	8.100377113134918	55.591423	0.7465625
2496000	399.43	240	969	6711.89	8.4339365234375	9.002468845405687	62.73321	0.52720165
2528000	438.67	240	938	6797.7	8.1925546875	8.028748880974545	49.200108	0.7422428
2560000	401.15	240	1090	6883.95	8.0194130859375	8.257376437162108	70.14311	0.5781345
2592000	364.32	240	819	6969.13	7.40906640625	7.450010224405736	50.56272	0.4754539
2624000	472.57	240	1402	7055.01	7.3618154296875	7.142718101325293	46.23098	0.59887326
2656000	480.01	240	1424	7141.37	7.33927685546875	6.908717036740613	57.2763	0.4513759
2688000	428.03	240	1590	7228.07	7.14283203125	6.863847203828185	46.10605	0.3738774
2720000	304.24	240	957	7314.17	7.280728515625	7.263875999165322	42.979164	0.5165833
2752000	407.39	240	795	7400.23	7.4438671875	6.951517932257674	64.984085	0.491522
2784000	296.68	240	1532	7486.2	7.184935546875	6.919253030493971	51.380363	0.6955614
2816000	293.5	240	654	7572.56	6.66758349609375	6.239554083125652	42.045742	0.57448035
2848000	373.81	240	1608	7658.94	6.42557666015625	5.824218026911423	41.629368	0.6396667
2880000	407.06	240	1409	7745.17	6.59457421875	6.381666244994328	47.41954	0.60296917
2912000	430.65	240	961	7832.31	6.8313671875	6.448164709822478	43.55786	0.58770835
2944000	398.69	240	1510	7918.66	7.3699384765625	6.889308405964999	50.619164	0.77750504
2976000	426.59	240	1609	8004.93	7.1053828125	6.515241445545207	45.955776	0.703585
3008000	408.05	240	1508	8091.23	6.9458076171875	6.788790162834612	48.10537	0.6854601
3040000	529.5	240	1517	8177.28	7.63805078125	7.21750909247782	54.886963	0.63272583
3072000	442.72	258	964	8263.56	7.6144638671875	6.965330999852053	57.2724	0.6696696
3104000	576.27	258	1615	8350.6	7.4259033203125	6.7824768475461825	48.93064	0.61674297
3136000	643.27	240	1524	8436.9	7.7745478515625	7.337038954850928	57.18525	0.89537853
3168000	596.78	263	1510	8523.51	7.859908203125	6.836648713002592	45.58423	0.69359386
3200000	572.01	240	1244	8610.64	7.795181640625	6.792966261141005	45.462112	0.7491813
3232000	512.67	371	746	8696.69	7.89589453125	6.55582130390617	43.51022	0.65918636
3264000	491.01	322	959	8783.89	8.5318984375	7.421730656491112	61.207188	0.8329796
3296000	571.01	379	957	8870.8	8.1778369140625	7.006315231632103	57.542046	1.1211182
3328000	498.96	371	746	8956.79	9.0823447265625	8.319919621005962	51.03533	0.931043
3360000	568.84	367	1405	9043.03	8.0748681640625	7.324626163668696	58.24131	0.97352785
3392000	500.03	240	1403	9129.09	8.1619638671875	7.443288713666829	58.625458	1.0612193
3424000	543.18	364	1322	9215.21	7.8865654296875	6.984080390878243	77.5509	0.9119638
3456000	543.13	257	1291	9301.57	8.4560283203125	8.133700149685874	57.156033	0.9567644
3488000	595.15	240	1624	9388.3	7.73994775390625	7.491146858125263	56.660603	0.8572805
3520000	587.38	263	1488	9474.82	7.7587880859375	7.2429453824048675	60.34414	0.68181
3552000	623.12	263	1619	9561.29	7.904986328125	7.574286527868483	66.98259	1.123382
3584000	781.25	368	1783	9647.43	7.8743017578125	7.437119475559741	53.11	0.9555186
3616000	596.86	240	1256	9734.02	8.0765654296875	7.670540235211598	82.52196	1.0250547
3648000	534.08	375	820	9820.81	7.2380947265625	6.476951322767525	51.399445	0.9234974
3680000	559.25	240	964	9907.16	6.91448974609375	5.703098287608675	59.150085	1.0899355
3712000	579.39	240	961	9994.06	6.6107021484375	6.100584628746658	57.17622	1.0161011
3744000	708.49	240	1401	10079.91	7.272712890625	7.1198885173856485	97.725296	1.1790566
3776000	683.69	371	1411	10166.14	7.029078125	5.922495514983527	52.3854	1.1109805
3808000	650.2	258	1619	10252.84	6.890275390625	6.589625783665564	53.955566	0.63492334
3840000	553.55	240	1336	10339.47	6.6455498046875	5.493238919628838	38.651245	1.0105368
3872000	656.32	263	1316	10426.49	6.70186767578125	5.363556495577352	38.81397	1.1724524
3904000	648.73	267	966	10513.33	6.4390302734375	5.487211339218675	54.31474	0.9139047
3936000	663.59	367	1257	10600.18	6.8502978515625	5.9063753293581	55.50279	1.0970849
3968000	615.23	263	965	10686.16	6.3908359375	5.441250861474777	57.946815	1.2889416
4000000	618.14	257	1399	10772.16	6.582279296875	5.786543522475226	39.0101	0.830935
4032000	666.79	240	994	10857.86	7.2001083984375	6.467367605912007	50.097313	1.0821464
4064000	428.25	258	1609	10944.27	7.09937109375	6.465520933188602	38.840584	0.8272147
4096000	596.15	257	1396	11031.11	7.7291923828125	7.126842963402519	58.279526	0.85759246
4128000	644.53	263	1252	11117.12	7.65025341796875	7.262690939830773	58.556313	0.9394957
4160000	649.36	240	1255	11203.54	8.243833984375	7.373062510331104	66.379196	1.2155702
4192000	480.48	263	1179	11290.08	8.7815087890625	8.168140279463863	54.016514	1.1745858
4224000	545.65	257	968	11376.31	8.2343544921875	7.560703040640466	71.783646	1.2150929
4256000	518.69	257	1622	11462.36	8.836140625	8.951663602370232	88.14157	1.4174898
4288000	587.48	263	1611	11549.16	8.5348974609375	8.383658304254773	57.62784	1.1405005
4320000	661.11	257	1247	11635.85	8.77121875	7.880635384440775	52.434395	1.318573
4352000	445.34	257	1399	11722.29	8.720755859375	8.250586153419647	71.16475	1.1319478
4384000	349.6	257	955	11808.88	8.5653359375	8.455212889099835	64.75221	0.9778623
4416000	586.86	258	968	11895.28	8.3770078125	8.030729555121377	72.02919	1.2442882
4448000	522.07	258	961	11981.81	9.1634658203125	7.978086931949915	57.207443	1.144805
4480000	464.95	365	964	12067.8	9.38214453125	8.384994036968662	88.735916	1.7005048
4512000	512.93	263	1404	12153.49	9.03802734375	8.359916921686484	68.07662	1.4572172
4544000	525.94	258	1401	12239.38	8.752060546875	7.251670874270977	63.726578	1.2662709
4576000	645.82	258	1623	12324.63	8.579947265625	7.020142615627549	62.968483	1.4385381
4608000	572.21	257	1494	12411.46	7.7260947265625	6.022301976300258	58.119984	1.4290963
4640000	649.93	257	1179	12498.29	8.0952373046875	6.336947707690194	49.33718	1.4866793
4672000	834.07	258	1616	12583.9	7.75078466796875	5.252486390391697	48.032566	1.2506216
4704000	657.07	378	1267	12670.38	8.03458056640625	5.399674288498798	42.42833	1.3869071
4736000	743.83	258	1386	12756.7	8.4068359375	5.7058043363753725	35.62385	1.5360508
4768000	831.96	379	1405	12842.61	8.0408359375	6.063335316164693	61.481903	1.7179852
4800000	738.36	258	1402	12928.84	8.000146484375	5.595164101983515	43.781647	1.6703326
4832000	713.09	258	1418	13015.67	8.0201591796875	5.9840481307598115	46.158463	1.2567613
4864000	798.56	258	1428	13101.37	7.9139716796875	6.046938145665127	43.36447	1.2572722
4896000	492.81	258	1437	13187.65	8.07863427734375	6.362492939583509	54.8437	1.4172535
4928000	465.2	258	1244	13273.46	8.2294560546875	7.085353510940721	52.543316	1.3745909
4960000	511.97	240	974	13359.49	8.685458984375	6.579065995641023	47.759136	1.7806981
4992000	789.82	240	1404	13445.77	8.5553310546875	6.756383555571723	64.60054	1.6446898
5024000	669.33	240	1428	13531.4	8.576783203125	6.949155749082042	61.511597	1.6650497
5056000	791.23	257	1602	13616.48	7.666173828125	5.583202171189487	52.82866	1.3863857
5088000	796.83	258	1428	13701.65	7.91091015625	6.506146733090178	59.292282	1.3918862
5120000	621.85	257	1462	13786.93	7.8699609375	6.923767376761007	66.18103	1.4720402
5152000	854.73	263	1433	13873.04	7.79700732421875	6.473745353831119	50.429886	1.0099986
5184000	752.55	258	1399	13959.22	8.3370302734375	7.836161668029828	73.36748	1.5009956
5216000	958.5	258	1537	14045.85	8.097138671875	6.690104049078759	49.2974	1.2368205
5248000	973.3	263	1624	14132.31	8.5771484375	7.324852814220911	59.583855	1.2834959
5280000	802.98	258	1387	14218.78	8.4253994140625	7.29227277242836	62.002464	1.4283515
5312000	645.98	257	1419	14304.65	8.578986328125	7.261955121556453	72.37717	1.4929178
5344000	892.95	257	1426	14391.03	8.502498046875	7.309732382242184	79.521454	1.2459705
5376000	845.19	257	1418	14477.52	8.6878720703125	7.4251328376164425	51.143013	1.2349885
5408000	993.87	379	1625	14564.36	8.872103515625	8.184563404666127	80.54096	1.2210734
5440000	943.62	263	1428	14651.08	8.098212890625	6.891540330361566	67.01637	1.3530169
5472000	910.14	258	1632	14737.32	8.0007021484375	6.481632100597812	61.10637	1.1084675
5504000	864.63	263	1661	14822.82	7.9331884765625	6.961421875683875	60.45695	1.1001467
5536000	938.25	257	1476	14908.61	7.1444033203125	6.479869066964239	58.581787	0.868064
5568000	934.96	368	1558	14994.89	6.946845703125	6.3553029038748425	49.17827	0.9646859
5600000	937.28	259	1612	15080.48	7.433421875	6.74899066527729	62.067177	0.97015214
5632000	823.88	379	1493	15166.76	7.31672265625	6.293881577571984	58.785137	1.1870551
5664000	906.48	240	1690	15252.62	7.158947265625	6.034140175389531	48.22385	0.86363417
5696000	808.87	371	1606	15338.59	7.1061181640625	6.187556817920948	52.618553	1.040082
5728000	803.16	362	1403	15424.36	6.76183349609375	5.853369088610422	42.416157	1.046625
5760000	1035.9	362	1624	15510.94	6.8426123046875	6.356065631544407	49.54107	1.1619691
5792000	945.8	362	1617	15596.99	6.7576396484375	6.216339356888425	60.91187	0.7538734
5824000	829.24	259	1436	15683.46	6.5778544921875	5.934026944769462	50.605907	0.8538439
5856000	923.52	259	1617	15769.72	7.00144580078125	6.552704594287766	57.447468	1.1032691
5888000	766.01	240	1611	15855.97	6.49136328125	5.917708131637619	44.05416	0.8922681
5920000	818.09	257	1436	15942.42	6.7713046875	6.96000207659811	77.17412	1.0883371
5952000	629.42	263	1541	16027.96	7.1500478515625	7.0672591818717105	68.39433	0.9916551
5984000	936.58	267	1687	16114.82	7.21358935546875	6.389450533887871	53.798965	0.996791
6016000	1096.81	263	1617	16199.68	8.00482421875	8.488266257752523	76.66936	0.9973726
6048000	872.41	263	1437	16285.88	8.24035546875	7.7789439353938015	73.62868	1.0654281
6080000	1153.07	379	1621	16372.12	8.21635546875	7.559662174164927	73.911	1.0673113
6112000	923.56	554	1629	16458.17	8.575541015625	7.889880286639335	66.72677	1.1467793
6144000	852.24	263	1624	16544.78	8.943837890625	8.629643677464324	69.49655	1.1171112
6176000	844.25	240	1621	16631.05	9.5928203125	9.1628683418458	83.540764	1.0301894
6208000	607.61	240	1420	16717.92	9.24979296875	8.49335585914072	68.56492	1.2487292
6240000	812.98	371	1682	16804.53	10.4674736328125	9.993454889326314	80.18499	1.4398506
6272000	829.71	259	1523	16891.15	11.4828271484375	10.462861403554957	101.9887	1.4465127
6304000	823.16	240	1615	16977.3	12.02266015625	10.791842984402617	80.80811	1.2819116
6336000	863.84	385	1610	17064.05	11.362529296875	9.837199804822509	72.94701	1.2750089
6368000	898.34	259	1622	17150.52	11.523712890625	10.549410528555612	92.165504	1.2217994
6400000	796.03	263	1611	17236.76	10.9741259765625	9.750941460956476	112.052155	1.096854
6432000	995.18	379	1616	17323.86	11.6460654296875	10.821850725499775	76.96906	1.376704
6464000	1014.1	263	1626	17410.02	12.897263671875	11.475567796409901	88.638084	1.7122031
6496000	969.36	258	1891	17495.94	11.657359375	9.88312363640666	67.25799	1.5657598
6528000	883.88	257	2107	17581.54	11.7465556640625	10.135711926154965	71.53119	1.4928648
6560000	692.04	240	1616	17667.3	11.553181640625	9.544180982410172	80.87196	1.8186704
6592000	897.82	366	1767	17753.3	11.773021484375	9.825374515762745	83.83697	1.6065183
6624000	866.9	257	2122	17839.31	11.789259765625	9.752506088180617	94.6091	1.3454449
6656000	968.45	263	1931	17925.15	11.287431640625	9.198758408067906	67.568634	1.7898186
6688000	959.55	371	1972	18010.08	10.569599609375	8.155407523539212	58.612244	2.0575986
6720000	790.28	263	1832	18097.3	10.847205078125	8.96046350642644	71.82597	1.349453
6752000	1102.84	263	1819	18184.6	10.723919921875	9.271934297922954	92.62132	2.0435748
6784000	1082.18	258	1693	18271.25	9.987732421875	8.481204402972493	69.44481	1.6197968
6816000	964.01	558	1817	18357.46	10.18098046875	8.807996633031827	72.11457	1.2988486
6848000	1176.66	365	1624	18442.64	10.277001953125	9.10921236990334	98.78429	1.4802463
6880000	1183.42	385	1831	18530.28	9.9582734375	8.236139398255714	80.56321	1.719738
6912000	1075.64	367	1738	18615.65	9.398462890625	8.054049592829063	57.337803	1.4799001
6944000	888.72	259	1624	18701.57	9.951287109375	8.173419189665974	62.1019	1.4266922
6976000	901.28	378	1621	18787.16	9.73402734375	8.583672272838706	72.214355	1.400179
7008000	1242.43	259	2328	18872.19	9.5605224609375	8.258421364734303	76.71504	1.3603313
7040000	1288.98	258	1625	18957.53	9.611892578125	8.499535373330708	58.490562	1.1005104
7072000	915.15	258	1625	19043.46	10.109919921875	9.493020050937426	65.56027	1.104374
7104000	904.46	258	2126	19128.99	10.17487890625	9.27255442825762	64.84012	1.4833261
7136000	567.9	240	2130	19214.83	10.0471708984375	10.270487908322565	94.82994	1.1481826
7168000	906.13	258	2130	19302.13	11.2006328125	10.998761293891235	79.230965	1.3631923
7200000	1257.74	259	2092	19387.71	11.4330068359375	11.958279035881375	93.707405	1.1361411
7232000	1025.11	454	2022	19472.78	10.9326640625	11.24596385931415	91.4047	1.3417261
7264000	981.11	258	2133	19558.22	13.0130546875	13.688134688481115	98.0137	1.1078763
7296000	850.84	355	2135	19643.93	13.092708984375	12.942181520130214	100.37681	1.5663629
7328000	939.76	362	2314	19728.95	12.294734375	12.396639539609112	77.36371	1.4884722
7360000	1046.57	258	2125	19814.01	12.8710966796875	12.291829094971993	88.62455	1.1316059
7392000	762.75	258	2017	19899.41	13.613306640625	13.636285463791083	127.240295	1.3796452
7424000	1183.15	258	2312	19985.44	13.746400390625	13.895035646769676	104.36493	0.86186874
7456000	1058.28	263	2422	20071.09	13.94007421875	14.119564772860388	124.24104	0.77496654
7488000	985.82	257	2138	20156.75	15.187361328125	16.448397528330837	104.243256	1.4750025
7520000	977.39	257	2310	20242.19	14.254708984375	16.45469537852342	160.25792	1.5560653
7552000	975.81	330	2320	20327.78	15.2349873046875	17.587540867045625	148.49461	1.2116865
7584000	853.95	263	2323	20412.84	16.256818359375	18.88649484420018	141.00998	1.2508128
7616000	1263.56	257	2331	20497.88	15.418806640625	17.51763754049044	131.05022	1.3581121
7648000	901.64	258	2322	20583.67	14.58013671875	16.813163555678628	134.72304	1.4112203
7680000	1004.07	258	2330	20669.69	15.76169140625	19.62532483807593	204.55212	1.7213228
7712000	894.5	259	2322	20755.07	16.609212890625	19.585930856101783	134.60905	1.5695469
7744000	803.28	258	2019	20840.16	15.7720263671875	17.367620735149647	148.97781	1.3639042
7776000	726.86	369	1812	20925.2	16.75560546875	18.838862757608275	159.24382	1.8424759
7808000	920.5	257	2110	21010.51	17.84090625	17.776260503829256	119.45974	1.6426668
7840000	1145.77	258	2329	21095.4	15.625916015625	15.729843252556588	138.16911	1.5888271
7872000	1048.6	258	2128	21181.12	15.7931904296875	15.075096392726648	116.84189	1.6409569
7904000	1003.5	358	2130	21267.13	14.4386943359375	13.694379549654668	103.039276	1.8460816
7936000	982.0	258	2312	21353.0	14.425091796875	13.875249997747789	135.1678	2.0013657
7968000	935.07	258	1621	21438.03	13.623609375	12.559029371332802	105.90123	1.7579256
8000000	1090.18	258	2329	21523.8	14.876955078125	14.100054299540835	109.065796	2.1768823
8032000	1121.83	258	2332	21609.45	14.16257421875	13.669468716815588	111.48692	1.5539474
8064000	1050.47	258	2105	21696.07	14.6301630859375	13.838374520694257	112.3474	1.7364942
8096000	1047.11	263	2009	21781.71	13.935322265625	12.579602785859338	86.47785	2.3070157
8128000	862.57	258	2009	21867.9	14.346892578125	12.65364448489051	100.37442	2.079876
8160000	1314.35	367	2326	21953.72	13.76003125	12.183168461036727	99.7111	2.2643983
8192000	1283.51	258	2328	22039.66	13.79149609375	13.433158601014133	114.38385	2.0667794
8224000	1171.07	258	2330	22126.5	13.6159541015625	12.558230617805998	104.418686	2.4864752
8256000	1220.91	259	2319	22212.68	13.0432451171875	11.762620881419243	88.299774	1.8366667
8288000	1201.18	258	2315	22298.58	11.4887236328125	10.458329515271547	106.26582	1.7522936
8320000	1156.53	240	2020	22384.74	11.7274501953125	10.880296124187062	89.60736	2.1506667
8352000	1151.0	258	1813	22470.67	11.7808486328125	9.989468673307906	75.40621	1.5987716
8384000	1125.22	362	2314	22556.34	11.3566298828125	10.545737438652642	85.936356	2.081527
8416000	1276.01	351	2313	22642.28	11.138541015625	9.803842518370029	68.35783	1.7487059
8448000	1153.66	257	2238	22728.3	10.781072265625	9.445575187620921	76.531334	1.6798375
8480000	1164.38	259	2117	22814.15	10.587595703125	9.451234211731292	74.821846	1.9861674
8512000	1293.92	364	2129	22901.24	10.5687021484375	10.39513482957292	103.55017	1.891417
8544000	907.38	258	1811	22986.41	10.710544921875	10.321656540982168	118.51736	1.7665589
8576000	910.68	240	2321	23072.39	11.11930078125	10.212227658547375	93.1243	1.2780261
8608000	985.18	240	1829	23158.24	11.224294921875	10.75297415253101	99.4377	1.7652024
8640000	1054.4	240	2325	23244.22	11.04292578125	9.80034478028707	110.75505	1.66835
8672000	1001.5	241	2126	23329.86	11.353365234375	10.789703569839164	140.97835	1.4656463
8704000	1107.57	241	2123	23415.79	11.4429814453125	11.462561341166293	129.96687	1.497192
8736000	1162.28	241	2325	23501.45	11.6626953125	9.975015272544699	83.167435	2.0181842
8768000	1262.41	240	2674	23587.85	11.579255859375	9.887618520149328	77.33474	1.4879007
8800000	1151.45	240	2125	23675.7	12.422923828125	11.439365285058432	92.10577	1.5566866
8832000	1320.34	240	2329	23763.03	11.552810546875	9.669004925533962	112.19293	1.6668355
8864000	1334.93	240	2131	23848.94	11.407427734375	11.090504807041022	89.34134	1.57847
8896000	1209.28	240	2115	23935.81	11.4272734375	10.608735345223765	97.51162	1.4054633
8928000	1390.81	258	2327	24021.99	10.7052890625	10.34982374547992	118.72979	1.4210055
8960000	1350.4	240	2325	24108.53	10.859625	10.787195824216782	95.61367	1.3571179
8992000	1375.42	263	2312	24194.35	9.953447265625	10.450622364840287	131.84915	1.3606225
9024000	1314.86	374	2007	24279.95	10.72281640625	10.434091883700278	92.67693	1.4211421
9056000	1428.16	372	2515	24365.96	10.13149609375	10.37243492387395	114.881226	1.5133332
9088000	1454.02	554	2319	24451.22	8.894888671875	8.171599063218899	74.43495	1.1573787
9120000	1387.8	440	2131	24536.69	8.2906357421875	9.478996930714768	133.08284	1.3200427
9152000	1288.63	263	2317	24624.66	8.10551171875	8.306435287624891	81.41606	1.2440884
9184000	1372.22	376	2317	24711.4	8.0454765625	9.054400259680373	96.120026	1.3225857
9216000	1329.26	258	2019	24796.8	7.81185546875	8.729847328275564	133.2944	1.1780897
9248000	1357.57	257	2239	24883.2	7.551244140625	8.289872397992626	78.892	1.0485641
9280000	1280.78	343	2303	24969.07	7.77603173828125	9.154455882246634	83.38006	0.9501317
9312000	1398.03	408	2126	25055.3	7.18530224609375	9.092924790737026	122.75526	0.6994862
9344000	1381.5	263	2237	25141.62	6.72906103515625	8.092025395412449	86.79063	1.2040253
9376000	1195.45	263	2237	25227.38	6.93196044921875	8.173646676973503	88.59241	1.0964074
9408000	1392.37	263	2330	25312.93	6.653162109375	7.439148451771882	85.80421	0.78731626
9440000	1295.06	258	2302	25399.08	7.404060546875	8.56039937736552	125.43943	0.96536547
9472000	1354.05	372	2323	25484.43	7.1477763671875	9.288232642704424	147.01791	1.1599357
9504000	1228.8	362	1807	25569.57	8.00519384765625	9.380108608113234	99.1268	1.2066392
9536000	1280.05	258	2327	25654.28	7.0606953125	7.993142080089656	123.088196	1.0711657
9568000	1224.17	258	2237	25739.32	7.30078955078125	7.587784179192236	96.14605	0.9984014
9600000	1281.63	381	2315	25824.64	7.3766435546875	8.014972317481826	94.434525	1.299193
9632000	1253.6	258	2328	25909.69	7.9142734375	9.07957787427367	120.76912	0.96943015
9664000	1373.48	259	2123	25994.44	7.50094970703125	7.661117330389869	80.6691	1.4029503
9696000	1079.98	258	2005	26079.07	7.61017578125	7.862163148587035	74.72288	1.1317627
9728000	1273.66	258	1720	26163.6	8.12135595703125	8.174824634969243	92.33294	1.2319759
9760000	1366.63	258	2315	26248.7	8.6112041015625	8.95437654864927	102.93004	1.14554
9792000	1349.53	371	2331	26333.82	8.473111328125	8.934185574242344	96.137634	1.2091815
9824000	1343.26	372	2571	26419.43	7.40231005859375	7.654209677115594	87.74045	0.85180247
9856000	1129.79	372	2331	26506.16	8.382890625	9.585924332713043	120.79211	0.9232904
9888000	1171.6	258	2126	26592.75	7.7182490234375	7.023000994500143	67.94968	1.1940906
9920000	1219.55	258	2326	26678.8	7.8829736328125	7.348248090531511	69.47212	0.9112656
9952000	1355.11	371	2320	26766.1	7.94320361328125	7.8326078731001205	85.34289	1.185355
9984000	1278.38	259	1826	26852.19	7.4090107421875	7.407094361151342	58.15612	0.8946881
10016000	1331.8	259	2132	26937.81	7.59683935546875	7.859243164898259	105.44524	0.94208074
10048000	1393.0	258	2545	27022.62	7.2836845703125	6.704762766123794	100.06336	1.0971807
10080000	1381.86	258	2322	27107.4	7.452390625	8.33538438300838	130.11885	0.94576174
10112000	1334.16	258	2318	27192.61	7.0043828125	7.012218131590032	92.0349	1.0020573
10144000	1277.3	263	1952	27278.16	7.0454384765625	7.65372483868149	83.69382	1.138056
10176000	668.03	372	1805	27363.17	7.266919921875	8.398483401037357	97.52169	0.8415359
10208000	1057.44	371	2021	27448.89	8.5019111328125	10.306561168741007	117.76686	0.9562684
10240000	1279.34	386	2134	27534.87	9.049091796875	9.910318565137047	81.52311	1.0802689
10272000	1307.57	263	2131	27621.35	9.384048828125	10.975200026650995	94.37465	1.3436345
10304000	1321.48	258	1934	27707.18	9.212615234375	10.980663402090057	126.13811	1.2529677
10336000	1363.5	386	1831	27792.81	9.4574638671875	11.382915171980331	124.2191	1.1767797
10368000	1412.38	386	2132	27878.48	10.256322265625	12.707987153754917	139.04318	1.3551216
10400000	1355.2	372	2304	27965.03	9.526140625	11.086424341847104	103.78085	0.84827024
10432000	1245.62	259	1913	28052.36	8.9862314453125	11.079991468295452	121.60023	1.0043876
10464000	1154.76	372	2019	28138.48	9.0938330078125	10.37063839042708	120.0799	0.76923716
10496000	963.01	372	2133	28225.06	9.470578125	11.539779027347102	131.3248	0.9480595
10528000	884.36	263	2095	28310.72	10.417375	11.807140980144176	110.262955	0.95804304
10560000	1184.18	366	1833	28397.16	10.2767998046875	13.256963971814965	146.50227	0.8869412
10592000	1111.97	264	2021	28483.25	10.9564208984375	14.431523654832846	162.53558	1.0562851
10624000	874.93	383	2127	28569.01	10.911453125	13.407707671335917	107.59018	1.112791
10656000	1159.89	352	2126	28654.81	11.0896015625	14.25785967457949	134.33722	1.1545799
10688000	841.66	366	2125	28741.05	11.1670732421875	13.290606997989219	136.278	1.0293264
10720000	1085.76	382	1887	28827.25	11.394162109375	14.128358007921515	118.13979	1.0829542
10752000	847.96	253	1694	28913.24	11.3668330078125	13.782078489835994	103.06575	1.0804605
10784000	1146.9	372	2311	28998.64	11.63058203125	13.679199537984669	115.293785	0.8398515
10816000	1104.73	372	2215	29083.98	12.434771484375	15.508188361314161	129.21342	1.1655939
10848000	954.38	257	1813	29169.98	10.14958203125	12.632108147494622	135.79935	1.0350171
10880000	1025.81	257	2243	29256.02	12.29894921875	14.533897877032162	127.605774	1.0671384
10912000	979.9	253	2119	29341.12	11.451146484375	13.663880305389096	109.33418	0.89465475
10944000	854.9	372	1728	29427.35	12.95066796875	15.350809221340743	148.59695	1.1003098
10976000	1147.38	372	2586	29513.09	13.77873828125	15.863593342934633	130.39845	1.101753
11008000	1145.28	372	1949	29597.51	12.45487109375	14.32927564899915	112.7027	0.70398474
11040000	1083.41	257	2234	29681.67	12.4785859375	14.972016605988653	127.86943	1.3564014
11072000	1041.44	257	1804	29766.49	11.3658017578125	12.704563648547714	79.48056	1.427532
11104000	993.36	263	1948	29851.2	13.336720703125	15.930325836278428	131.02534	1.1131063
11136000	790.57	253	1697	29936.54	12.60237890625	14.533612442369584	118.375336	1.424348
11168000	973.74	264	1828	30021.52	13.42026171875	16.403589546193846	149.19525	1.6657097
11200000	981.31	258	2235	30106.51	13.082982421875	15.051341302355748	117.25702	1.2702433
11232000	683.34	258	2119	30192.11	13.1162734375	15.666217635409001	141.91098	1.4962397
11264000	1262.41	357	1831	30277.64	13.96701171875	16.843789656725118	131.87689	1.4501512
11296000	801.99	257	1695	30362.92	14.6414638671875	16.71214846301935	150.5251	1.4065132
11328000	985.7	362	1828	30448.89	13.21740234375	14.896191837177716	153.69992	1.631968
11360000	1064.84	253	1942	30534.22	13.22055859375	15.149651398629606	171.13242	1.3376094
11392000	1180.08	257	1830	30618.88	14.2441484375	15.47327433835515	138.08968	1.3696685
11424000	1302.66	257	2020	30704.83	13.4642861328125	15.48911815598293	145.23296	1.6271166
11456000	1228.87	240	2131	30790.52	12.891033203125	12.884141172387084	135.342	1.3958908
11488000	1157.99	258	1948	30875.82	12.7345361328125	13.657678701009187	112.607025	1.4295537
11520000	1037.38	372	2017	30959.75	12.7728876953125	14.197834892158733	118.74079	1.7439842
11552000	1204.46	372	2238	31044.7	12.6968564453125	13.32183710116589	95.26996	1.4928674
11584000	877.78	259	2002	31129.31	13.693765625	15.250293029971589	113.26754	1.5113002
11616000	1056.45	258	2226	31214.23	13.1805927734375	14.801892826594848	122.3273	1.5862715
11648000	963.73	263	2135	31298.95	12.90734375	13.965415989149768	110.13407	1.5938592
11680000	1029.58	370	1909	31384.17	13.0324765625	14.404098809019604	123.00594	1.933545
11712000	950.54	372	1795	31470.12	12.9054375	14.809191613656703	178.78246	1.6907774
11744000	1122.64	75	2347	31555.79	11.5371005859375	13.461469900237493	144.77151	1.9816078
11776000	1253.45	372	1833	31642.13	11.4660078125	12.96639406311562	94.307846	1.352226
11808000	1099.4	370	1832	31727.29	10.258732421875	11.808221447364543	115.92191	1.5484422
11840000	1042.23	263	1824	31812.77	10.4844453125	10.991258245191949	97.59828	1.653655
11872000	1036.61	263	1833	31897.85	10.2826708984375	12.129195150544822	115.801025	1.7217938
11904000	1152.21	364	2139	31982.7	9.435005859375	9.456028582999313	70.44688	1.4448836
11936000	1087.1	75	2316	32068.15	9.9139130859375	10.983188147118303	119.754715	1.266866
11968000	1086.82	258	2498	32153.19	9.613087890625	10.998563116380248	148.74178	1.3774157
12000000	961.39	253	2333	32239.11	10.6026318359375	11.761317023403459	116.0678	1.3849161
12032000	1129.98	371	2124	32323.59	10.625080078125	11.17530480568651	100.06247	1.5384514
12064000	1113.54	333	2307	32408.94	9.8144052734375	9.89856918322037	86.765114	1.9079584
12096000	1157.36	368	2571	32494.32	10.1333974609375	10.322636684733217	104.25539	1.4632957
12128000	1141.91	372	1833	32578.77	10.59848828125	11.799476286047614	111.79313	1.6695833
12160000	1307.7	383	1833	32663.56	10.67978125	12.465166464993558	133.86865	1.4500759
12192000	1309.33	253	2418	32749.47	10.1763828125	11.653170839947382	122.757225	0.991909
12224000	1206.28	259	2571	32834.99	10.625134765625	12.180154196478794	107.89959	1.2359453
12256000	1128.04	368	2019	32921.1	9.9736474609375	13.79742616396261	292.86926	1.4603813
12288000	1157.19	259	2327	33006.38	9.185052734375	9.837162875417892	108.490326	1.3852333
12320000	1231.25	366	2252	33092.01	10.329625	11.617601812551506	98.205574	1.7697241
12352000	1127.06	253	2321	33177.23	9.913583984375	11.908733664836072	127.50947	1.567353
12384000	1303.98	366	2224	33262.86	9.4268720703125	12.517253717369478	157.77124	1.0367279
12416000	1309.97	258	1984	33347.87	9.9410859375	13.363839385633158	135.33452	0.948282
12448000	1262.66	253	2129	33432.55	9.397484375	11.294608088596966	119.55705	1.592041
12480000	918.3	240	2517	33517.74	9.16825	11.607107197747421	99.98471	1.138597
12512000	1043.55	240	2238	33602.36	9.39583984375	12.414082225440591	105.08386	1.1182526
12544000	1115.73	258	1833	33685.91	9.6787470703125	13.285964751383318	173.97653	1.256424
12576000	1066.7	258	2422	33769.91	9.155515625	13.057411090066822	102.17481	1.0236509
12608000	1314.28	354	2422	33854.32	9.79960546875	15.011688154568093	138.9005	1.1313922
12640000	1257.95	259	2321	33938.93	10.56358203125	15.454960773162771	142.57416	0.7643216
12672000	1308.98	360	1950	34024.19	9.9599013671875	16.139062666400424	161.39705	0.9779261
12704000	1227.04	240	2761	34109.29	8.8567216796875	13.261195741711981	135.63615	0.986356
12736000	1157.77	264	2231	34194.49	9.4847373046875	13.175496907137886	134.21375	1.3566287
12768000	1226.2	259	2325	34280.75	8.947984375	12.474671213102171	135.19142	1.2319824
12800000	1070.11	367	2316	34365.94	9.962546875	12.37975161301712	107.288086	1.2102482
12832000	1129.22	257	2094	34450.81	10.20851171875	12.901617510025632	113.26945	1.4286878
12864000	1200.89	368	2347	34537.4	10.691390625	13.342400107364492	130.41371	1.1971971
12896000	1179.25	369	2318	34622.94	10.4055234375	12.420971429401163	103.30667	1.3419137
12928000	1214.94	240	2122	34708.37	10.87115234375	14.184895135319119	151.27328	1.2909876
12960000	1150.02	253	2325	34793.12	10.750412109375	12.80259678248909	112.776566	1.1853414
12992000	1215.64	240	2758	34878.66	10.933748046875	13.646536877537832	169.2444	1.4619701
13024000	1335.62	242	2267	34963.49	10.29307421875	11.51299876769732	126.4721	1.5241022
13056000	1132.24	242	2312	35048.11	11.65229296875	15.413444314136928	151.74399	1.27168
13088000	841.35	240	2518	35132.77	11.062263671875	12.074136873913597	116.106155	1.8658373
13120000	1278.58	240	2571	35217.72	11.20633203125	12.611878081792577	136.99521	1.5037239
13152000	1214.03	240	2322	35302.99	10.783638671875	12.21696694151212	147.49504	1.4950616
13184000	972.96	240	2240	35387.92	11.9641572265625	14.360677647659946	165.0542	1.0142994
13216000	1211.73	240	1832	35472.32	12.702962890625	14.880036962319684	155.91975	1.3598026
13248000	1125.01	240	2023	35554.26	13.082794921875	16.124265971665192	167.62915	1.641898
13280000	1061.46	242	1830	35638.28	12.678208984375	13.306879095039529	105.30562	1.724404
13312000	925.91	240	2328	35721.95	12.89971875	14.837819078287753	177.24765	1.2546958
13344000	989.32	240	2124	35806.73	13.964921875	15.714906339205461	146.74646	1.6280093
13376000	1237.96	240	1832	35891.96	14.0541181640625	17.058381371044558	186.37794	1.6487257
13408000	1230.16	240	1998	35976.18	13.065884765625	15.000533323852189	189.19109	1.4157166
13440000	1013.51	240	1833	36060.75	12.61225	14.57009994818155	130.7772	1.3865638
13472000	1071.44	240	2237	36145.31	13.2011953125	15.147321339101511	164.56274	1.4794562
13504000	1235.65	240	2125	36230.91	12.62462890625	12.426864799699077	123.79943	1.2463458
13536000	1145.46	240	2318	36314.6	13.35245703125	15.059247574165184	185.82452	1.5323668
13568000	1379.67	240	2245	36399.83	13.61601953125	14.841994896239521	164.34831	1.6073457
13600000	1183.01	240	2829	36484.35	14.254150390625	15.40190379871917	145.61234	1.619409
13632000	1222.16	378	1832	36569.05	13.8592255859375	14.599455255248396	144.73602	1.6678216
13664000	1037.65	257	2019	36655.27	13.285826171875	13.982248790877668	146.25516	2.2844415
13696000	1097.97	240	2528	36742.26	13.262607421875	13.8374627370772	116.42417	1.8634644
13728000	1303.44	382	2044	36827.73	12.4516572265625	14.288928734338343	126.55333	1.6690371
13760000	1310.67	240	2044	36913.0	11.55137109375	12.243214319573108	122.40227	1.8457837
13792000	1249.98	242	2237	36997.57	11.567947265625	14.497811796095299	159.79788	1.4224167
13824000	1154.72	240	2022	37081.82	12.0527060546875	14.576641738583	137.67014	1.8146884
13856000	1297.34	257	2319	37165.96	11.41395703125	15.594134514297355	275.88138	1.4234042
13888000	1278.07	258	2240	37250.84	11.278751953125	12.294071233728882	138.20836	1.438853
13920000	1200.44	241	2233	37334.88	11.496080078125	16.45087668636538	234.2275	1.4402411
13952000	1438.31	241	2324	37419.45	11.25065234375	14.776826240773085	226.66817	1.2473909
13984000	1368.99	371	2750	37504.42	10.380412109375	12.855111459065611	194.95135	1.4453347
14016000	1469.74	372	2668	37588.35	10.6911572265625	14.675976330384293	160.71834	1.4787602
14048000	1317.72	257	2571	37672.23	9.9929091796875	12.157108902818958	137.06993	1.0271033
14080000	1376.33	258	2240	37757.17	8.92210546875	10.333898254047211	94.69879	1.1147007
14112000	1439.31	263	2324	37843.45	9.2613056640625	11.141458681990432	100.65605	1.2030394
14144000	1470.11	263	2238	37928.98	8.8954228515625	11.089941247590088	104.83942	0.7497382
14176000	1592.11	387	2333	38013.6	8.1998779296875	9.96335629946054	92.98677	1.3886869
14208000	1519.12	258	2319	38098.98	7.817611328125	10.840403301999423	137.95703	1.1257565
14240000	1305.96	257	2194	38183.66	8.2461279296875	11.440667594157258	156.42955	0.97523713
14272000	1534.76	443	2313	38268.27	7.68617529296875	8.30812290773313	75.349625	1.1418544
14304000	1522.05	372	2240	38353.25	8.31277734375	10.177513893996903	105.80291	1.2586462
14336000	1424.3	259	1835	38438.54	7.618259765625	11.045940289309915	146.92934	1.1272349
14368000	1388.41	258	2315	38524.05	7.60186376953125	8.918291421286927	101.20485	0.94558537
14400000	1547.99	257	2571	38609.41	7.9500361328125	10.550172910312892	143.32596	1.0725504
14432000	1409.48	401	2481	38694.36	6.843580078125	8.190987806730028	116.4647	0.9458387
14464000	1488.55	258	2567	38779.09	6.850408203125	7.61195400340806	99.650154	0.8872876
14496000	1486.7	258	2425	38864.04	6.8380849609375	7.382251202207901	75.67172	1.0597824
14528000	1353.36	258	2005	38948.1	7.3717880859375	10.123060771081047	161.33566	0.93004483
14560000	1218.24	257	2318	39032.33	7.77704736328125	10.092387678963783	111.815834	1.2019187
14592000	1285.33	367	2072	39117.03	8.08461962890625	11.337129266264895	129.67403	0.9691149
14624000	1437.58	258	2128	39201.74	7.4742294921875	10.43019654656613	154.62773	0.93583584
14656000	1371.97	258	2121	39286.89	8.2671982421875	12.674060616077233	166.63716	0.9483908
14688000	1325.05	371	2237	39371.47	8.289978515625	11.71634942078803	117.6438	0.81774426
14720000	1286.2	386	2324	39456.31	7.86671533203125	10.216434370659853	105.11699	1.0403235
14752000	1282.09	370	2669	39542.1	8.1071826171875	10.938864200638017	111.367874	0.7045233
14784000	1317.17	368	2549	39629.31	8.4775322265625	12.70130652728293	155.54709	0.9263575
14816000	1172.49	258	2319	39715.3	7.77009716796875	9.979387349682344	102.52694	1.0899369
14848000	1271.56	368	2652	39800.48	9.01528515625	13.332987169985577	156.37051	1.1673698
14880000	1421.02	258	2669	39886.86	8.5726328125	12.692151241022934	160.6187	1.0284414
14912000	1384.68	257	2669	39971.0	8.68833203125	12.115286057291424	106.05996	1.2188188
14944000	1401.23	368	2330	40055.7	8.26049609375	12.87410676513132	200.71387	1.1221693
14976000	1436.51	368	2330	40140.21	8.6069716796875	12.496311955933239	147.02132	0.9247289
15008000	1584.66	257	2493	40224.79	7.8340205078125	10.085935055189479	149.76454	1.1755636
15040000	1364.31	263	2320	40308.84	8.1925859375	11.843292537339437	141.36525	1.3056066
15072000	1400.4	379	2465	40393.98	8.274671875	11.55889741173439	113.89227	0.9616961
15104000	1275.35	257	2518	40479.05	7.8331044921875	12.331921231097771	242.48038	1.0503755
15136000	1150.85	371	2550	40564.35	8.31484375	12.473840752751336	142.25885	1.3188465
15168000	1273.68	259	2130	40649.41	9.230896484375	13.095216206691664	151.89833	0.915101
15200000	1543.97	257	2215	40736.48	8.975646484375	12.107526713784281	160.76266	1.1059574
15232000	1587.72	258	2327	40821.01	8.4751796875	11.416540905633369	151.78792	1.2701787
15264000	1501.58	258	2327	40905.73	8.75112890625	11.798528774809173	127.72792	1.2019625
15296000	1500.77	263	2547	40990.46	8.314853515625	11.211185820420603	152.01584	0.9319313
15328000	1404.92	253	2650	41075.15	8.2230546875	11.914398458377997	164.32512	0.72470784
15360000	1490.73	253	2306	41159.94	8.33399609375	11.440015092319591	159.56961	0.945861
15392000	1381.08	257	2330	41244.6	7.8057939453125	9.086338474600206	86.458664	1.0022554
15424000	1314.24	386	2330	41328.74	7.9451064453125	10.483361445047098	152.54425	1.0475069
15456000	1196.15	362	2419	41413.0	8.6371064453125	10.890212061755271	105.272385	1.0650954
15488000	1050.2	253	1695	41497.88	8.60253515625	11.550384192744412	119.76538	1.1347777
15520000	1277.71	368	2328	41581.71	10.147349609375	13.99551937228483	150.10458	1.04955
15552000	1146.34	443	3048	41666.01	10.3433515625	12.853274145135162	129.08775	1.2505958
15584000	1155.67	368	2571	41751.09	10.4789677734375	13.168002173830319	97.12168	1.2628556
15616000	1499.87	368	2651	41836.99	9.336509765625	12.134659811877711	128.65189	1.3037946
15648000	1367.54	257	2331	41921.9	10.24530859375	14.22993323947797	175.59433	1.236136
15680000	1311.51	257	2421	42008.56	8.698892578125	12.041606905849402	133.4032	0.9668163
15712000	1387.56	256	2423	42094.19	8.3031806640625	11.07545392692778	114.46467	0.8869522
15744000	1164.45	368	2320	42178.68	8.315939453125	12.858601206974264	149.0403	0.97828496
15776000	1078.99	257	2331	42264.17	7.3717548828125	9.053573189630711	79.43211	0.6515695
15808000	1387.72	257	2670	42349.37	9.028546875	13.054480792049908	114.57229	1.1887077
15840000	1515.33	257	2670	42434.45	7.045275390625	8.58382608820216	80.890816	0.9683175
15872000	1614.33	257	2517	42519.4	7.1979619140625	9.443400059697778	111.73465	0.7559445
15904000	1695.28	362	2518	42604.78	7.212720703125	10.682069161098893	129.73373	0.7906829
15936000	1439.56	263	2571	42689.49	7.55539111328125	10.691273456656134	130.78656	0.66757476
15968000	1344.25	263	3044	42774.34	7.8666328125	11.095396004649857	115.45514	0.8183943
16000000	1587.5	263	3044	42859.08	7.32125390625	10.631895923940377	139.8423	0.9093004
16032000	1732.2	386	3016	42943.23	7.2334423828125	10.42829159666146	110.62936	0.7972208
16064000	1655.58	257	3045	43028.52	7.4242197265625	9.037713949749682	79.07307	0.694718
16096000	1625.7	257	3045	43114.32	8.20375	10.042123001387704	91.35548	0.93844473
16128000	1581.28	257	2672	43198.54	8.426701171875	11.688567464621146	135.41455	0.8560369
16160000	1680.08	263	2672	43283.61	8.1881982421875	11.003158637409532	115.45264	0.9013905
16192000	1706.08	366	2670	43371.08	8.9230234375	11.113366459471225	91.26072	0.5430418
16224000	1560.98	257	2670	43456.95	7.6691376953125	9.490561100377574	101.41841	0.9777832
16256000	1442.47	259	2571	43541.77	9.154919921875	12.660583517358116	122.285675	1.0903273
16288000	1458.5	368	2654	43627.03	8.89983203125	11.719317652918194	97.008545	1.0451939
16320000	1410.5	258	3047	43711.8	9.7234560546875	13.374859812349436	134.39314	1.2848308
16352000	1445.88	258	3047	43796.18	10.560599609375	13.867784723055085	102.86071	1.4109886
16384000	1564.82	367	2670	43882.31	9.6015556640625	12.107498967582034	92.37828	1.2952156
16416000	1266.76	263	2571	43968.75	10.0755703125	13.781484975321057	116.190025	1.486268
16448000	1312.45	263	2571	44053.98	10.03617578125	12.96821956746569	136.4981	1.3683813
16480000	1319.53	258	3049	44138.5	10.130609375	13.934180097874435	158.91641	1.1399384
16512000	1461.94	370	2643	44222.56	11.3403271484375	15.276972049460587	152.89224	1.2940822
16544000	1394.17	367	2643	44306.35	10.718947265625	13.758248662166272	131.15872	1.4211316
16576000	1477.83	367	2549	44390.95	9.7063271484375	12.350952645443995	112.98136	1.2218379
16608000	1495.71	257	2757	44475.73	10.894865234375	15.09377976187542	171.95648	1.161929
16640000	1280.07	258	2645	44560.4	11.0778984375	15.085970821428763	151.33507	1.1668671
16672000	953.52	258	3037	44644.8	10.89159765625	16.182554263774307	163.21982	1.1491488
16704000	1115.97	257	3047	44731.28	11.301912109375	16.088166264369598	178.37253	1.2447455
16736000	1427.08	75	3047	44815.98	11.776703125	16.061794731598333	177.88786	1.3077435
16768000	1487.01	75	2571	44901.32	12.421576171875	16.467961318876117	187.98701	1.7412603
16800000	1271.44	258	2671	44986.18	12.934630859375	17.38342511560941	218.91917	1.8143227
16832000	1258.87	75	2668	45071.62	11.791115234375	15.105401041514918	146.93736	1.3783267
16864000	1002.42	338	2680	45157.4	10.932373046875	12.52619567646139	158.33679	1.4051561
16896000	1159.43	364	3046	45243.3	12.79939453125	14.989023588112737	152.1276	0.9433507
16928000	1294.32	263	2676	45330.97	13.749291015625	17.604259960305065	184.57472	1.5931106
16960000	1459.3	263	2679	45415.87	13.911470703125	16.895665124522324	143.12827	1.5602067
16992000	1062.64	357	2671	45501.35	12.9983359375	13.386917587704797	106.04367	1.8109105
17024000	1220.34	263	2673	45585.84	12.72009765625	14.052822225446388	128.49908	2.1127841
17056000	1124.22	263	2670	45670.36	12.95694140625	15.506250755743634	164.63754	1.834054
17088000	1087.03	253	2680	45755.28	13.257994140625	16.199951774619578	142.87769	1.7937354
17120000	1275.43	253	2680	45840.54	13.9257138671875	15.258891362907072	136.95822	1.6023883
17152000	1551.46	253	3053	45927.26	14.6379453125	17.30324843056933	168.66226	1.4529257
17184000	1614.62	257	3034	46013.42	13.4499521484375	15.172010619888189	166.85582	1.2690592
17216000	1547.02	257	3034	46099.56	12.296365234375	14.356081028609443	148.38869	1.7607678
17248000	1675.21	257	3034	46185.56	12.287033203125	14.707306326278786	143.02917	1.6835501
17280000	1685.51	253	2673	46269.94	11.938111328125	13.516263351977129	133.64691	1.4710534
17312000	1595.09	258	2671	46355.4	11.8542060546875	15.160927371041655	152.92906	1.5647868
17344000	1691.88	253	2671	46440.77	11.649171875	13.587600620602593	120.86831	1.6273406
17376000	1754.19	253	2671	46527.52	11.2064873046875	13.679443405160898	144.20712	1.4218683
17408000	1564.12	258	2672	46612.77	11.9177490234375	15.031026245735852	189.60422	1.3909011
17440000	1723.07	258	2687	46696.94	10.362857421875	11.438412531903191	105.37739	1.273282
17472000	1616.46	258	2828	46781.82	11.458291015625	13.702951894573665	110.52992	1.1862311
17504000	1565.88	258	2655	46866.11	10.9870703125	14.279030735662698	195.83168	1.3496974
17536000	1717.94	263	2655	46949.84	10.794640625	12.563976903234103	139.63853	1.4676017
17568000	1791.72	258	3047	47034.06	9.8754912109375	11.492347997689594	103.68867	1.360188
17600000	1733.45	258	3047	47118.73	10.080001953125	11.576415950111675	104.023834	0.87267303
17632000	1732.58	258	2672	47203.34	9.447658203125	11.21607837269783	103.06487	1.3954686
17664000	1616.06	362	2677	47288.67	9.51744140625	11.549698994995497	103.170135	1.3371892
17696000	1424.43	258	3044	47374.76	10.341720703125	12.988539419426651	161.68732	1.1852657
17728000	823.02	385	2667	47460.66	9.909052734375	10.665326779452188	111.39638	1.0389228
17760000	1137.83	259	2571	47545.51	10.50045703125	13.194329392773247	139.15648	1.210546
17792000	1407.5	259	2767	47630.35	12.2809814453125	16.254121592691497	179.19925	1.507617
17824000	1502.06	368	2767	47715.08	12.093529296875	15.114863338780143	156.76549	1.3641458
17856000	1423.89	368	2767	47800.21	11.219912109375	14.05602406443586	157.04701	1.2380226
17888000	1437.88	263	2766	47885.29	11.46715234375	14.195110293689162	119.2092	1.4088271
17920000	1476.97	257	3016	47970.09	11.214703125	13.982548274545666	126.667496	1.7911794
17952000	1733.36	257	3050	48055.07	11.379390625	14.5404059864228	131.10045	1.2077458
17984000	1699.53	257	3052	48140.63	13.0635673828125	16.54872257154612	135.88525	1.9411063
18016000	1682.14	257	3027	48225.7	12.7875205078125	16.977650750324674	128.32661	1.4664823
18048000	1775.59	263	3027	48309.98	10.3676474609375	12.6810352988232	145.95712	1.354984
18080000	1776.46	263	2765	48395.31	12.09654296875	14.778263176029855	121.00888	1.670787
18112000	1717.85	362	3038	48480.51	12.1807744140625	15.590707368493579	137.69298	1.5251342
18144000	1672.26	362	3038	48565.58	13.17699609375	15.44093686438747	154.61848	1.5298879
18176000	1594.31	371	2817	48650.52	14.163693359375	17.925502085018426	175.94095	1.6575149
18208000	1529.13	383	2770	48736.07	12.011646484375	14.1426792016223	121.82824	1.2159799
18240000	1592.91	362	2770	48821.34	11.900505859375	15.218758983570243	199.46892	1.9700308
18272000	1248.83	259	2760	48907.24	12.7420185546875	14.739538663065408	123.1016	1.6009278
18304000	1227.71	375	2766	48992.18	12.1702900390625	16.339974946431223	187.54099	1.3727714
18336000	1190.85	358	2571	49076.88	11.778017578125	14.74292150067279	198.99173	1.626976
18368000	1399.74	370	3034	49163.05	13.311865234375	16.63533701191533	150.68346	1.8472466
18400000	1484.01	257	2670	49248.05	13.45675	16.326753351478057	189.86377	2.1473155
18432000	1568.96	259	2767	49333.45	12.666984375	17.054232429224133	237.9798	1.8573862
18464000	1427.82	258	2663	49418.78	14.9022587890625	19.486519378791073	164.28894	2.1347818
18496000	1700.48	259	2767	49503.99	13.4197822265625	16.431092857749906	153.06528	2.2041085
18528000	1792.78	371	2766	49587.89	13.123486328125	15.070593261381584	142.87665	2.0637734
18560000	1457.02	259	2766	49672.15	13.906013671875	17.483470765268546	140.95334	1.48777
18592000	1525.52	258	2766	49756.83	15.13629296875	19.583144857249053	144.16763	2.180231
18624000	1536.21	258	2766	49841.33	13.74973828125	16.527280478045988	149.43817	1.1719602
18656000	1675.66	362	2687	49925.75	13.756330078125	16.570910128897566	152.80121	1.6690631
18688000	1541.01	258	2767	50011.69	12.6586552734375	15.32723780561912	142.23462	1.9899364
18720000	1600.54	263	2675	50096.99	13.9833359375	17.464535493393463	206.79745	2.243313
18752000	1491.14	258	2762	50181.91	14.2611015625	17.09845022216926	170.21184	1.4458914
18784000	1618.73	258	3053	50266.87	13.465140625	17.03281758840856	241.32286	2.1336894
18816000	1721.98	359	2826	50352.27	14.6982451171875	17.138741749323373	141.03055	2.2376351
18848000	1722.7	257	2767	50437.87	13.60866015625	14.68613663885094	121.75923	2.0555005
18880000	1748.43	257	2765	50522.15	12.952033203125	14.734076150203649	151.58679	1.9508326
18912000	1793.55	257	2770	50606.68	12.69223828125	14.270618854835973	144.93045	2.0615008
18944000	1576.69	257	2761	50691.69	12.41243359375	15.492497176052671	176.98965	2.0599818
18976000	1503.1	367	2767	50776.61	12.343458984375	15.3209981520461	119.04094	1.7718127
19008000	1317.74	263	2766	50861.35	11.908841796875	15.67291852208771	201.36751	1.602665
19040000	1454.3	263	2766	50945.43	12.269767578125	15.302913836096707	157.06612	1.9298706
19072000	1426.26	240	2649	51029.4	12.51455859375	16.267281195700775	167.78238	1.9365766
19104000	1765.88	257	2687	51114.1	12.3677685546875	16.503648270912706	160.91881	1.9304423
19136000	1658.11	749	2766	51199.29	12.83266796875	15.974749117748297	177.04918	1.7060015
19168000	1657.61	362	2770	51284.37	12.79575390625	15.134422684727687	165.10226	1.8325462
19200000	1800.24	362	2667	51368.53	13.01137109375	16.506421099075354	168.45052	2.0314865
19232000	1706.27	257	2767	51454.1	11.6301826171875	13.95417220314412	158.16313	1.4762425
19264000	1754.3	258	2670	51539.76	11.86323046875	14.064373208572077	134.006	1.954223
19296000	1842.55	365	3049	51624.07	10.70965625	13.085513220733835	198.11244	1.6068275
19328000	1789.55	365	3052	51708.91	11.19142578125	14.69607196668552	183.33615	1.5164604
19360000	1876.26	356	3052	51796.75	11.1642421875	15.637162266536727	187.1006	1.1362904
19392000	1888.45	258	2935	51881.43	9.6430380859375	12.408967271695095	154.39662	1.4356744
19424000	1793.51	258	3052	51967.24	10.034708984375	14.63685096767744	161.42075	1.5100826
19456000	1383.4	370	3041	52054.89	11.1294228515625	15.369341946713268	151.64258	1.4813256
19488000	1359.54	258	3041	52143.23	10.189833984375	13.212494087037467	143.93118	1.3188174
19520000	1414.55	258	2766	52229.13	11.034630859375	14.815609378287483	139.76901	1.0112882
19552000	1302.06	257	2767	52313.06	10.741181640625	12.77882464763485	145.29776	1.6396384
19584000	1551.19	362	3052	52398.14	11.183888671875	13.685558081422913	150.80354	1.667305
19616000	1534.68	362	3048	52482.66	10.884072265625	13.926170282960065	147.9592	1.4929414
19648000	1597.98	362	3048	52566.94	10.3926875	12.441780670386374	155.24475	1.7952604
19680000	1666.18	257	3049	52651.21	10.5183603515625	13.649453400228158	140.8005	1.5755574
19712000	1312.28	240	3043	52736.41	11.6559404296875	15.680499434010384	224.19548	1.4538801
19744000	1362.28	362	2764	52821.98	12.496189453125	16.743548197738733	188.29352	1.760563
19776000	1577.44	240	2763	52907.33	10.508771484375	12.681950756882792	138.17355	1.4161936
19808000	1514.86	240	2763	52989.59	11.438892578125	14.649377119864175	180.56854	1.1231792
19840000	1304.7	257	3044	53061.59	12.2923359375	16.893384430006915	176.83531	1.7287055
19872000	1335.83	257	3044	53127.26	11.44788671875	14.819327013228367	178.85103	1.6698067
19904000	1390.75	369	2767	53189.28	12.0574697265625	14.121122255330842	157.307	1.5561032
19936000	1657.72	263	2767	53252.06	10.82890234375	11.79860955790978	137.89624	0.86756337
19968000	1784.94	263	2767	53316.16	13.3881953125	18.335452339661543	189.02121	1.6440098
20000000	1811.19	362	3047	53377.97	11.30615625	14.553561097717632	136.15884	1.2724671
