TotalEnvInteracts	AverageEpRet1	MinEpRet	AverageEpRet	time	Averageloss	Stdloss	Maxloss	Minloss
32000	353.08	256	1022	72.31	0.3303661366119227	0.2570932834455344	2.053071	0.014795916
64000	374.02	246	889	154.86	0.9029253540039063	0.8360267548728816	5.6608157	0.10033784
96000	380.32	241	929	244.03	1.9451396484375	1.4464905671788877	10.079662	0.16935228
128000	376.04	241	1381	333.72	3.43210693359375	2.442228586506595	17.165604	0.3143168
160000	325.83	240	839	423.2	4.70763037109375	3.2842536847242783	20.175507	0.47425616
192000	369.04	241	1064	511.45	5.74685498046875	3.6769122363404327	26.963139	0.71130204
224000	364.37	240	934	601.1	6.3547138671875	4.3540933506586645	30.20377	0.6571539
256000	351.67	240	1409	691.31	6.2873896484375	4.4385650130419405	30.420088	0.8220122
288000	344.44	240	966	782.01	6.44708544921875	4.5950193824400785	32.88931	0.7710351
320000	341.08	240	908	871.39	6.5687939453125	5.134364158539984	32.75949	0.7442269
352000	352.72	240	1231	961.08	5.6368935546875	4.310884434704206	24.54294	0.7283406
384000	360.98	240	900	1050.13	5.182208984375	4.2883615661316385	33.67783	0.60788965
416000	293.32	240	812	1138.35	4.732455078125	3.6299949423174134	21.91909	0.5904206
448000	306.94	240	809	1225.94	4.1320439453125	3.2376520234577404	21.80661	0.54673886
480000	397.38	240	943	1313.52	4.03359814453125	3.0539913688892444	20.159218	0.48144066
512000	347.76	240	1393	1401.03	3.633001220703125	2.7366176517509713	17.354511	0.39166325
544000	407.49	240	905	1488.92	3.522442626953125	2.553717897038796	17.40617	0.44976383
576000	378.4	240	1233	1578.06	3.490494140625	2.5565790015969094	16.7358	0.34414995
608000	385.13	240	819	1666.62	3.52841455078125	2.63627341146551	20.353134	0.34491274
640000	369.74	240	756	1754.92	3.568054931640625	2.4136382110959587	15.434139	0.5409343
672000	339.93	240	903	1844.4	3.8171982421875	2.8278218932875263	22.448887	0.5882733
704000	349.85	240	1378	1934.66	3.902908447265625	2.931824637171364	20.934475	0.67175776
736000	299.35	240	905	2026.78	4.34523095703125	3.0673036306339156	21.683693	0.8574808
768000	289.8	240	720	2119.29	5.0907685546875	3.4461289423786803	26.204338	0.8602859
800000	335.92	240	1235	2209.71	5.53685107421875	3.5653072820761187	21.284199	0.6770879
832000	253.46	240	548	2301.21	5.9315048828125	3.7974800186686304	26.38521	1.0063325
864000	327.75	240	556	2391.14	6.4882705078125	4.294839517883642	32.388184	0.7441242
896000	286.95	240	745	2481.53	6.77097412109375	4.720285553133942	37.802223	0.7520565
928000	305.35	240	821	2571.11	7.512037109375	5.460432603626749	31.80104	0.72506654
960000	267.85	240	623	2660.52	7.73763525390625	5.989954481254427	35.78193	0.8652222
992000	291.05	240	745	2750.08	8.443509765625	6.811537489344825	50.280807	0.92933506
1024000	320.69	240	820	2841.4	7.66147216796875	6.2626880585536115	38.94412	0.9072285
1056000	496.99	240	1400	2932.02	7.76370654296875	6.574819686215737	44.09149	0.8439467
1088000	379.14	240	959	3020.75	7.87895654296875	7.123133527458263	52.48079	0.63231635
1120000	275.13	240	900	3108.33	8.3933798828125	7.852382450966712	52.546223	0.8502517
1152000	308.12	240	800	3197.06	7.6505556640625	7.460416899376335	56.970203	0.7132556
1184000	300.19	240	863	3284.78	7.5256630859375	8.083451459617976	55.8155	0.5582137
1216000	344.0	240	959	3371.18	7.85753515625	8.85763838799598	84.92342	0.6714168
1248000	302.87	240	815	3459.32	7.6498466796875	8.244024824835257	52.760925	0.42454156
1280000	340.65	240	958	3547.33	6.57659423828125	7.2467595128788425	54.088127	0.6728487
1312000	344.0	240	897	3633.55	6.13733349609375	6.357130592885441	41.077496	0.4607279
1344000	374.29	240	559	3719.67	5.62031201171875	6.228477944088748	55.21951	0.5967083
1376000	350.2	240	814	3806.91	5.5195166015625	5.6415797322204	40.478024	0.6138396
1408000	484.25	240	1253	3894.72	5.2491962890625	5.224678892644983	33.503483	0.5305042
1440000	380.81	240	813	3982.9	5.5174404296875	5.379284992566391	36.445915	0.5632676
1472000	295.86	240	819	4070.79	5.64683984375	5.274603065634418	40.65129	0.87751985
1504000	400.16	240	820	4156.41	5.69508251953125	5.368858773636163	34.32184	0.67509586
1536000	464.15	257	1228	4242.53	6.23651611328125	5.562622014111241	42.261826	0.7703237
1568000	505.26	240	1032	4330.11	6.72705859375	5.796626847788289	47.78244	0.82584286
1600000	392.26	240	1234	4416.98	6.7502607421875	5.768503515860938	32.33987	0.9264936
1632000	292.49	240	1447	4503.88	6.908537109375	6.118229038087738	42.593468	0.86016643
1664000	452.71	240	1486	4590.28	7.0108720703125	5.927959110752199	38.568474	0.62241393
1696000	330.98	240	807	4677.58	7.003080078125	6.326583299854669	59.26682	0.9342833
1728000	336.02	240	821	4764.44	7.066912109375	6.6257664650966985	42.41146	0.7855146
1760000	311.42	240	627	4852.69	7.6309541015625	6.966434592924848	54.693584	0.91002154
1792000	303.27	240	724	4941.74	7.3141806640625	6.473731475644476	51.318314	1.0162221
1824000	346.58	240	733	5030.41	7.44853271484375	7.020101717567916	45.93119	0.8352369
1856000	277.22	240	730	5120.23	7.36821875	7.09397741926206	48.581085	0.92779195
1888000	298.3	240	631	5208.03	6.797958984375	6.654354777136548	37.077484	0.7025507
1920000	460.5	240	956	5295.84	6.4802109375	6.262287608673846	40.315907	0.8052582
1952000	251.94	240	616	5386.74	6.2372197265625	5.684574968995044	38.40604	0.96200836
1984000	297.89	240	968	5477.6	6.3433955078125	6.266486380939481	45.854744	0.79734325
2016000	296.24	240	709	5568.19	6.4571474609375	6.020211725408833	48.00882	0.84718823
2048000	312.34	240	947	5659.29	6.23887353515625	5.915312491745469	44.5582	0.83472717
2080000	287.6	240	815	5750.66	5.6753623046875	5.387215588490496	43.610245	0.7833061
2112000	351.73	240	717	5838.93	5.93538671875	5.470634318225812	36.721607	0.7255441
2144000	348.5	240	1398	5929.28	5.68998828125	5.688528238096828	51.92375	0.65016925
2176000	362.73	240	951	6017.91	6.2381611328125	6.221057360891314	34.218864	0.68702966
2208000	449.25	240	914	6106.39	6.028087890625	6.1828044051627575	38.486553	0.46745753
2240000	429.01	240	964	6193.71	6.7119169921875	6.587560187106452	42.48785	0.7217163
2272000	497.13	240	1075	6280.61	6.47929638671875	6.2526413168756125	40.64231	0.7489809
2304000	506.83	240	955	6367.14	6.83590771484375	6.367977136618818	32.89412	0.7843535
2336000	410.44	240	955	6455.32	6.17300732421875	6.322922707300794	51.781982	0.68189186
2368000	505.68	240	1389	6542.94	6.6617216796875	6.272581705326763	43.175613	0.85082924
2400000	390.06	240	955	6630.23	7.012646484375	6.278901924301733	39.145805	0.8231131
2432000	382.99	240	821	6718.39	6.8048115234375	6.289066653725336	43.266926	0.7267956
2464000	339.22	240	1414	6806.93	6.8750712890625	6.129575459401735	38.8912	0.7865183
2496000	274.97	240	808	6894.85	7.168638671875	6.006608339986885	42.896336	0.7119187
2528000	361.83	240	1090	6982.15	6.724876953125	5.894664563187629	44.499935	0.5967552
2560000	320.86	240	656	7069.22	6.14767822265625	5.870866231869025	40.77632	0.7409143
2592000	371.46	240	1246	7157.41	6.14844580078125	5.486489442826806	33.64899	0.8600911
2624000	427.93	240	1076	7244.72	6.471908203125	5.661565527197403	40.34576	0.54955983
2656000	368.42	240	1383	7333.5	6.8926123046875	6.082017551766848	37.587856	0.8030384
2688000	364.53	240	816	7422.22	6.67198486328125	6.0163033708416	39.339622	0.78465533
2720000	363.26	240	954	7510.74	6.739845703125	6.160149145921712	47.88432	0.78552216
2752000	336.2	240	1395	7598.62	6.615107421875	5.9203891605619985	37.613415	0.70253325
2784000	463.99	240	900	7686.07	6.482666015625	6.165436990291118	43.07931	0.6333657
2816000	474.56	240	974	7774.07	6.4269111328125	6.253113911784272	51.26997	0.7432965
2848000	483.51	240	1228	7860.68	6.4856796875	6.293914781854772	54.116135	0.8479538
2880000	402.4	240	1250	7949.1	6.1292197265625	6.0319345466442185	46.452793	0.6499293
2912000	414.41	240	1408	8037.05	6.37075927734375	6.25246201507854	45.26656	0.7674377
2944000	427.93	240	1514	8124.6	6.63735205078125	6.015275801553075	36.658268	0.70788336
2976000	542.75	240	943	8214.17	7.155880859375	6.748598812901831	33.85265	0.847022
3008000	348.44	240	1380	8301.72	7.67279541015625	6.91210102826919	51.362545	0.9632342
3040000	386.74	240	1332	8390.64	7.4904697265625	6.537886580348423	44.040306	0.9083251
3072000	374.94	240	1335	8477.85	7.833384765625	7.125082784606787	47.75893	0.81099945
3104000	474.14	240	1078	8563.85	8.0336318359375	7.8417497449548845	63.076393	0.8070655
3136000	541.84	240	1326	8651.22	8.531974609375	7.713018114687661	47.06378	1.150003
3168000	652.63	240	1415	8739.3	8.2905888671875	7.445884979302326	45.929123	0.8032342
3200000	748.28	240	1620	8827.24	9.0490849609375	7.7066580386701995	47.389473	1.1857218
3232000	802.93	258	1619	8915.68	8.823931640625	7.508061292703996	46.486023	0.9079415
3264000	717.14	263	1400	9003.21	8.542791015625	7.38426536630422	49.876358	0.9022409
3296000	738.3	240	1529	9090.2	8.8654384765625	7.684241179192647	51.699356	0.8810071
3328000	679.52	240	1614	9177.31	9.20903125	7.623071733641892	47.338837	0.7188313
3360000	582.46	240	1390	9264.41	9.6139453125	8.986082555123785	71.38339	0.9378158
3392000	661.39	240	1534	9351.05	9.662943359375	8.154441849384911	54.628292	0.8047937
3424000	553.21	240	1565	9436.87	10.369765625	8.778108868799704	68.496254	0.98814666
3456000	523.18	240	1517	9523.54	9.75601171875	8.759038189207763	52.43792	0.9716161
3488000	647.54	257	1537	9609.32	9.572806640625	8.363418297861228	60.94047	0.8796913
3520000	434.76	257	1523	9695.76	9.792650390625	8.373623954119267	53.516754	1.1422355
3552000	698.21	263	1396	9780.46	8.948939453125	7.847859481253471	52.393436	0.90607655
3584000	436.55	257	1540	9866.94	8.97241796875	7.836300994809349	69.11507	1.1472523
3616000	522.89	240	1411	9953.24	9.02057421875	7.6144363300903635	46.60453	0.91600245
3648000	581.74	257	1421	10039.81	8.876251953125	7.3926335801255565	57.745205	1.3907071
3680000	538.76	343	971	10126.03	9.560837890625	8.321727491182346	68.06349	1.4106107
3712000	383.84	240	716	10212.67	9.1526552734375	7.841334787521829	48.369057	1.061588
3744000	351.47	240	821	10300.0	9.1466787109375	7.492820522006382	58.020226	1.1104118
3776000	382.01	240	984	10387.15	9.301984375	7.985049995929894	63.807915	1.0079875
3808000	352.18	240	814	10474.53	9.057212890625	7.378670167279467	54.74637	0.86003155
3840000	509.62	240	909	10560.88	8.817029296875	6.857537766483682	45.176754	0.9416188
3872000	595.56	240	961	10647.26	9.354572265625	7.648119407328183	54.967422	1.0366554
3904000	612.25	240	1386	10734.6	9.56241015625	7.820570331663798	63.768707	1.239454
3936000	570.27	240	974	10820.36	9.562435546875	7.90324053395188	65.479576	1.1258422
3968000	526.09	240	958	10906.71	8.951671875	7.587861399959807	61.11303	1.2484653
4000000	764.61	240	1309	10993.15	8.9857490234375	8.150136597781659	57.377808	1.03199
4032000	582.87	240	1622	11080.24	8.6632763671875	7.799288579335298	54.44146	0.73286206
4064000	529.81	240	1404	11167.63	8.4601142578125	7.508641896175366	57.703384	0.78430146
4096000	443.25	240	1419	11255.36	8.609818359375	7.704240411130743	56.758797	1.2859839
4128000	554.28	240	1561	11343.43	9.0256923828125	8.253640295348472	63.0683	0.97939736
4160000	613.59	240	948	11431.18	9.5023505859375	8.934538845122338	103.54857	0.8397976
4192000	602.0	240	1620	11518.73	9.3968974609375	8.672708180695347	67.25218	1.1109656
4224000	452.67	240	969	11607.22	9.7249921875	8.680883271591664	67.28051	0.8641689
4256000	437.98	240	956	11695.75	9.7520205078125	8.435653501655933	69.82613	1.1358228
4288000	480.47	240	1523	11782.79	10.6444462890625	9.877785208486769	92.614456	1.1527909
4320000	480.98	240	943	11869.51	11.155662109375	9.322324515645226	71.00513	1.2096885
4352000	563.88	240	1537	11956.27	11.462984375	10.722351800094977	78.28987	1.5527306
4384000	513.07	240	1480	12043.5	10.775595703125	9.340901321607031	78.960434	1.3795743
4416000	445.68	240	1606	12132.63	11.56053515625	10.79392045319957	79.066216	1.2510269
4448000	333.28	240	1512	12219.08	10.96276953125	10.253554642781205	68.158424	1.1073484
4480000	501.09	240	1425	12306.44	11.832837890625	10.848350249000998	74.53249	1.3188376
4512000	460.25	240	1397	12393.86	11.48848828125	10.51912989510064	81.93638	1.4119778
4544000	599.79	240	1425	12480.35	12.34814453125	11.248127969244482	68.31924	1.3612936
4576000	676.18	240	1616	12567.15	10.700892578125	9.199152474548946	62.52933	1.1330423
4608000	734.69	240	1614	12654.11	10.59759375	9.700424443033407	87.19643	1.2914766
4640000	717.74	240	1432	12741.19	10.886435546875	9.475145942147805	63.274803	0.92925936
4672000	623.52	240	1619	12827.78	10.2420390625	9.481710189886632	72.649414	0.97615373
4704000	624.6	240	1544	12914.53	10.6530771484375	9.422545270520063	67.139015	0.8560872
4736000	714.4	240	1493	13001.24	10.632275390625	10.05457801513818	102.714096	0.97734964
4768000	810.2	240	1621	13088.0	11.246466796875	9.718790594770525	64.8701	1.0898185
4800000	655.67	240	1419	13175.52	11.765869140625	10.330749004791473	74.753006	1.1461415
4832000	484.26	240	1619	13262.76	11.8739921875	9.53230035196122	61.43917	1.0533863
4864000	724.48	241	1417	13350.25	10.629666015625	8.397096317328986	65.96724	0.8649
4896000	687.42	240	1611	13437.38	11.7713671875	10.696540766761935	75.37179	1.2114911
4928000	636.03	240	1611	13524.47	11.9516923828125	9.927808560427623	70.26396	1.3094481
4960000	565.73	240	1402	13610.48	12.7694921875	10.844084649014873	79.83447	1.4847188
4992000	515.42	240	1612	13697.3	12.89563671875	11.007720656997979	82.22949	1.1165705
5024000	611.19	240	1614	13783.48	13.413314453125	10.519923062931591	68.00605	1.3933271
5056000	796.12	240	1420	13869.69	13.0468779296875	11.702049767027997	75.83241	1.3262783
5088000	762.15	240	1403	13957.33	13.58898046875	10.884463554764654	76.04354	1.036917
5120000	596.38	240	1417	14046.08	13.4508212890625	10.907476292089752	85.007904	1.4937752
5152000	673.86	240	1616	14134.22	13.5502109375	10.233421806756526	89.80705	1.5623608
5184000	662.93	240	1492	14222.96	13.4404013671875	10.17786277294993	82.20795	1.5645629
5216000	659.59	240	1487	14310.52	12.4834375	9.293678126823632	74.36672	1.0694057
5248000	598.94	240	1412	14399.27	12.2120419921875	9.430624979289549	62.704086	1.4962614
5280000	786.4	240	1401	14486.2	12.3256650390625	8.938492077805966	63.958427	1.2163997
5312000	772.55	240	1431	14572.3	12.76266796875	9.559155869505425	69.168144	0.98159766
5344000	677.78	240	1608	14659.89	12.59803515625	8.788411225870123	61.175682	1.6070575
5376000	762.15	257	1528	14745.41	11.883392578125	8.554782562257207	71.64151	1.5002956
5408000	659.45	263	1179	14832.48	10.970515625	8.1838756290953	63.355995	1.6858559
5440000	744.22	257	1421	14920.07	10.54319140625	7.534436307299306	52.935234	1.2461649
5472000	710.3	263	1424	15007.42	9.869666015625	6.912795540698423	45.536697	1.4991083
5504000	522.43	263	1763	15095.58	10.240548828125	7.086209097606421	55.3067	1.37564
5536000	702.24	257	1408	15181.9	9.366552734375	7.162173312794099	66.21008	1.537868
5568000	744.5	257	1614	15268.62	9.345580078125	6.8368778281829785	79.75067	1.5644968
5600000	700.2	257	1419	15355.7	8.624060546875	6.46037985048093	59.600163	1.328622
5632000	803.94	240	1622	15443.41	8.1638564453125	5.813746170177195	45.5161	1.140477
5664000	864.13	440	1430	15529.91	8.441693359375	6.191949473409001	44.492714	1.4084642
5696000	761.18	257	1418	15616.8	7.88846875	5.736243735015101	52.56621	1.2366014
5728000	903.24	240	1428	15702.47	8.0103583984375	6.360631786131783	57.971573	1.2564899
5760000	933.13	263	1609	15789.2	7.7342646484375	5.6077750155476105	42.08609	1.1887481
5792000	847.86	258	1418	15876.18	7.9509072265625	5.839228866040446	42.968258	1.2881091
5824000	758.68	241	1489	15962.44	7.78307568359375	5.801191957261887	41.76236	1.1227014
5856000	842.58	362	1400	16049.13	7.544826171875	5.8862578307444196	48.829567	1.1689867
5888000	889.47	240	1623	16135.78	7.82319140625	5.717733003833337	46.735172	1.361223
5920000	870.27	363	1417	16221.62	7.951744140625	5.920482191088831	58.161697	1.4774461
5952000	706.26	240	1402	16307.58	7.641736328125	5.5486428520855435	60.616673	1.5386853
5984000	800.54	240	1427	16394.21	7.8756328125	5.654591435008811	44.71676	1.6396179
6016000	792.58	240	1424	16479.56	8.202205078125	6.046333470583639	43.822044	1.3530148
6048000	774.42	363	1425	16565.98	7.89445263671875	5.819273606946146	48.907158	1.2736543
6080000	881.24	361	1405	16651.55	7.76628125	5.8339309217713575	63.627132	1.1928165
6112000	861.7	240	1578	16737.84	8.08916015625	6.653389056526005	61.67676	1.2279402
6144000	815.68	257	1428	16824.19	7.9800859375	6.697343223249051	66.063	1.3625398
6176000	734.31	257	1427	16909.61	7.6931357421875	5.989624818696911	56.970764	1.2481779
6208000	757.35	240	1423	16994.76	8.1938671875	7.359358412932475	76.94436	1.3327818
6240000	798.35	264	1565	17080.95	8.361591796875	7.418538328909544	56.63807	1.2510293
6272000	866.15	253	1614	17168.02	8.7375048828125	7.227326885249483	58.09715	1.294013
6304000	848.26	253	1601	17255.73	8.446373046875	7.629689643917373	84.38365	1.4351014
6336000	1010.63	256	1674	17342.44	8.713181640625	7.759000821626455	66.01414	1.3256426
6368000	846.84	240	1428	17428.27	8.5388642578125	7.367342422814349	67.59331	1.2433529
6400000	807.52	240	1621	17514.02	8.9779755859375	8.345340204269686	78.763084	1.2792623
6432000	735.59	359	1596	17600.5	8.05758642578125	6.908927082948553	81.673134	1.0261413
6464000	763.15	240	1425	17688.07	9.045798828125	8.199915681731124	70.26121	1.451227
6496000	811.75	240	1620	17774.73	9.283486328125	9.83169778064806	122.8817	1.3207598
6528000	776.84	240	1621	17861.33	9.244978515625	8.159230298410506	78.622345	1.3812366
6560000	679.15	240	1417	17949.23	9.3998115234375	8.912375525077476	72.125145	1.1561669
6592000	884.82	240	1623	18036.23	9.07890625	8.682443672434621	84.11699	1.4356717
6624000	698.53	240	1620	18124.05	8.833431640625	8.091639444899284	81.55259	1.4586525
6656000	608.62	240	1619	18212.11	9.9696005859375	9.303057293169811	81.61574	1.1183815
6688000	676.47	240	1420	18299.26	9.932298828125	10.3389751063633	109.2771	1.319352
6720000	863.73	240	1689	18386.35	9.722833984375	10.157624137808998	102.036354	1.3639754
6752000	691.11	240	1424	18473.32	9.5328369140625	9.256561861728144	106.68464	1.6327484
6784000	728.09	240	1622	18559.91	10.264048828125	11.08776000258844	110.435196	1.4120262
6816000	826.39	257	1423	18646.71	10.922806640625	12.282130693613384	104.76111	1.4724429
6848000	967.92	240	1431	18732.62	10.769560546875	12.040678448492843	106.64816	1.7513055
6880000	814.06	240	1426	18820.17	10.092841796875	10.341051007392817	126.30759	1.64082
6912000	821.48	240	1436	18905.7	11.348380859375	12.111402169030637	109.96944	1.7934326
6944000	879.85	240	1422	18991.93	10.914521484375	10.01610422020458	74.518425	1.3999469
6976000	821.14	240	1431	19078.78	10.24862890625	10.355919955513368	91.50343	1.5146871
7008000	835.56	240	1423	19164.51	9.740048828125	9.127084522179029	89.17176	1.584341
7040000	845.33	240	1490	19250.99	10.16848828125	9.23707416136192	81.0525	1.7895904
7072000	740.62	240	1430	19337.66	10.452435546875	10.423836116085095	118.16262	1.0200102
7104000	831.3	240	1691	19424.96	10.0907890625	9.987322432714386	96.91797	1.4679804
7136000	768.62	240	1426	19512.1	10.5337841796875	10.238482477276602	90.41209	1.3254933
7168000	688.21	240	1429	19598.85	11.711966796875	11.83260920613032	134.8677	1.2277873
7200000	737.32	240	1420	19686.71	12.070765625	12.785569257956409	98.1925	1.6024952
7232000	833.31	240	1787	19772.9	12.349734375	13.302139160676376	112.349754	1.5265917
7264000	877.59	259	1425	19859.77	12.3646953125	13.369323561796236	127.78501	1.0916951
7296000	652.23	240	1422	19946.4	13.140287109375	13.86085202106999	113.9733	1.4899459
7328000	701.11	240	1621	20033.06	12.5620498046875	13.28633461493425	121.370155	1.2566086
7360000	750.19	240	1618	20120.7	13.4894287109375	17.03820523118559	142.96663	0.915781
7392000	713.68	240	1477	20209.53	13.244091796875	16.495416029915706	169.53416	1.4276328
7424000	750.66	240	1483	20297.91	12.4539853515625	16.53650318235388	172.85852	0.9153271
7456000	904.75	240	1630	20386.02	12.6960625	17.425553255205415	132.46568	1.1085923
7488000	952.98	241	1687	20473.69	12.9599697265625	17.39814465683051	135.17206	1.4905151
7520000	756.49	240	1431	20561.58	13.0849140625	17.526526324403246	125.89719	1.1286451
7552000	931.67	240	1624	20648.39	12.75855859375	17.63513272561338	216.83084	1.421048
7584000	672.59	240	1624	20737.26	13.747458984375	18.062478373689476	167.78201	1.8136625
7616000	655.43	240	1622	20824.81	14.23891015625	18.406407681837322	146.0617	1.6044054
7648000	887.72	240	1618	20911.8	13.9335380859375	17.584990936875684	129.3743	1.2882957
7680000	830.62	240	1694	20999.44	12.628673828125	15.63646229570487	126.18573	1.4526923
7712000	875.7	240	1572	21087.3	14.254361328125	17.151016733709987	119.79023	1.4772035
7744000	757.9	240	1541	21176.36	12.285119140625	15.103121573039132	173.6927	1.3766611
7776000	594.25	240	1420	21263.94	13.4714130859375	16.537884538235232	198.15628	1.0854853
7808000	859.93	257	1424	21350.44	14.866314453125	16.972161029167737	158.1073	1.5468961
7840000	695.7	240	1596	21436.88	14.199283203125	15.827248556682239	119.60793	1.5981983
7872000	813.41	449	1423	21523.35	14.225609375	15.075043532275453	118.15422	1.447852
7904000	777.57	240	1624	21610.23	12.9640927734375	13.453049723947355	105.283714	1.3465555
7936000	609.55	240	1617	21697.25	13.977962890625	14.976059019314794	119.3404	1.0315437
7968000	687.92	240	1426	21784.79	13.6970625	12.837122073307553	115.06663	1.1645335
8000000	961.61	240	1624	21871.65	13.1210517578125	12.709646311955341	101.299225	1.6510252
8032000	917.06	240	1603	21958.07	13.1979619140625	13.105471185730027	106.57561	1.6006145
8064000	480.71	240	1428	22045.39	13.2903994140625	13.577555583572472	111.495766	1.479362
8096000	907.16	240	1619	22132.18	14.59638671875	14.973330457850718	120.16241	1.5898132
8128000	851.0	240	1618	22218.89	16.7132578125	17.16380184428846	111.61416	1.9883775
8160000	929.4	240	1622	22308.56	16.39230078125	16.065413646246398	134.69302	1.9426404
8192000	879.16	240	1616	22400.83	15.734388671875	14.249633767223633	116.51435	1.6010514
8224000	857.29	240	1941	22492.47	14.2365078125	12.693621675865403	85.35988	1.8083141
8256000	548.98	240	1431	22586.33	15.38372265625	13.942917108697161	117.8078	1.8351188
8288000	716.25	240	1624	22680.64	16.425728515625	16.75768293947585	130.73795	1.3331847
8320000	513.71	240	1429	22772.07	16.7508515625	17.420757195081965	126.466644	1.8006395
8352000	415.2	240	1421	22861.33	19.3188984375	22.57839329425369	173.73486	1.820374
8384000	966.29	240	1835	22949.45	18.74668359375	21.287522753951432	171.31216	1.4713235
8416000	521.03	240	1429	23038.19	20.62556640625	24.599712904828788	195.65178	1.9732252
8448000	1041.85	370	1433	23126.64	19.44834375	22.14169003260591	200.44714	1.4988148
8480000	1085.98	241	1623	23215.78	18.317515625	20.532045075929478	144.16183	1.8197435
8512000	994.56	257	1600	23303.62	18.49867578125	23.097972043017112	169.70937	1.5885396
8544000	928.23	258	1611	23391.03	19.68659375	23.322025533816742	139.58743	2.0417726
8576000	1138.93	240	1616	23478.33	19.711732421875	23.215676277033154	149.12187	1.7679231
8608000	969.73	241	1433	23567.3	16.548697265625	18.67822094044291	114.59087	1.276705
8640000	988.73	241	1603	23655.51	15.395107421875	19.050416662110045	126.837296	1.4037462
8672000	1033.19	257	1768	23744.49	14.6226455078125	17.63180985463489	113.02007	1.5355315
8704000	1243.86	257	1628	23831.42	15.48937890625	20.466674131377573	188.43973	1.4705157
8736000	1207.88	724	2015	23919.47	14.7763212890625	18.798310263159294	109.48266	1.4784098
8768000	1202.02	257	1817	24007.2	13.746609375	17.5282343663017	138.56625	1.6605957
8800000	1043.07	257	1623	24094.29	12.816896484375	16.1421948050753	131.65225	1.4536415
8832000	1121.6	241	1695	24181.48	12.836005859375	17.317426194443563	148.66344	1.6537149
8864000	1119.81	240	1622	24269.62	11.1572060546875	13.486470071890569	92.64599	1.346702
8896000	975.65	240	1623	24356.86	11.7898759765625	13.59668617715361	94.97008	1.4239551
8928000	789.57	241	2129	24444.2	11.2214248046875	12.339720544850277	118.698975	1.6467496
8960000	1160.25	240	1636	24531.21	11.6346640625	12.76216882528201	108.72393	1.3394793
8992000	821.09	240	1622	24617.99	11.167865234375	10.888777910077879	84.33773	1.4413211
9024000	1108.39	240	1437	24704.21	11.179865234375	11.678616945083865	117.70351	1.6874511
9056000	826.14	240	1599	24790.3	11.5785556640625	12.353161285679063	112.64757	1.5530844
9088000	575.15	240	1749	24878.13	11.916412109375	11.521120550970727	105.593925	2.3348167
9120000	802.49	240	1766	24965.42	13.912841796875	14.046397447388422	123.935425	1.613939
9152000	758.53	240	1425	25051.75	15.103060546875	16.037746977833265	139.2659	1.4321852
9184000	989.49	240	1621	25137.94	17.214515625	19.099910012877025	164.97472	1.7681373
9216000	970.53	240	1574	25223.9	16.40366015625	16.534099234612086	147.08943	1.2847152
9248000	862.91	240	1817	25309.07	16.574923828125	15.997432411171488	129.31981	1.9114859
9280000	1020.08	240	1623	25395.25	17.28141015625	17.8794373862826	146.38428	1.8606603
9312000	590.59	240	1626	25481.14	17.94574609375	17.412508076092887	154.26157	1.9716289
9344000	904.14	240	2020	25566.45	17.43072265625	16.996339679472165	119.572845	1.6979792
9376000	846.36	240	1771	25651.89	18.277138671875	18.841082937294235	187.27283	2.1669421
9408000	996.6	240	1683	25737.64	19.252302734375	18.340873922744247	128.42621	1.4901242
9440000	1153.89	241	1620	25823.39	18.40936328125	17.335982269545617	110.9273	2.1659737
9472000	1124.09	369	1624	25908.9	18.4065390625	16.531590024858467	148.95036	2.3030877
9504000	983.73	240	1620	25994.65	17.852373046875	15.220481677660533	114.249825	2.0412023
9536000	954.53	375	1625	26079.91	17.84630859375	17.154133976974762	129.38977	2.0675852
9568000	999.93	240	1714	26165.56	17.672052734375	16.402619836477342	105.95853	1.8169316
9600000	963.07	257	1433	26251.02	15.8694140625	14.468432771900348	145.8949	2.4015355
9632000	1036.13	366	1634	26336.45	15.48263671875	15.123067025243259	125.893456	1.8989012
9664000	846.07	359	1598	26422.28	13.1406904296875	12.038431298346143	84.953674	1.9878821
9696000	1025.64	364	1627	26508.12	12.9250869140625	13.246816244856724	119.3109	2.1303666
9728000	1086.95	263	1621	26594.27	12.457982421875	12.51634930800511	92.838936	1.3846805
9760000	876.46	263	1611	26680.22	10.957021484375	11.332947680325715	100.36221	1.8083146
9792000	743.71	240	2129	26765.77	10.949953125	11.8225056830183	114.502	1.9495533
9824000	1030.53	258	1427	26851.41	11.021009765625	12.068052478548475	107.94838	2.1265771
9856000	1078.87	379	1611	26937.58	9.8822958984375	10.23913639241611	130.57968	2.0219486
9888000	1177.79	258	1617	27023.72	10.043634765625	9.629466496125318	107.707146	1.7702525
9920000	1099.17	257	1622	27110.14	10.5379794921875	11.071587722070399	110.69336	1.6194115
9952000	1226.5	258	1607	27196.64	9.44005078125	8.933550700869167	109.18921	1.3407257
9984000	1072.9	257	1620	27283.07	9.824841796875	9.758605977546178	141.3628	1.648865
10016000	1065.25	257	1631	27369.04	9.59709765625	8.182996853231707	109.24516	1.5138664
10048000	987.09	240	2133	27454.58	9.63443359375	11.151843317362381	134.80853	1.4122823
10080000	1048.26	257	2140	27540.87	10.7525078125	11.48230568091618	112.6286	1.8118478
10112000	1085.45	257	1626	27626.99	10.5258955078125	10.352274433065421	86.04767	1.7916701
10144000	827.02	258	1429	27712.9	10.3260283203125	10.13409699356583	115.524635	1.583637
10176000	1169.56	360	1623	27799.18	9.985333984375	10.54645304711494	101.04801	1.5645161
10208000	983.94	246	1613	27885.19	10.5065546875	11.001561323853084	95.45211	1.8802329
10240000	775.17	240	1438	27970.65	11.402396484375	11.093656689748427	93.11727	1.6460891
10272000	908.86	240	1608	28056.02	11.3923154296875	12.133309008675251	133.62854	1.8827863
10304000	906.47	258	1629	28141.35	11.3145302734375	11.480017966013815	128.66261	1.4578902
10336000	886.75	240	1613	28226.9	11.742548828125	11.307305437194133	87.81175	1.5476575
10368000	1017.25	240	1618	28312.56	11.9242529296875	11.407381793163584	98.43668	1.8734015
10400000	923.83	240	1627	28398.79	12.9361943359375	11.772748590494913	104.15636	1.7018259
10432000	1069.28	240	1620	28484.7	13.5155625	13.047441679310163	136.24141	1.4226446
10464000	853.31	240	1607	28570.2	13.108740234375	12.276088291878647	128.69035	1.4623178
10496000	1023.34	246	1611	28655.48	13.8373095703125	13.04033885679356	90.31384	1.6801535
10528000	1083.52	240	1624	28743.44	13.13780859375	12.65209283577227	146.07419	1.5023984
10560000	783.88	240	1436	28831.09	14.462201171875	14.13088373032628	149.32483	1.9339418
10592000	943.55	240	1606	28917.48	12.881423828125	11.420069368221894	84.62911	1.9816936
10624000	801.15	240	1631	29003.29	13.3890634765625	11.936900508507224	87.754715	1.8170376
10656000	825.29	240	1621	29089.34	13.14399609375	11.811169237209329	96.960175	1.5825865
10688000	968.52	240	1625	29174.92	14.140775390625	12.562480721378241	154.72343	1.9346706
10720000	1040.34	240	1621	29260.44	14.39366796875	13.200615515952277	116.2236	2.0023267
10752000	1115.51	240	1804	29345.96	13.56396875	11.37740736888242	77.36762	2.060167
10784000	1157.06	240	1624	29431.4	12.65071484375	11.973691864876097	141.87903	1.7065147
10816000	847.66	240	1721	29517.4	12.22182421875	10.199551154340078	68.68788	1.8304598
10848000	1046.43	240	1627	29602.51	11.919984375	10.85701602075819	121.09521	1.4324324
10880000	926.33	240	1438	29688.4	12.1915673828125	11.677842266446316	134.23782	1.9876486
10912000	949.88	240	1436	29774.08	12.814611328125	11.977955663426043	115.62504	1.6161816
10944000	1141.35	240	1623	29858.53	12.3843193359375	12.251829582760283	154.53961	1.3909383
10976000	1044.73	257	1436	29943.34	11.8670791015625	11.328728001192367	95.07908	1.3450058
11008000	929.66	241	1631	30027.01	11.61366015625	11.9179368495558	107.0174	2.047019
11040000	1015.15	240	1609	30111.67	11.192484375	10.987070526304999	102.80856	1.4460329
11072000	915.62	240	1611	30196.99	11.588078125	11.472264107402689	75.557465	1.6303049
11104000	960.7	241	1436	30282.81	11.15306640625	10.666382645958283	74.993614	1.3792448
11136000	1022.97	366	1624	30367.75	11.258287109375	10.566884814717154	86.34887	1.6340234
11168000	1000.44	257	1431	30452.99	11.343498046875	11.439413091369678	109.142	1.6060872
11200000	891.88	257	1432	30538.64	10.467763671875	11.296440949476079	114.01154	1.2458131
11232000	1097.68	257	1622	30623.57	11.098201171875	11.471482303957062	123.600395	1.4047496
11264000	823.14	240	1434	30708.88	11.31907421875	12.906242433411824	112.8222	1.6595879
11296000	495.04	253	1432	30793.5	13.1144013671875	16.655514289567883	123.529076	1.6814187
11328000	445.09	257	1417	30877.87	16.784734375	22.95821884423964	175.23575	1.2976084
11360000	719.2	263	1426	30961.8	18.034470703125	24.823783958131767	188.04848	1.3649337
11392000	639.5	240	1430	31046.41	20.451724609375	27.617098417465943	223.6756	1.578341
11424000	523.51	240	1619	31131.01	21.01237109375	26.64925655623436	198.39772	1.4470825
11456000	496.42	240	1436	31215.35	20.4632890625	24.217207208924815	183.40823	1.5884233
11488000	565.66	240	1637	31299.42	22.8046640625	25.9528141537676	223.40213	1.514534
11520000	884.49	240	1432	31382.97	23.05014453125	23.935099749113228	170.28458	1.6315237
11552000	899.2	240	1611	31466.86	23.60982421875	24.916357578907878	160.08748	1.2195673
11584000	647.65	240	1438	31550.79	24.3593671875	24.27777018179388	150.46935	1.7945406
11616000	819.0	240	1627	31635.64	22.640734375	23.93245442908019	177.89877	1.7088685
11648000	863.21	240	1611	31720.97	23.68579296875	23.827238876966	165.54587	1.6502723
11680000	514.87	240	1625	31804.94	23.458193359375	23.66566605865975	135.46945	1.539871
11712000	888.87	240	1436	31889.3	25.6878125	25.398562951474243	184.70154	1.7891937
11744000	635.08	240	1617	31973.86	25.855970703125	25.698784017925828	194.90854	1.7808582
11776000	767.66	240	1431	32058.32	24.5971796875	24.95900388637335	181.5251	1.0515368
11808000	812.97	263	1438	32142.94	25.94559765625	26.169653226590526	144.51813	1.3432306
11840000	710.37	240	1629	32227.21	26.553619140625	25.691289866411925	131.01582	1.4270906
11872000	770.2	240	1425	32311.87	24.1840703125	24.635481271937838	166.21802	1.3720431
11904000	913.93	241	1623	32396.59	24.741595703125	24.674105860192785	147.50983	1.381201
11936000	1009.33	241	1494	32481.6	24.674890625	25.535258712219854	160.47333	1.4893143
11968000	996.31	241	1616	32566.09	23.51088671875	23.44308533448616	141.28824	1.8167055
12000000	1084.65	241	1693	32651.46	22.0894296875	21.874919999853713	177.44034	1.5085735
12032000	1130.33	240	1624	32735.94	23.222453125	23.04227907564701	191.87585	1.2706958
12064000	1158.02	240	1785	32821.98	21.709501953125	22.54923917785254	144.033	1.8445817
12096000	1020.99	241	1584	32907.5	21.27321875	21.695916954579264	195.71696	1.762064
12128000	1198.99	401	1438	32993.1	19.6946171875	21.895777989146673	142.24603	1.964961
12160000	1025.97	240	1694	33079.45	17.09724609375	19.294567726435336	155.93053	1.7145042
12192000	1093.9	241	1685	33165.13	17.444455078125	19.12368786348491	118.30478	1.8717396
12224000	654.62	240	1435	33256.41	16.8462734375	19.519552697231564	152.6211	1.5502074
12256000	333.57	241	1511	33344.57	18.354984375	22.95083740302301	145.43256	0.9726701
12288000	509.33	241	1432	33433.64	20.76451171875	25.647148964358593	230.41711	1.3679206
12320000	662.72	241	2020	33523.47	19.973888671875	24.202220972464488	263.33414	1.536092
12352000	700.54	240	1433	33617.05	21.9839609375	24.713352919019304	234.76111	1.4057937
12384000	654.12	240	1752	33710.44	21.735763671875	23.08479748665775	177.36163	0.8958049
12416000	920.69	240	1432	33801.56	20.75784765625	21.674405268657317	154.77333	1.545852
12448000	1013.2	241	1813	33889.19	21.00229296875	21.77648961609745	154.67142	1.1712525
12480000	918.19	362	1601	33975.6	21.94858203125	24.00502551550404	231.48837	1.5870144
12512000	840.61	240	1580	34062.85	23.52196484375	24.14972049527696	175.08939	1.8430852
12544000	848.84	240	1437	34148.91	23.139080078125	23.361589736145955	145.55582	0.9554967
12576000	933.48	240	1716	34234.99	22.20790625	20.98945643055103	153.62775	1.1795425
12608000	974.6	240	1488	34321.23	21.12494921875	20.348426689795946	152.74518	2.0683005
12640000	1122.86	257	1695	34407.17	22.88169921875	20.88209984053328	138.66653	1.6939652
12672000	1120.85	240	1694	34492.6	22.8000234375	21.9304646838593	155.18289	1.1872964
12704000	1128.27	263	1957	34579.31	22.093744140625	21.88528044142912	185.06433	1.2496305
12736000	986.36	240	1611	34665.46	22.8614765625	19.550390820901764	113.49077	1.922766
12768000	919.08	240	1824	34751.29	20.9158046875	18.77905498820428	133.55075	1.9271669
12800000	1078.1	241	1611	34837.1	19.07368359375	17.007249373428966	119.568344	1.5719075
12832000	1006.93	241	1434	34923.05	17.2782109375	16.147181449095072	123.55186	1.9280787
12864000	1025.43	449	1611	35009.15	15.7820087890625	14.049209274902271	95.13929	1.6369061
12896000	1213.38	256	1816	35096.04	15.1301171875	14.768378909853308	107.95088	1.900579
12928000	961.67	240	1941	35182.12	15.2209443359375	13.22082578264308	90.36681	2.0085063
12960000	1087.03	240	1696	35268.68	13.69462890625	13.023520189449549	89.76329	1.7633582
12992000	997.05	437	1617	35354.1	13.17877734375	12.622753513001829	99.25338	1.7495667
13024000	1015.85	376	1691	35440.4	12.9569248046875	12.509596940948978	98.155174	1.380656
13056000	1097.42	258	1611	35528.16	12.53442578125	12.102304145285723	104.77889	1.5730186
13088000	1093.41	360	1796	35613.88	11.73494921875	10.028411202678118	82.183716	2.1025965
13120000	1060.21	240	1636	35700.72	11.330291015625	10.16609253843383	68.19373	1.715518
13152000	1070.57	388	2107	35791.37	10.540033203125	10.228244442473986	109.24306	1.705939
13184000	1041.76	240	2019	35883.99	9.491037109375	8.461469194974358	93.72357	1.3448187
13216000	1022.62	264	1952	35978.75	9.80314453125	8.203397257386722	70.08584	1.2029734
13248000	849.46	240	1623	36073.43	10.75937109375	10.957404745194001	109.63458	1.1859403
13280000	1027.22	240	1765	36167.69	9.68117578125	8.981888025354134	89.15321	1.2285963
13312000	1071.33	257	1611	36261.18	8.86837109375	7.88865482829614	91.959	1.0893598
13344000	1044.43	241	1695	36355.41	9.442986328125	8.965999142594203	81.46247	1.133328
13376000	1087.84	240	1945	36446.63	8.6563193359375	9.13697758424524	85.42222	1.3416517
13408000	1123.92	240	1427	36534.36	8.413791015625	8.851684161785258	79.927055	1.4250216
13440000	1136.22	263	1943	36622.11	9.0522099609375	11.561149921179986	158.52043	1.4803195
13472000	1185.47	257	1905	36713.72	8.443314453125	10.971052820946584	119.14358	1.2001374
13504000	1223.79	240	2020	36804.6	8.4190517578125	10.669001168689597	113.406044	1.059474
13536000	1190.22	240	1632	36892.94	8.286146484375	12.377091363684766	122.54995	1.209897
13568000	980.29	240	1786	36980.37	7.6352001953125	10.997251787378518	135.28046	1.0740819
13600000	1246.12	240	2017	37068.01	8.3216181640625	12.045168896698792	127.707306	1.0554748
13632000	907.98	240	1611	37154.79	9.7126494140625	16.828949202193225	197.65746	1.154977
13664000	968.35	240	1611	37241.98	10.9919609375	18.077225831139025	154.75111	1.1106229
13696000	978.48	240	1961	37331.87	9.6749169921875	18.806684317018775	149.63745	1.0365688
13728000	761.52	240	1432	37419.05	10.9709716796875	21.800754000722087	199.58546	1.0920292
13760000	898.51	240	1611	37505.94	11.535142578125	22.019763140188406	224.23503	1.0670264
13792000	925.48	240	1950	37592.51	12.55201953125	21.289361339645676	157.84418	1.1092182
13824000	757.63	240	1434	37679.77	14.4159677734375	23.347601589884988	251.4618	1.1839397
13856000	721.34	240	1620	37766.78	15.21646875	21.15393137220597	185.60321	0.8931216
13888000	1124.02	240	1631	37853.47	15.639607421875	20.218528012691724	180.41364	0.5765382
13920000	703.2	240	1611	37939.24	16.75282421875	22.654108347052638	254.55812	0.91105545
13952000	656.46	240	1436	38025.92	17.625916015625	21.800851474197056	177.82936	0.70200574
13984000	985.52	240	1699	38112.91	16.188931640625	23.268682010376093	256.6828	0.8145721
14016000	818.63	240	1620	38198.99	19.926923828125	26.883211536198573	224.2944	1.348853
14048000	892.79	240	1611	38285.58	20.558765625	27.74119905483539	232.54956	1.2663773
14080000	869.81	240	1623	38372.43	19.5106953125	28.10099531155436	224.73605	1.2315667
14112000	547.75	240	1747	38458.8	22.518828125	30.58970312866733	220.99709	1.0394361
14144000	816.68	240	1611	38545.67	21.150263671875	29.200955677854108	256.00256	0.95129323
14176000	823.97	240	1621	38632.07	24.486359375	32.81921121843119	318.25497	1.1095128
14208000	431.79	240	1423	38719.54	22.63028515625	29.328297981642237	195.13077	1.2995999
14240000	827.7	240	1831	38805.93	22.47975	29.67294643273566	235.91563	1.4050028
14272000	855.08	240	2016	38892.17	24.41864453125	31.19516488977098	221.48404	1.0060849
14304000	874.28	240	1593	38978.2	22.79554296875	29.347505217650102	184.32506	1.3391405
14336000	694.08	240	1432	39064.93	24.937830078125	31.720486282527258	231.2674	0.8849275
14368000	988.05	240	1584	39151.34	24.849693359375	30.169106715313927	228.8064	1.1847014
14400000	842.94	240	1611	39237.99	22.30690625	28.66650593462691	241.41585	1.4417943
14432000	869.69	240	1611	39325.78	26.00354296875	31.657619540957278	237.91663	1.3175446
14464000	691.1	240	1434	39412.2	25.041142578125	30.41713332975348	236.14307	0.95575464
14496000	696.78	240	1432	39499.51	23.19040625	28.911030550639317	303.90375	1.131156
14528000	996.52	240	1807	39591.52	23.704931640625	28.06722287651559	200.14891	1.2562625
14560000	468.5	240	1435	39679.94	26.1906953125	32.55117509399622	298.70856	1.5529435
14592000	410.71	240	1694	39766.14	24.97573046875	28.460940339349296	197.99277	1.6574723
14624000	532.29	240	1727	39852.88	23.73486328125	29.699883206841065	264.3078	1.3054351
14656000	669.34	240	1817	39939.75	24.55873828125	31.420713709271467	311.84918	1.5297146
14688000	862.73	240	1815	40026.17	24.2621796875	29.306129904850962	182.31068	1.2512891
14720000	746.9	240	1434	40112.13	26.661591796875	33.085057049973486	275.5804	1.6751127
14752000	751.23	240	1423	40198.76	23.76256640625	26.406251627218886	162.35487	1.9626917
14784000	699.84	240	1826	40285.38	24.34425390625	29.109933871446703	217.99023	1.6732769
14816000	686.93	240	1628	40371.18	24.75923046875	28.2171656531977	221.0701	1.7774255
14848000	1037.7	240	1621	40456.09	23.198826171875	28.894213304743218	250.62396	1.441952
14880000	1138.92	240	1629	40541.8	23.436515625	27.919148894620697	211.37068	1.4016378
14912000	808.43	240	1616	40627.75	25.4053984375	31.665746477858374	220.36092	1.8465374
14944000	906.73	240	1696	40712.54	22.54888671875	26.59371988834958	199.35323	1.6580963
14976000	1106.46	628	1436	40798.22	22.969572265625	29.447756705732274	236.66602	1.5128613
15008000	1035.29	412	1611	40887.4	22.1085546875	27.06177885875206	140.94878	1.6188481
15040000	1165.41	258	1626	40972.66	19.9944140625	24.76983043946809	172.17288	1.500386
15072000	1144.76	259	1432	41058.8	19.87240625	24.226424106747576	190.32411	1.6549743
15104000	1159.81	370	1773	41144.55	18.941	25.565819466623793	237.3665	1.81742
15136000	1076.19	366	1832	41230.51	17.91955078125	22.09974405960395	178.13763	1.7454438
15168000	1136.13	366	2240	41315.95	16.718783203125	19.442121637053916	158.09026	1.4007916
15200000	1196.41	556	1630	41401.81	13.928314453125	15.504814776384785	185.65627	1.6923013
15232000	1281.54	371	2017	41487.95	14.4851826171875	18.10988680251757	154.50316	1.4716436
15264000	1203.45	365	1715	41573.59	11.9657109375	14.786420078910243	133.77635	1.8845773
15296000	1047.91	363	1624	41658.94	10.5959130859375	13.283976484848202	145.81505	1.3755296
15328000	1134.72	258	1787	41745.75	9.938638671875	12.686124309654229	130.1216	1.4087436
15360000	960.13	366	1761	41831.83	9.10519140625	11.45810166432468	122.484	1.5549471
15392000	1281.55	388	2140	41917.64	7.8993623046875	9.000412316944152	103.31824	1.0149744
15424000	1259.82	371	1832	42003.27	7.9343759765625	8.954038893147606	110.750145	1.2898636
15456000	1144.54	263	1624	42088.7	7.77813720703125	8.875183976966337	86.03764	1.0841496
15488000	1259.45	257	1620	42173.78	7.115361328125	7.4894535222871905	75.06242	1.3102138
15520000	1242.95	257	1611	42259.54	7.002908203125	8.711614015209811	87.669815	1.2107906
15552000	1236.74	363	1436	42344.47	6.82126806640625	8.358902439913987	82.67202	0.998829
15584000	1332.62	371	1813	42430.19	6.691361328125	7.905746772522504	78.65831	1.0003277
15616000	1279.15	365	1817	42522.41	6.455216796875	7.606274393962527	80.89594	1.1259139
15648000	1149.43	263	1611	42609.03	6.34790283203125	7.162306116485807	101.520164	0.82268065
15680000	1230.21	263	1880	42698.04	6.26372900390625	7.162370199521943	93.305725	1.083199
15712000	1189.93	374	1775	42784.2	6.12482568359375	7.005784719162444	85.51791	0.7725978
15744000	1208.84	366	1818	42869.23	7.01513671875	9.114574523805267	103.60883	1.2152271
15776000	1242.36	263	1436	42954.74	6.99637890625	8.67044323766092	82.52862	0.954945
15808000	1228.22	403	1623	43040.64	7.16027685546875	8.057116904482646	85.750824	1.1423478
15840000	1215.73	357	1779	43125.94	6.73723388671875	7.124617314284325	83.03608	1.2930064
15872000	1200.65	257	1431	43211.63	6.8662763671875	9.446243466320356	117.72609	0.9973062
15904000	1207.48	263	1620	43296.93	6.67410009765625	8.678885567139366	101.626305	1.0540919
15936000	1196.39	257	2124	43382.59	7.0289072265625	9.808686360823248	109.18036	1.127612
15968000	1134.74	376	1621	43467.16	6.3875625	7.745751355581975	84.52153	1.1270573
16000000	1283.9	363	2129	43551.83	6.307994140625	7.886416080435397	107.8484	0.9796032
16032000	1225.13	449	1786	43635.52	6.36648779296875	7.676990275329258	74.64614	0.804073
16064000	1237.16	366	1719	43720.44	6.44393359375	8.957408770118734	129.16118	1.1473448
16096000	1235.01	363	2020	43805.47	7.27158544921875	8.451870170264094	84.45399	1.0419083
16128000	1162.39	258	1798	43891.3	6.9871669921875	8.881975691674684	104.00451	0.9453374
16160000	1246.14	363	1619	43976.43	7.5681201171875	9.611139776972344	78.40777	1.0105355
16192000	1217.32	363	1981	44062.55	6.86372119140625	8.760282351328637	96.35623	1.1943872
16224000	1050.3	258	1716	44148.55	7.5688798828125	9.055072818591798	81.37209	0.8632943
16256000	1239.36	371	1819	44237.58	6.891501953125	8.967430652087586	98.54561	0.7123678
16288000	1261.87	389	1613	44326.57	7.37649609375	9.935977870848948	100.774185	0.92108035
16320000	1258.67	365	1963	44412.88	7.4896171875	8.523209122742443	100.10106	0.998124
16352000	1227.9	371	1704	44499.35	7.20981884765625	8.94331148470744	88.67024	1.0925443
16384000	1285.96	257	1427	44586.19	7.43844775390625	10.302394290891803	126.36041	0.9041052
16416000	1283.39	371	1820	44672.18	6.554880859375	8.24385424498153	77.78778	1.1271875
16448000	1283.71	365	2140	44758.46	6.6442177734375	8.312254695628617	98.246925	1.0300357
16480000	1125.8	240	1625	44844.36	6.7462001953125	10.397346791970536	147.72905	1.0291749
16512000	1121.09	257	2086	44929.1	6.1856494140625	8.696425271339944	100.78644	0.9345219
16544000	1133.36	240	2124	45014.28	7.4015537109375	10.558698280327931	93.75176	1.1519184
16576000	1236.05	240	1611	45105.19	7.656265625	10.827700659073468	100.66465	0.9759976
16608000	978.13	240	2021	45191.66	7.73098779296875	11.24789424736915	119.08094	0.9760926
16640000	1007.04	241	2018	45277.47	8.30026171875	13.015819701424878	126.841	1.260234
16672000	1144.42	240	1829	45363.35	10.02424609375	16.21144850098226	203.52405	1.099997
16704000	1086.51	445	1717	45448.46	8.6798134765625	11.005377236832912	97.4116	1.1692518
16736000	1102.46	257	1433	45533.47	8.972671875	12.831526726192797	133.63437	0.99442667
16768000	1148.93	371	2129	45618.52	9.612818359375	15.975944807741419	172.61565	1.1211281
16800000	1069.79	365	1831	45703.94	10.60121484375	16.735996011591304	157.17896	0.94329363
16832000	1243.87	257	1635	45788.19	8.622923828125	12.437177131487676	141.0967	1.2037319
16864000	991.39	370	2121	45873.73	8.803490234375	14.227618388191328	158.08327	1.0945058
16896000	1124.45	257	2136	45964.54	9.88051953125	16.19875477467327	145.66075	0.91652846
16928000	1175.29	257	1628	46049.72	9.731611328125	14.4242092504234	140.41273	1.160539
16960000	1137.92	258	2132	46135.01	9.1978837890625	12.80009948691806	110.14068	1.0791264
16992000	1354.94	382	2118	46218.88	8.9642529296875	13.618722177575986	160.64597	1.0238025
17024000	1249.39	257	2128	46303.89	9.6076640625	15.113830069674595	157.74936	1.0788482
17056000	1275.66	241	2125	46388.57	9.173357421875	14.806101466118621	165.43954	1.240783
17088000	1153.83	257	1611	46473.9	9.36284375	15.856697126135694	188.22427	1.1053268
17120000	1322.73	558	1937	46558.63	8.228607421875	11.454084287929787	108.910995	1.0300113
17152000	1218.3	257	1956	46643.33	8.659345703125	13.652890032883148	136.24841	1.2270341
17184000	1323.04	388	2111	46727.84	8.690609375	12.851223190809504	124.83571	1.2340024
17216000	1298.73	365	2140	46813.16	7.4017001953125	10.653312278347988	134.08046	0.86579686
17248000	1231.0	259	1984	46898.16	6.7788857421875	8.577178568008247	119.877686	0.9408156
17280000	1317.33	448	1716	46986.05	6.91655126953125	9.485039206561035	106.830826	1.2992973
17312000	1329.74	379	2019	47073.1	6.7856416015625	11.211331112428176	182.58084	0.8768594
17344000	1334.0	263	2122	47158.21	7.02649072265625	10.564057947233156	143.15788	0.9975499
17376000	1375.44	257	2131	47243.7	6.9920986328125	10.083552124003724	103.20284	1.0307887
17408000	1263.36	258	2012	47329.32	6.4371728515625	9.732902075563075	123.92158	0.9962994
17440000	1277.55	360	1823	47414.0	6.1648203125	10.018362827827708	121.67894	0.8543515
17472000	1237.61	241	1708	47498.21	5.44410107421875	7.641160129522218	101.19849	0.97477686
17504000	1413.27	836	1931	47582.94	5.85301904296875	8.676623137056259	112.60251	0.86703587
17536000	1274.03	366	1611	47666.28	5.872109375	9.29958668436399	142.4573	0.7730543
17568000	1249.93	556	1781	47751.18	5.7372958984375	9.294646896870262	130.84445	0.85508597
17600000	1225.61	259	1942	47836.66	5.67185107421875	9.122705190895955	134.27376	0.68716943
17632000	1314.39	259	1694	47921.97	5.170376953125	6.541415533926888	84.3786	0.8044773
17664000	1309.62	258	2101	48008.51	5.2132734375	8.260041237790523	122.82331	0.7616817
17696000	1301.4	240	1703	48101.15	5.3958330078125	8.60557595399634	130.42079	0.8362668
17728000	1254.65	449	1824	48189.1	5.21559228515625	8.753150772007757	145.57504	0.8126917
17760000	1258.67	257	1712	48277.4	4.9330703125	7.347895904185769	74.30733	0.85458004
17792000	1263.55	240	1866	48363.3	5.5545537109375	9.841949835398472	158.36671	0.6697414
17824000	1277.67	257	1624	48452.93	4.96037451171875	9.46930938941695	148.42265	0.7162708
17856000	1306.49	556	1951	48539.73	5.75926123046875	10.172833000202058	140.20132	0.8156565
17888000	1292.37	258	2125	48625.07	5.31354833984375	9.910881015328556	151.17061	0.70864373
17920000	1309.14	258	1928	48710.96	4.79203125	8.122130262437311	112.337234	0.8508574
17952000	1264.45	366	1826	48796.33	4.7643291015625	7.533518589858924	124.775925	0.72557783
17984000	1263.0	241	1620	48880.98	4.72039013671875	7.960527130002133	138.70206	0.7064239
18016000	1291.07	263	2238	48965.67	4.662056640625	6.727775914074427	72.08143	0.76333225
18048000	1130.02	257	1981	49049.32	5.93632177734375	11.81292591824735	199.55894	0.77825
18080000	1197.15	263	2317	49133.48	5.14357421875	8.359403387802265	78.32111	0.75551736
18112000	1260.64	256	1826	49218.48	5.43840966796875	9.775903091274994	133.06143	0.79240686
18144000	1315.46	257	1829	49303.26	6.01748583984375	11.494490528074744	154.10284	0.6769222
18176000	1306.61	263	1763	49388.51	5.7040849609375	9.47390948539725	109.93281	0.82048374
18208000	1256.42	366	1719	49473.08	4.4231259765625	6.236674857746714	68.88076	0.73963344
18240000	1293.58	367	1714	49558.47	5.884416015625	9.347389341415067	99.57401	0.820317
18272000	1233.62	263	2018	49643.5	5.540033203125	8.63661898545953	105.422775	0.83881927
18304000	1330.36	367	1611	49728.49	6.0210322265625	10.97087586236851	145.73729	0.66401905
18336000	1276.29	241	1819	49813.76	6.08418359375	13.60000114889701	155.59789	0.9087447
18368000	1135.33	241	1622	49899.0	4.754779296875	7.451543988496613	77.10571	0.770179
18400000	1272.94	241	1826	49984.15	5.3899072265625	9.939862926620266	161.12799	0.75871396
18432000	530.05	241	1619	50069.18	6.80362841796875	13.313273451709764	218.78923	0.77589715
18464000	1001.75	240	1824	50154.06	7.7417978515625	16.901369212285733	165.87138	0.75736344
18496000	1308.1	240	1611	50239.63	8.50923046875	20.106371813432677	178.09859	0.88897836
18528000	1210.78	263	1611	50323.68	8.354818359375	15.613276601982045	128.6862	0.93709475
18560000	1335.47	241	1782	50408.52	7.9970498046875	17.015667412711146	159.43442	0.8489245
18592000	1328.05	240	1941	50493.16	6.79486181640625	14.656306236565882	170.9482	0.74815464
18624000	1361.13	367	1829	50577.23	6.9113505859375	17.624485808102317	260.72522	0.8170285
18656000	1348.57	449	1941	50662.49	6.7810595703125	13.70829812558802	121.79957	0.7077993
18688000	1314.65	365	1625	50747.55	5.6943759765625	10.24955486838331	98.12667	0.67383826
18720000	1308.34	263	1611	50833.05	5.66581298828125	10.938504239611557	121.01171	0.51767325
18752000	1332.91	367	1830	50918.35	6.37501806640625	11.62746949576734	115.1	0.6915041
18784000	1314.45	371	1610	51003.19	5.38784765625	10.730597315620413	118.17229	0.5695945
18816000	1332.59	367	2016	51087.94	6.12244091796875	11.65605529327997	109.88032	0.6615826
18848000	1319.14	257	2018	51172.53	6.6585234375	12.887666099802555	118.80289	0.38863972
18880000	1282.26	367	1611	51257.55	5.6083076171875	11.399805028486233	202.80887	0.4265244
18912000	1260.36	263	1819	51341.81	5.1083076171875	9.980326741895778	131.00533	0.63503885
18944000	1315.13	367	1611	51427.01	5.2796923828125	8.299703025560614	112.21627	0.60765576
18976000	1273.67	263	1816	51512.24	4.093630859375	6.106442550700039	66.052414	0.43274277
19008000	1339.72	263	2321	51597.29	4.459884765625	7.906226778622025	141.1754	0.49175712
19040000	1341.12	367	2022	51681.46	4.6804345703125	7.95541703220202	81.39934	0.51476073
19072000	1416.77	368	1818	51766.11	4.1770283203125	8.012077796988745	125.146904	0.61821085
19104000	1364.42	263	1961	51851.23	4.718734375	8.063825472441724	87.36158	0.5056995
19136000	1373.59	240	2014	51936.04	4.30678173828125	7.359682716496684	86.04495	0.6708246
19168000	1264.91	240	2021	52020.26	4.98455810546875	7.628895009272313	69.54425	0.62137765
19200000	1107.08	263	1995	52105.54	4.57568701171875	7.721409966774203	102.462944	0.66319644
19232000	1309.6	365	1690	52190.4	3.99320361328125	4.905917584280234	57.382668	0.5988599
19264000	1294.36	263	2015	52274.95	4.924806640625	8.303243436302466	109.419685	0.6843821
19296000	1204.48	263	1819	52359.27	5.90276025390625	9.477460927115448	114.8638	0.74690545
19328000	1221.33	263	1974	52444.11	4.95885546875	7.222484423659217	104.14315	0.7387171
19360000	1269.77	379	1977	52528.93	5.4383623046875	8.627758616813523	129.6098	0.7135272
19392000	1285.65	367	2002	52613.54	5.0095908203125	7.381374628499085	86.37961	0.7139066
19424000	1331.75	385	1623	52697.78	4.700634765625	6.609100319351342	59.91898	0.7354642
19456000	1263.26	333	2021	52782.51	5.50947802734375	8.701441601108405	92.85223	0.6005093
19488000	1243.12	365	2322	52867.15	5.665359375	8.575004099853247	79.96973	0.68963146
19520000	1240.39	263	2138	52951.5	6.1211162109375	9.851353809248756	109.66866	0.8180871
19552000	1137.35	259	2313	53035.36	5.8113857421875	8.934243287766456	108.09483	0.7769988
19584000	1394.73	368	2144	53109.62	6.47613818359375	10.954803812141046	118.75392	0.68784285
19616000	1282.98	367	2120	53181.77	6.1881943359375	8.887810296974166	92.00283	0.8965987
19648000	1042.66	263	1757	53248.81	6.1458720703125	9.734010125585446	128.65114	0.8308692
19680000	1339.94	367	2011	53310.28	6.7633837890625	9.818890435023706	86.82288	0.71320754
19712000	1308.51	367	2141	53380.8	6.3713173828125	8.711806823214115	79.72623	0.7348344
19744000	1338.18	554	1936	53452.53	5.7633798828125	8.014515152209771	83.29483	0.7229463
19776000	1349.92	441	1615	53525.02	6.12652978515625	9.344933035474359	125.95045	0.80075765
19808000	1200.44	367	2019	53597.58	6.5967109375	10.533499388854588	170.24135	0.64345115
19840000	1223.73	368	2019	53670.9	6.01807275390625	8.752732162730675	92.45187	0.6610484
19872000	1321.91	449	1819	53743.98	5.89919482421875	8.092500386160015	123.90356	0.7571058
19904000	1220.66	449	1713	53818.21	6.39316943359375	9.48389836116984	124.97551	0.84555197
19936000	1295.44	263	2134	53883.14	6.53907421875	8.64157917425976	93.92967	0.83252686
19968000	1268.94	263	2019	53946.16	6.8129091796875	9.068685389156467	83.07423	0.6546401
20000000	1165.08	267	2186	54009.13	7.452275390625	11.017362008439225	106.87039	0.8489826
