TotalEnvInteracts	AverageEpRet	MinEpRet	MaxEpRet	time	Averageloss	Stdloss	Maxloss	Minloss
32000	406.82	241	1171	78.63	0.31254251674970973	0.24886371646190372	2.6910837	0.02022131
64000	384.94	253	1294	168.63	1.0167132568359376	0.8775095847277468	7.2325068	0.07451244
96000	388.64	241	948	258.77	2.1379892578125	1.4991674121616638	10.535652	0.20286283
128000	389.13	240	1343	350.68	3.63279296875	2.4657602545285093	14.406351	0.42290223
160000	382.15	241	940	442.59	5.0858408203125	3.3099809112459395	23.125183	0.59787476
192000	353.74	241	1241	534.79	6.4043876953125	3.7862607553907983	21.185606	0.6949932
224000	334.95	240	904	626.51	6.29663427734375	3.892122829149602	26.395435	0.76974803
256000	325.24	240	955	717.17	6.39997802734375	4.322072934729931	32.628567	0.98709273
288000	385.28	240	1367	808.42	6.45691943359375	4.507767168316261	33.197174	0.99258816
320000	350.35	240	810	899.97	5.542345703125	3.8953350004364196	25.700453	0.5950719
352000	335.43	240	912	990.36	4.8057724609375	3.426801248522447	21.534336	0.6361954
384000	333.77	240	813	1080.65	4.33875439453125	3.284704728929223	28.17716	0.6710126
416000	318.84	240	1404	1170.69	4.2035546875	3.155201868046639	22.804495	0.5594599
448000	350.16	240	1259	1260.86	3.836428955078125	2.7715390509494	20.292469	0.599826
480000	368.03	240	910	1350.91	3.338685302734375	2.5329270100579784	20.824753	0.56511134
512000	387.87	240	1244	1440.46	3.4077060546875	2.4446224066177376	15.402228	0.45188096
544000	341.79	240	913	1528.97	3.353297119140625	2.3329819303843737	18.195257	0.47900215
576000	348.96	240	913	1616.21	3.56420751953125	2.4758078503225467	17.509577	0.552698
608000	397.06	240	913	1704.04	3.610875244140625	2.5094387250625885	19.210629	0.5797554
640000	336.0	240	906	1790.34	3.74490771484375	2.5817963442690925	18.675213	0.6854119
672000	261.06	240	454	1876.89	3.78757861328125	2.4602044543149764	17.422813	0.5133815
704000	268.95	240	629	1963.4	4.2878994140625	2.8680066098359154	21.093433	0.700052
736000	287.47	240	911	2049.28	4.488294921875	2.8778545611270907	18.91923	0.61473787
768000	294.49	240	915	2135.51	4.49491015625	3.054457552086786	24.900608	0.74341387
800000	303.6	240	633	2221.75	4.97966552734375	3.437079377674816	26.621641	0.81070876
832000	292.54	240	727	2308.59	5.2411162109375	3.7093722356771504	23.29647	0.7780232
864000	281.08	240	907	2396.05	5.55722021484375	4.431768305372022	29.49507	0.49713194
896000	287.74	240	748	2482.59	5.903287109375	4.797567743138183	38.847126	0.8678777
928000	308.32	240	885	2568.81	6.2414482421875	5.202040615229758	39.358356	0.76866424
960000	280.78	240	557	2654.87	6.2575966796875	5.297220674561331	51.289608	0.74607575
992000	301.34	240	557	2740.83	6.40752685546875	5.65136477570905	32.10016	0.8962372
1024000	318.94	240	556	2826.72	6.46697802734375	6.159740127432325	42.4345	0.8568829
1056000	470.26	240	1397	2912.13	6.24481787109375	5.424000303915459	46.290997	0.9105667
1088000	406.83	240	556	2997.23	6.3233134765625	5.7950473871013335	39.767376	0.8768537
1120000	240.0	240	240	3082.66	6.61512109375	5.953283298420293	40.156162	1.0913482
1152000	240.0	240	240	3167.43	6.8591474609375	6.36548462658186	63.507095	0.6001104
1184000	360.7	240	746	3253.2	6.4465625	6.153155630954738	45.70579	0.7761674
1216000	302.39	240	812	3338.74	5.4619384765625	4.997372942669478	42.7646	0.8855244
1248000	301.68	240	536	3425.31	5.8808623046875	5.689689482410266	33.421764	0.50103295
1280000	340.61	240	753	3510.8	6.22753125	5.980146515241078	43.178497	0.79479915
1312000	468.64	240	1392	3596.94	5.9810205078125	5.405619363507294	40.12355	0.8648965
1344000	407.74	364	559	3683.03	6.4401318359375	5.965311182159737	48.497135	0.74918556
1376000	357.0	240	1574	3769.46	6.31192578125	5.897228559883024	39.43332	0.717208
1408000	433.09	240	819	3855.54	6.12384814453125	5.8616437274454	45.725815	0.6013658
1440000	469.1	240	971	3941.49	6.0792529296875	5.605358067287049	44.122658	0.70571923
1472000	448.86	240	817	4026.63	6.44513623046875	5.800787257993521	41.110516	0.71488816
1504000	357.01	240	811	4111.77	6.532404296875	5.73149195236284	48.294582	0.6833274
1536000	280.34	240	761	4197.72	6.40751806640625	5.816364642648361	53.811413	0.8058069
1568000	271.98	240	415	4282.6	6.17596533203125	5.923432018264411	49.57596	0.70080876
1600000	330.92	240	819	4367.25	6.52277099609375	5.817368592735894	49.422768	0.80840945
1632000	283.28	240	819	4452.74	6.48638232421875	5.951368015002937	54.142815	0.8324131
1664000	309.7	240	557	4537.76	6.6058671875	6.6189418055305485	63.155373	0.8129468
1696000	301.53	240	744	4622.21	6.00519580078125	5.507932135225524	47.16951	0.5665366
1728000	389.03	240	909	4707.24	5.61673046875	5.152207506253994	48.97875	0.66303813
1760000	309.6	240	803	4792.61	5.02628125	4.180270578488312	32.11366	0.7767428
1792000	398.93	257	819	4877.49	5.134857421875	4.482820070140001	38.237846	0.85088944
1824000	436.23	257	1391	4962.66	5.0058251953125	4.332501172100246	34.24231	0.6798296
1856000	515.11	240	817	5048.22	4.6994326171875	4.13742399854668	27.384045	0.49818593
1888000	429.18	240	819	5133.57	4.53782421875	4.5247522376921365	35.247528	0.58928025
1920000	378.87	240	822	5219.23	4.9932158203125	4.902106132189511	32.582645	0.57888305
1952000	455.88	240	1394	5304.82	4.88677392578125	4.874345308602992	29.240606	0.66841227
1984000	381.71	253	637	5390.53	4.686634765625	5.1417282250839556	47.310158	0.6001424
2016000	405.5	253	955	5475.52	4.8702392578125	5.497753802690696	41.132236	0.5012573
2048000	444.52	240	960	5560.88	4.7395751953125	5.4614932210087925	42.68474	0.5880352
2080000	413.37	240	1254	5646.18	4.5340068359375	4.683527066351811	37.485165	0.5093548
2112000	329.22	240	950	5732.21	4.77051220703125	4.714445884724948	30.773918	0.59315777
2144000	372.49	240	961	5817.82	4.6055205078125	4.542919241454221	31.24733	0.4460079
2176000	477.61	240	1403	5903.16	4.79035009765625	4.6688273922635	39.99197	0.61063576
2208000	446.71	240	918	5989.05	4.86267626953125	4.725355889374894	34.849384	0.50606555
2240000	312.02	240	540	6075.23	4.57520068359375	4.246277781775469	27.491184	0.61935437
2272000	485.84	240	1240	6161.28	4.65842041015625	4.02377990047915	31.260414	0.70674247
2304000	588.95	257	1393	6246.55	4.87256396484375	3.921460635480739	27.720219	0.38724315
2336000	456.04	240	1403	6332.32	5.22798779296875	4.109821506160578	31.148724	0.64400077
2368000	601.57	256	1401	6418.54	5.347044921875	4.267659542272556	34.236103	0.71653724
2400000	483.17	240	1404	6504.12	5.52080078125	4.550988474359169	39.23071	0.68415475
2432000	389.06	240	1091	6590.53	6.40058154296875	5.059562033293989	49.384216	0.9875895
2464000	481.96	257	1080	6676.31	6.5961201171875	5.185443492966633	48.905876	0.93298
2496000	555.51	257	1403	6762.0	7.6081416015625	5.982866487416379	46.07972	1.0382777
2528000	483.78	240	964	6847.67	8.442017578125	6.398528883657556	58.567093	1.0275795
2560000	475.64	240	1402	6933.08	9.932880859375	7.943848101282526	53.80792	1.5937299
2592000	308.07	240	1235	7019.05	10.95701953125	9.764329214032063	74.81093	1.4365844
2624000	280.56	240	903	7104.79	11.53560546875	10.952554282563497	96.0026	1.0875146
2656000	358.14	240	1399	7190.51	11.3635419921875	11.299034458195974	96.413956	1.3382738
2688000	269.15	257	775	7276.49	11.617705078125	11.826512852485301	101.374344	1.3868691
2720000	262.76	240	818	7362.13	11.691013671875	11.967998997326161	71.05024	1.0419794
2752000	422.08	240	917	7447.94	11.515916015625	12.907977789917366	121.41585	0.98244643
2784000	251.5	240	747	7533.99	11.7241474609375	11.911351597320936	75.91226	0.6442075
2816000	291.2	240	822	7619.79	10.1461875	11.217560870126803	85.0956	1.1430607
2848000	273.97	256	593	7705.02	9.744455078125	10.192947163357612	88.21245	0.89669955
2880000	276.76	75	754	7791.19	8.40747265625	8.14067814282078	62.830555	1.0416719
2912000	274.53	240	822	7877.4	7.013990234375	6.22751831591044	44.247284	0.6645365
2944000	267.37	240	438	7963.82	7.1326181640625	6.660702736010668	51.10978	0.9084381
2976000	256.36	240	258	8049.34	6.70864697265625	7.134906490277221	46.84576	0.6530123
3008000	288.21	240	822	8133.75	6.2404853515625	7.402507493241733	52.255424	0.44502866
3040000	412.47	240	1418	8218.78	5.50622900390625	7.623533158090152	51.716133	0.36680067
3072000	338.4	256	1088	8303.66	5.052078125	7.160342716134473	38.7149	0.3029151
3104000	370.12	240	1046	8389.04	5.795533203125	7.988670688856814	55.291122	0.48755646
3136000	392.97	240	910	8474.8	7.1214228515625	10.058979197711864	63.18217	0.41355386
3168000	479.85	240	1422	8560.48	7.1312666015625	9.73210376794247	80.21216	0.3923688
3200000	322.62	240	960	8645.74	8.601181640625	10.59322454449069	72.49616	0.5895649
3232000	283.14	240	1088	8731.89	8.4324814453125	10.798316564400212	69.22152	0.58154035
3264000	355.88	240	911	8817.62	8.6847412109375	10.115666994815518	62.400974	0.73133934
3296000	426.49	257	815	8902.96	9.0509033203125	10.110520510834247	63.50769	0.6146272
3328000	451.56	359	921	8989.07	8.2388720703125	8.401917563866002	65.27448	0.73196197
3360000	463.81	240	1398	9076.9	7.89534033203125	7.9605575534946045	56.326958	0.81184566
3392000	496.26	359	956	9162.95	7.637091796875	6.988789013484382	47.88502	0.5242026
3424000	445.58	256	960	9249.22	7.2972119140625	5.972320921342054	46.561554	0.8519643
3456000	433.42	240	835	9335.68	7.445365234375	5.772375282866665	51.14622	0.8405263
3488000	508.3	373	719	9425.79	7.13555029296875	5.266609885638009	33.277325	0.8195355
3520000	473.9	258	957	9512.06	7.001908203125	5.229749635498816	37.68174	0.80955017
3552000	568.85	250	1386	9598.23	6.476962890625	5.076064389613276	40.476986	1.0052693
3584000	499.77	258	1421	9683.85	6.51389794921875	5.242833278032976	39.03472	0.9602665
3616000	579.5	257	1491	9769.44	5.97011962890625	4.646657484821751	38.120296	0.76981086
3648000	570.21	257	1398	9855.18	6.12983251953125	4.636325870570898	37.567093	0.9362567
3680000	588.35	257	1403	9943.25	5.83823974609375	4.359576832245304	31.70401	0.9700723
3712000	567.92	257	955	10029.03	6.0885361328125	4.861609413944111	37.076603	0.7486447
3744000	543.03	257	1427	10114.53	5.9819326171875	4.489747000110363	32.687874	0.95482004
3776000	426.02	258	1490	10199.68	6.01058642578125	4.508379351274691	32.589245	0.6915958
3808000	257.05	257	258	10285.09	5.7520419921875	4.255253187238099	33.09498	0.6747234
3840000	343.67	256	1256	10370.45	6.2181083984375	4.939071743506061	38.164047	0.5072657
3872000	574.42	256	1407	10456.05	6.8503037109375	5.85329100805692	42.603992	0.7788803
3904000	699.43	256	1088	10541.78	6.6475771484375	6.150903134906288	40.004044	0.8339789
3936000	477.28	256	1274	10627.83	7.4559482421875	7.033069486806596	87.89562	0.6190971
3968000	550.71	240	1273	10713.77	8.0934033203125	7.371307338254185	51.098194	0.8395521
4000000	619.28	240	964	10799.62	8.116138671875	7.904953698077555	60.29081	0.9240435
4032000	396.33	240	1426	10884.98	9.456443359375	8.365000560370573	52.887386	0.71187437
4064000	378.05	256	1086	10969.75	9.430203125	8.108740943420255	50.284096	0.9579777
4096000	567.77	256	1247	11055.34	10.41832421875	9.129270404857115	63.77607	1.0020388
4128000	691.56	240	1404	11140.31	10.897986328125	9.833642827050411	75.380486	1.147454
4160000	871.57	240	1420	11226.17	10.992763671875	10.079262823366598	59.44165	0.8287265
4192000	701.37	240	1396	11312.06	11.5399326171875	10.256410343048877	78.97008	1.1596508
4224000	695.83	240	1612	11399.52	12.622857421875	10.775839584459302	82.487854	1.1206539
4256000	691.71	240	1402	11485.74	11.972640625	11.352036917994058	93.89821	0.8618815
4288000	522.75	240	1068	11571.93	13.514173828125	11.05708836561416	64.65019	1.2098913
4320000	718.55	240	1400	11658.63	13.6468994140625	12.397473280874616	89.929214	1.288013
4352000	806.42	240	1401	11743.93	13.117779296875	12.14181179849202	82.224205	1.1393713
4384000	494.34	253	1245	11829.44	12.551357421875	11.606529681605954	92.59013	1.2366098
4416000	443.42	257	1406	11915.27	13.328228515625	12.94579263216432	102.28717	1.4024001
4448000	402.91	256	1255	12001.19	14.1772109375	13.421169728268843	87.46922	1.134453
4480000	263.92	257	555	12086.85	15.174794921875	14.55233443472215	119.267334	1.2419896
4512000	464.78	256	1256	12172.51	16.734703125	15.170445156619499	93.35483	0.7897774
4544000	630.89	240	1251	12257.04	18.36453125	17.227269444110984	95.548065	1.515701
4576000	307.22	240	1428	12342.16	17.494453125	17.431636110818744	106.30127	1.2783666
4608000	457.29	233	949	12426.92	18.75508984375	18.83168705931574	125.83586	1.2614603
4640000	543.48	240	1417	12513.14	17.168703125	16.434307674800298	109.61297	0.8032929
4672000	602.23	240	1423	12598.53	18.96850390625	18.489742088520327	97.819984	1.0369644
4704000	670.88	240	1433	12684.08	19.50563671875	18.583633592492077	126.6662	1.2801881
4736000	752.44	240	1490	12769.36	20.338390625	20.237927728648504	162.09692	1.2452402
4768000	728.72	240	1411	12854.71	20.1348671875	18.484896706500688	104.322495	1.7047511
4800000	797.55	256	1488	12940.66	18.1295546875	17.00706470852628	94.41228	1.346129
4832000	738.48	258	1417	13026.5	15.003759765625	13.655575212161514	98.736145	1.4109097
4864000	627.8	256	1421	13111.79	16.71635546875	15.405536748195436	84.45375	1.4804858
4896000	652.67	256	1413	13197.35	15.536291015625	14.232934957344533	107.14673	1.4736274
4928000	714.49	256	1401	13283.12	14.3114921875	12.946910828456339	85.89717	1.2774512
4960000	701.83	250	1425	13369.33	13.521146484375	11.8612380782952	77.8799	1.5951798
4992000	784.14	256	1414	13455.15	12.64403125	10.997380725086314	70.60078	1.4228708
5024000	637.04	241	1359	13541.85	12.193548828125	10.191290322500876	62.726036	1.8873681
5056000	602.99	257	1398	13627.37	11.6068466796875	9.745015151989247	63.624523	1.860599
5088000	700.15	240	1383	13712.87	11.265669921875	8.648894438019232	55.825394	1.761054
5120000	604.73	257	972	13798.78	10.0318671875	7.620081661717937	101.76727	1.9749534
5152000	621.3	258	1408	13885.04	9.4958125	7.170520160699641	66.809204	1.6465795
5184000	592.94	256	1382	13970.62	8.836728515625	6.167074557174576	60.6812	1.6066344
5216000	832.76	242	1491	14056.08	9.085873046875	6.98040505182185	69.829056	1.629272
5248000	796.63	241	1400	14142.17	8.448013671875	5.514679274445614	47.381474	1.4320247
5280000	793.55	256	1421	14228.14	7.98193212890625	5.342675513319613	46.37961	1.2193415
5312000	932.38	374	1628	14313.78	7.84273583984375	5.114479292899718	50.04429	1.2579182
5344000	764.78	241	1433	14399.88	8.405818359375	5.899086263990382	51.7888	1.6149353
5376000	843.03	240	1492	14484.32	8.68783984375	5.50944341988145	41.080498	1.2808056
5408000	881.01	240	1424	14570.15	8.8756455078125	6.22448918586899	51.496834	1.8793669
5440000	903.83	358	1626	14655.92	8.4562353515625	5.940133626443095	45.147903	1.3565234
5472000	832.45	240	1487	14741.95	8.8184072265625	6.602006974682017	50.162907	1.2437094
5504000	835.19	240	1492	14827.46	9.1529521484375	7.810239172874286	79.74573	1.4610267
5536000	768.6	242	1490	14913.24	9.334537109375	7.929849167071213	58.976673	1.3332791
5568000	872.14	358	1420	14999.25	10.1597109375	9.299198554176591	69.586685	1.3660517
5600000	856.28	360	1426	15084.96	10.130080078125	9.378327742726844	76.28191	1.3894501
5632000	777.76	240	1426	15171.1	9.975341796875	9.244344977471362	69.535164	0.94266915
5664000	861.37	240	1423	15257.16	10.1183837890625	9.732681734753275	67.56204	0.8642355
5696000	864.98	240	1562	15343.79	9.836505859375	9.167427903997936	70.51439	1.4483249
5728000	824.69	256	1420	15430.72	10.098994140625	10.068881904784662	73.63532	1.5534794
5760000	851.91	240	1495	15515.89	10.0397646484375	10.026409657748879	74.683655	1.6597725
5792000	845.51	257	1490	15601.44	10.4780107421875	9.764082778223461	80.80517	1.7784463
5824000	844.5	256	1722	15687.24	10.2231787109375	10.263489599059376	103.44784	0.9525312
5856000	736.08	240	1420	15772.44	10.1131162109375	10.517704567775233	78.76212	1.2006005
5888000	916.64	240	1493	15857.16	10.465341796875	10.265089883313248	87.88176	1.8988311
5920000	940.17	256	1485	15942.99	10.7770302734375	10.795084963769392	80.67851	1.401017
5952000	842.46	240	1622	16028.61	9.8882568359375	9.018031416279275	77.064	1.4733524
5984000	934.16	240	1403	16113.94	9.6951484375	8.53462387498711	70.09799	1.8137183
6016000	880.04	240	1495	16198.91	10.049578125	8.5763296163044	64.20098	1.646436
6048000	951.87	256	1485	16284.6	9.583833984375	8.001681219828118	77.251785	1.5778317
6080000	901.81	263	1421	16369.94	10.364490234375	8.306429644407999	74.89577	1.8013923
6112000	780.35	256	1406	16455.53	10.0259658203125	8.259654388955994	68.79655	1.5000422
6144000	618.42	257	1419	16541.17	9.7968564453125	7.109472114721317	45.523666	1.5697068
6176000	812.35	257	1420	16627.32	9.8157392578125	7.414876832254195	59.733803	2.105801
6208000	718.29	364	1429	16713.09	10.0814560546875	7.477459357127928	57.904823	1.6748977
6240000	592.05	364	1398	16799.23	9.3105205078125	6.216210222575327	49.49028	1.9668899
6272000	695.93	256	1403	16885.01	9.703083984375	7.272513535566641	65.897766	1.8301836
6304000	689.07	256	1420	16970.44	10.39901171875	7.504532484605553	57.69002	2.1333857
6336000	759.22	240	1422	17055.91	10.3490234375	7.339913891695188	57.33567	1.3617165
6368000	906.38	256	1494	17142.1	10.174869140625	7.3942627146829185	54.70311	1.6376781
6400000	862.46	364	1485	17228.15	9.993884765625	7.009620620975147	57.19081	1.1190542
6432000	770.42	240	1611	17313.95	9.857451171875	7.098080176181444	49.550262	1.7872057
6464000	808.89	240	1481	17399.85	9.67896875	7.145300575378197	51.93562	1.3278906
6496000	928.77	240	1494	17485.63	9.64896484375	6.8564699144311865	51.692413	1.4635711
6528000	840.14	240	1427	17571.68	9.7475859375	7.066761159205114	58.263237	1.119611
6560000	932.93	240	1433	17659.04	9.5466513671875	7.045842635022443	60.604794	1.9655025
6592000	875.89	240	1435	17745.58	9.28701953125	6.787255405353478	77.46742	1.3815063
6624000	874.82	240	1611	17832.49	9.175720703125	6.710486196990498	65.698944	1.0472308
6656000	882.13	240	1491	17918.62	9.2929150390625	6.954987531441016	53.65639	1.1973486
6688000	882.38	240	1581	18004.63	9.4291015625	7.401276811300871	63.918602	1.3341154
6720000	857.91	256	1494	18090.22	9.14108203125	7.190723733568131	59.567642	1.1941085
6752000	948.83	240	1813	18176.38	8.779865234375	6.554524022097257	53.689884	0.96593225
6784000	933.03	364	1424	18262.31	9.127671875	7.126445577039089	60.790104	1.2835944
6816000	942.55	256	1435	18348.08	9.3844013671875	7.672320888264515	68.82793	1.1807579
6848000	1015.98	256	1908	18434.0	9.0836904296875	7.025720603610708	60.56974	1.5575807
6880000	883.73	256	1640	18519.44	9.2964052734375	7.260867393948192	58.627846	1.3254085
6912000	955.07	256	2127	18605.51	9.2831875	7.250343472467356	74.48459	1.9059036
6944000	906.76	240	1435	18691.02	9.3306640625	7.311698674042852	59.861954	1.5780605
6976000	842.83	240	1611	18776.97	9.0989013671875	6.9689845812535705	59.635437	1.589778
7008000	937.68	240	1611	18862.78	9.7956953125	8.302258258299364	72.104836	1.6352463
7040000	791.67	240	1428	18951.59	9.43074609375	8.181048030356502	67.271454	1.8097265
7072000	960.51	240	1817	19037.92	9.45263671875	7.726752430678752	61.206303	1.2808741
7104000	959.68	240	1980	19123.65	9.5545654296875	8.450234834014969	78.07357	1.8030491
7136000	860.44	240	2018	19211.74	8.8314150390625	7.092304643502703	57.298862	1.6677983
7168000	771.89	240	1767	19297.71	8.826501953125	7.279018434857821	68.692505	1.6241361
7200000	968.08	240	1766	19383.21	8.898599609375	6.921583938575766	60.156178	1.6326385
7232000	790.69	240	1435	19468.79	8.95848828125	7.6033750729528	81.49884	1.8652934
7264000	993.17	240	1799	19554.93	9.019083984375	8.257463480088786	77.34581	1.6946492
7296000	997.74	256	2116	19640.13	8.536763671875	6.770606278244217	59.873795	1.7766525
7328000	853.42	256	1695	19724.66	8.951044921875	7.993042873336787	82.40491	1.604053
7360000	1015.7	386	1897	19809.7	9.570185546875	9.409783804636534	105.208755	1.1716616
7392000	767.39	240	1669	19895.08	8.93304296875	7.926397008177801	81.64434	1.69351
7424000	1044.9	256	2017	19980.98	8.6254462890625	7.482496763280289	63.95085	1.4672667
7456000	842.48	257	1667	20066.68	8.7377734375	7.569831931341012	74.82196	1.6376595
7488000	1014.24	256	2013	20151.95	8.4854638671875	7.228623658761051	80.11732	1.1864672
7520000	868.16	257	1434	20237.61	8.75398046875	7.5258476474414495	85.43939	1.4365613
7552000	941.76	240	1432	20323.62	8.6584765625	7.488919158079489	76.03864	1.6771525
7584000	1001.87	240	1714	20409.61	9.857697265625	9.155085676824658	96.02355	1.7279875
7616000	876.44	257	1417	20495.48	9.7370625	8.115639319394376	71.29117	1.7159778
7648000	1027.23	256	1752	20581.43	9.957607421875	8.698754849833394	78.76438	1.5730232
7680000	1014.19	260	1430	20667.41	9.4075966796875	8.110689320273586	81.99011	1.6958677
7712000	844.1	256	1490	20753.26	9.853142578125	8.459743365640591	76.498955	1.7001145
7744000	852.02	257	2138	20838.68	10.3741796875	8.817342641068226	68.41226	1.7428944
7776000	951.45	257	1417	20924.15	9.72439453125	8.224597729524527	59.33619	1.5626514
7808000	1151.3	560	1490	21010.02	9.6836201171875	8.616505781057656	62.804546	1.680499
7840000	1064.37	256	1622	21095.44	9.399888671875	8.225493906143265	57.875267	1.3167219
7872000	835.8	256	2020	21181.5	10.21092578125	10.082931896278978	78.76876	1.526588
7904000	879.26	256	1417	21267.07	10.05683203125	10.467353265033143	68.09997	1.4791291
7936000	1051.07	263	1433	21352.69	9.609662109375	9.77231980519467	105.431046	1.690463
7968000	1033.35	256	1431	21438.05	9.95252734375	9.889923849555162	70.74937	1.5243492
8000000	985.4	240	1424	21523.09	9.8582578125	9.94680774796618	103.61259	1.5677998
8032000	903.19	448	1420	21607.82	9.1033388671875	8.976706836306954	64.960075	1.713756
8064000	832.24	257	1493	21693.45	9.1479619140625	9.405653220271306	96.69536	1.6287408
8096000	885.48	240	1489	21779.8	9.960205078125	9.375273329348857	74.54321	1.5476949
8128000	920.16	240	1945	21865.47	10.51353125	10.009290215844478	85.72337	1.9526696
8160000	968.52	256	1493	21950.77	10.61473828125	9.816910632933357	83.77967	1.0220124
8192000	861.17	256	1496	22035.95	10.4163076171875	9.802620026044057	96.708435	1.4869354
8224000	990.64	240	1429	22121.46	10.149689453125	9.381395735043906	72.80829	1.4703825
8256000	1000.87	240	2020	22206.23	10.577892578125	9.626089629880868	77.112274	1.8933161
8288000	966.49	256	1547	22291.41	9.814640625	8.31530779646791	66.081764	1.6832604
8320000	969.5	257	1432	22377.02	10.24083984375	9.015168640962852	77.0149	1.5500437
8352000	947.93	240	1435	22463.16	10.1212001953125	9.677305119453452	77.35495	1.9857633
8384000	1109.57	363	1431	22548.77	9.6504140625	9.517860267019053	125.119804	1.5510161
8416000	865.35	240	2018	22632.34	8.587244140625	8.161046003730158	89.79324	1.4570327
8448000	1160.18	256	2123	22716.57	8.7357138671875	8.120950914147924	57.150192	1.2156752
8480000	1064.45	257	1491	22801.21	9.41451953125	8.473463171867804	58.430973	1.6552
8512000	1104.97	257	1694	22885.98	10.13405078125	9.38271349344101	68.691475	1.5241282
8544000	1198.76	240	1499	22971.96	9.1651796875	9.069294866471152	99.83917	1.2766671
8576000	1210.17	256	1493	23057.64	8.9805693359375	8.202835828236477	65.05855	1.145159
8608000	1074.02	240	1494	23143.47	8.9928857421875	8.611331560798249	96.701355	1.5563445
8640000	1060.56	256	1494	23229.4	8.744875	8.346347910164061	70.881386	1.5510706
8672000	1130.62	257	1437	23314.59	8.7609892578125	8.149148728548276	78.15351	1.4888372
8704000	999.09	257	1810	23399.29	9.4057685546875	9.488810021546431	82.08167	1.8914944
8736000	1048.57	257	1813	23483.29	9.0681201171875	9.440735372575592	82.65842	1.6171484
8768000	1142.74	257	1431	23567.63	9.3114052734375	9.339229675808385	85.779854	1.632591
8800000	1199.91	257	1432	23651.12	8.823474609375	9.01833462314412	81.22971	1.3739847
8832000	1028.52	240	1666	23734.23	8.4455498046875	8.356342089993683	70.44618	1.5463784
8864000	930.39	240	1722	23818.91	8.1380732421875	8.476598300615642	73.55926	1.2370213
8896000	1211.78	256	1813	23902.69	8.333103515625	8.59027975388462	70.452736	1.457331
8928000	1129.76	240	1478	23987.42	8.3288017578125	9.573268446565153	104.10465	1.227605
8960000	1099.01	257	1428	24070.91	8.05365283203125	8.600634969291512	83.47134	1.12214
8992000	1258.16	257	1804	24156.02	8.467341796875	9.467396355387262	92.59237	1.2292461
9024000	1090.42	257	1486	24241.57	7.2754375	7.036684843997918	63.894516	0.91030407
9056000	941.07	257	2019	24327.45	8.296171875	9.808206863387415	88.05971	1.33576
9088000	1045.14	257	1494	24412.55	7.7055439453125	8.286483723510232	70.78331	0.9941137
9120000	972.23	257	1693	24497.77	8.10174609375	9.36138469658736	99.15762	1.177042
9152000	991.48	371	1693	24582.27	8.2759765625	9.928443593408787	81.48609	1.0628476
9184000	1026.05	370	1939	24665.78	8.0878828125	9.17740516840136	95.563835	1.1079955
9216000	1125.84	363	1421	24750.96	8.452197265625	9.990031750450045	98.525185	0.79439116
9248000	1018.22	257	1818	24836.3	8.4106865234375	9.851921608244758	98.36404	0.948396
9280000	1014.33	257	2019	24921.19	8.69610546875	10.116817295350351	86.01713	1.0422016
9312000	1007.45	240	1611	25006.76	9.628490234375	11.964619718152349	98.64152	0.9453881
9344000	1119.2	363	1420	25092.25	8.586033203125	10.664098282906998	117.30944	0.7795838
9376000	957.81	257	1408	25178.02	8.823763671875	10.768355332291929	136.03157	0.87501633
9408000	1107.56	257	2106	25263.66	10.5273134765625	12.374109816467607	91.909744	0.83476937
9440000	1117.61	257	2128	25349.45	10.05378125	12.18248037654894	101.72911	1.0570779
9472000	1099.29	257	1494	25435.29	10.044298828125	12.124543161496849	90.0576	0.9852594
9504000	1252.63	362	2022	25521.17	9.67159765625	12.525751599205535	112.50545	0.9913378
9536000	1149.86	240	1434	25606.61	8.875623046875	10.915972385683283	105.722206	1.0668314
9568000	1145.69	257	2197	25692.16	9.9299609375	13.228936087229389	158.8993	1.0720332
9600000	977.39	256	1434	25778.26	9.673431640625	12.018712623446822	134.11137	0.7503647
9632000	1182.65	257	2125	25863.99	8.44395703125	10.285490766730579	90.53909	1.1075028
9664000	1184.85	257	1429	25949.86	8.6923125	10.35328035274328	86.29199	0.9716828
9696000	947.34	257	2019	26035.78	8.1487294921875	9.929017606238796	97.87893	0.87878704
9728000	1248.65	257	1431	26122.41	8.8869287109375	12.01596529102011	115.639755	0.8417265
9760000	1210.8	257	1983	26208.18	7.55103369140625	8.809675965947896	77.726746	1.3236138
9792000	1166.09	391	1809	26294.75	8.0047998046875	10.682560627607035	128.8171	1.0550942
9824000	1107.26	257	1428	26381.6	7.5324775390625	11.000827738743117	122.87823	1.0576115
9856000	1066.77	257	1611	26465.58	8.286169921875	9.99361358568561	114.601746	1.3566121
9888000	1170.02	257	1432	26550.74	7.41066650390625	8.513522332149014	130.16159	1.1697844
9920000	1086.61	256	1430	26635.61	7.93914306640625	9.716642456373497	141.17685	1.0801803
9952000	1134.55	256	1496	26719.6	8.244748046875	9.1307490451222	110.92459	1.4660265
9984000	1058.04	256	1816	26805.18	8.0359560546875	9.155338691850783	112.218735	0.8686985
10016000	1183.66	256	1752	26888.81	8.37861328125	9.98938264483847	126.11144	1.3431631
10048000	1097.69	399	1493	26973.69	7.73681591796875	10.186023666033767	130.66057	1.1675174
10080000	1213.49	257	1713	27059.44	8.1561640625	9.495176818390481	100.0951	1.2804499
10112000	1184.53	256	1688	27145.64	7.4196337890625	8.249313891924588	126.0273	1.2378904
10144000	1158.92	257	1659	27231.4	8.070775390625	9.455464276676212	125.9134	1.1717839
10176000	1255.81	257	1619	27316.95	8.1985625	10.678321350989583	149.96667	0.84260607
10208000	1214.46	256	1428	27403.28	7.58856689453125	8.63015018336877	143.51595	1.297267
10240000	1317.51	257	2129	27489.62	7.50372509765625	9.352994172990808	141.86934	0.79949063
10272000	1248.34	240	1731	27574.95	7.13344091796875	7.920958896734031	111.839424	0.8403611
10304000	1125.01	240	1431	27660.28	6.8200302734375	7.302444475139815	112.03699	1.0448632
10336000	1207.73	256	1697	27746.01	7.1832568359375	9.690392310169903	130.39398	1.0352712
10368000	1303.65	256	1492	27830.84	6.29857763671875	6.6413512838126545	58.389732	0.70170027
10400000	1192.93	256	1621	27915.39	6.28893603515625	6.742309276130842	79.14389	1.0251241
10432000	1234.36	257	1737	27998.21	6.5162412109375	10.063885774143106	189.25949	0.9110044
10464000	1092.86	256	2124	28082.38	5.7463720703125	7.208913753125363	96.00174	0.9755501
10496000	1128.66	368	2332	28168.06	6.22188134765625	6.93358166372186	57.04677	0.95752764
10528000	1170.98	257	1494	28253.26	5.93769921875	7.392815082480421	116.454094	0.8533845
10560000	1169.53	257	1428	28337.01	6.3639658203125	7.983886604436464	90.700386	0.76587856
10592000	1195.86	256	2128	28422.24	5.906048828125	8.146798642718501	116.51582	0.6946064
10624000	1264.24	257	1429	28507.41	6.11033642578125	8.475732822299202	117.86296	0.7774335
10656000	1108.35	257	2120	28593.32	5.6324833984375	7.0741957913073055	124.91885	0.7237042
10688000	1016.76	256	1830	28678.8	6.041625	6.835448732526636	57.82408	0.9116694
10720000	1190.49	240	1426	28764.57	5.9073203125	8.160487405020609	137.61697	0.6567471
10752000	1220.29	256	1433	28850.31	6.224986328125	7.621346460764003	82.95764	0.7191579
10784000	1133.08	256	1433	28936.18	5.566611328125	7.289021603583021	118.47884	0.71757525
10816000	887.34	256	1537	29021.43	5.6883916015625	6.494447448109039	61.65785	0.85963416
10848000	904.87	257	1430	29107.54	6.1311845703125	8.879775123841819	131.66818	0.6443691
10880000	1053.18	257	1536	29195.0	6.3739892578125	7.754226166259274	142.229	0.7997328
10912000	1120.73	256	1433	29280.42	7.2952666015625	9.125580460989864	137.72334	0.8149527
10944000	1183.33	256	1693	29366.33	6.6838359375	8.997256526297337	141.05196	0.9395527
10976000	1094.75	256	2233	29451.5	7.02468408203125	8.591536987786295	119.580124	0.6482794
11008000	1111.12	260	1494	29536.45	7.1808779296875	9.083123086251776	117.35811	0.8341998
11040000	981.48	256	1653	29622.42	8.0605380859375	8.609901639972433	69.61995	0.8403592
11072000	1084.27	256	2086	29707.84	8.812888671875	10.22090879337547	95.82836	1.1752689
11104000	1230.49	256	1432	29793.14	8.8763349609375	11.0236344108919	138.4782	0.80256975
11136000	1170.68	257	1692	29878.37	9.1119638671875	9.617249720554208	74.453705	0.64821965
11168000	1072.05	256	1611	29963.99	8.850470703125	9.069257825202678	59.73981	0.8129542
11200000	1047.01	256	1433	30049.99	8.749169921875	8.64814647771417	65.657936	0.45438153
11232000	1310.87	256	1433	30135.47	10.04959765625	10.846145268596581	136.7815	0.98949444
11264000	1250.06	256	1760	30221.32	8.0806669921875	7.209148918214965	49.356213	0.9170977
11296000	1213.12	256	1493	30306.83	8.137111328125	7.995119116529784	99.83449	0.7789296
11328000	1189.7	257	1433	30393.23	7.696419921875	8.84585001568532	125.769135	0.9841006
11360000	1241.54	257	1435	30479.36	6.87482275390625	7.6695687725093125	124.47829	0.826143
11392000	1205.97	256	1965	30564.31	6.310552734375	7.7160562101050045	125.111916	0.5707767
11424000	1273.89	260	1424	30650.45	5.8606123046875	7.310781047962659	123.53188	0.5707367
11456000	1087.16	257	1433	30735.63	6.25973828125	8.066316925958215	119.308556	0.66070217
11488000	1178.61	256	2183	30821.07	6.1634140625	6.704166148746614	63.544445	0.6665193
11520000	976.39	256	1494	30906.28	6.2874462890625	7.133384595074767	100.36814	0.7712468
11552000	1150.74	256	1784	30991.76	6.2112939453125	6.960713976489768	66.95401	0.8721742
11584000	1161.31	256	1433	31077.37	6.77433056640625	11.313879059588713	119.919426	0.7419742
11616000	1248.71	368	1422	31162.68	5.5786630859375	6.170261339684082	77.15107	0.6332363
11648000	1249.08	257	1434	31247.8	5.440568359375	7.117561632592302	96.25933	0.91017765
11680000	1082.94	256	1421	31333.04	5.656662109375	6.296848169918027	62.3799	0.7511732
11712000	1223.98	257	1624	31418.26	5.804259765625	8.720266893134637	118.076355	0.78111637
11744000	1088.46	257	1426	31503.35	6.031791015625	6.801902594587047	69.00075	0.89701086
11776000	1234.99	256	1621	31586.74	7.07128466796875	11.496101920868657	137.48016	0.6207522
11808000	1210.26	257	1623	31671.08	6.794650390625	11.553468094039989	165.35576	0.86376125
11840000	1268.09	257	2074	31756.51	6.7914951171875	9.373689908461875	128.63593	0.68467236
11872000	1250.3	256	1623	31840.77	6.1029150390625	8.07993197875143	129.24191	0.7908753
11904000	1142.08	257	1494	31926.2	6.0117314453125	8.799074436410912	134.31369	0.77788067
11936000	1166.38	368	1768	32011.62	6.75828173828125	10.065780909224083	155.37338	0.78546643
11968000	1094.49	260	1822	32096.48	6.9515849609375	10.501726048607438	139.94714	0.7154622
12000000	1097.89	257	1769	32181.52	7.583369140625	11.14405320675561	143.69843	0.9074011
12032000	1133.23	256	2023	32265.68	7.294240234375	11.330973521171957	147.37238	1.0617621
12064000	1039.47	257	1829	32350.68	7.5892275390625	10.447738615963743	125.81381	0.94426894
12096000	1032.17	257	1984	32436.59	7.99467626953125	12.59555353090923	161.9062	0.9113263
12128000	889.45	257	2125	32521.85	8.9409248046875	13.400875671014935	159.09232	0.9263214
12160000	1077.39	257	1807	32606.72	10.077283203125	13.942083327107179	148.1081	1.0423586
12192000	970.57	256	1435	32691.85	9.31140625	13.36067807972335	194.5996	1.0642756
12224000	1257.87	257	1611	32777.3	11.168494140625	16.870106697943555	176.11844	1.0144542
12256000	1011.12	257	1683	32861.89	11.3152509765625	15.668839499146067	118.858765	0.8954091
12288000	1091.16	257	1538	32947.85	11.147501953125	16.73411933744946	169.73778	1.07446
12320000	1181.37	256	1734	33032.93	10.60302734375	14.107098169006978	111.91457	0.88152087
12352000	1099.77	256	2239	33117.76	11.7833408203125	16.607733514841815	137.11475	1.1586206
12384000	1017.81	257	2129	33202.83	12.31428125	16.075440312787705	137.08171	0.89448524
12416000	1018.13	256	1768	33288.08	12.8559306640625	17.187746361870715	119.609695	0.7264731
12448000	782.28	256	1494	33373.41	13.73334375	18.34941756568856	170.68666	0.7947254
12480000	1183.95	363	2018	33458.55	13.96026953125	17.25730551824357	148.91948	0.79988664
12512000	1217.02	256	2125	33543.73	14.0225654296875	19.61916314474193	176.83289	1.1255896
12544000	1156.14	364	1494	33629.72	13.546888671875	18.638080976860252	170.63904	1.1050067
12576000	977.52	257	2124	33715.57	13.249896484375	18.843456258075374	174.04814	1.1780231
12608000	1319.56	256	2088	33800.84	13.327822265625	17.354754391808605	158.27611	0.76731765
12640000	1073.82	257	1933	33888.64	12.97149609375	18.157550082541423	139.10817	0.97465867
12672000	1246.72	257	2016	33975.89	13.190103515625	17.571747565339084	134.41739	0.81469166
12704000	1254.52	257	2122	34061.66	9.97106640625	14.303275957800716	172.34552	1.0822818
12736000	1291.53	257	2236	34147.01	10.497923828125	14.423756445531101	115.769775	0.96399444
12768000	1191.17	257	1492	34232.84	10.279767578125	14.589472338813355	122.1452	0.98130965
12800000	370.34	257	1408	34318.38	10.26908203125	16.225727063832917	130.05383	0.8374826
12832000	734.66	257	1421	34403.71	15.11791796875	24.21286589811293	169.62285	1.0350904
12864000	1026.36	256	1815	34488.78	15.75009375	26.927033349405573	195.04694	1.0751736
12896000	672.61	256	1429	34573.8	18.22835546875	31.200843337961235	257.50262	1.0593922
12928000	845.92	257	1766	34658.94	18.08947265625	28.17704739677314	280.95062	0.8195511
12960000	871.44	253	1422	34743.64	19.96601171875	29.09131313639864	194.57674	0.84853625
12992000	907.49	257	1433	34828.81	19.27151171875	28.956254721562317	221.91171	1.1141654
13024000	1040.13	256	1421	34913.85	19.04894140625	28.9620322577681	193.47563	0.9635109
13056000	1134.59	366	1724	34998.59	21.51433984375	33.169014154780065	402.72253	0.7962409
13088000	1287.43	379	1611	35083.36	19.8564296875	29.259316892231098	201.62619	0.8511849
13120000	1152.26	257	1492	35168.66	20.65253515625	30.822842584680604	192.8625	0.5955301
13152000	1159.42	257	2118	35253.49	19.49645703125	30.03447810433869	199.94469	0.7534654
13184000	1133.28	240	1492	35338.14	18.243640625	26.373523655363158	144.70764	0.86902064
13216000	1151.63	240	2125	35423.13	17.25406640625	24.79744820541017	147.26173	0.89173067
13248000	1151.39	240	1496	35506.08	16.60301953125	24.71043807786499	171.06604	0.7169552
13280000	1213.52	263	1816	35589.93	14.71833984375	24.106258264193553	204.66072	0.96392024
13312000	1297.97	738	2244	35672.96	15.818609375	27.944315164269103	304.92432	0.86385417
13344000	1206.85	445	1434	35758.06	14.2617275390625	23.94954853436699	219.1746	0.80639493
13376000	1121.83	258	1496	35843.54	10.722484375	18.937825904786433	159.00842	0.77484053
13408000	1159.07	257	1687	35928.68	10.070482421875	17.66058110595458	200.17911	0.8149473
13440000	1154.24	257	2021	36013.28	7.8189609375	10.64301047049189	88.00302	0.78436077
13472000	1258.0	258	2120	36099.02	7.340115234375	10.046551413918111	103.752655	0.69987607
13504000	1080.7	258	1692	36184.43	6.5568916015625	7.463888846891411	118.181526	0.7097224
13536000	1201.07	257	1432	36269.07	6.42318017578125	7.069582179131946	85.2863	0.844085
13568000	1155.54	256	2027	36354.0	6.81233349609375	8.913280996636423	141.32971	0.9549932
13600000	1087.78	260	1675	36439.37	6.78200390625	7.076534175533953	100.63404	0.9534333
13632000	1205.07	256	1537	36523.9	6.95753271484375	7.778414392969173	113.53576	0.55158335
13664000	1272.28	256	2110	36609.09	6.1183359375	7.198966125857934	148.94356	0.845014
13696000	1190.88	257	2131	36694.3	7.05420166015625	7.198421593481449	63.3171	1.2161547
13728000	1006.63	257	1627	36779.52	6.4065419921875	6.52151307692471	70.9438	0.8837317
13760000	1018.41	257	1828	36864.78	7.167009765625	7.185709287798248	62.80806	1.1640694
13792000	1022.07	257	1941	36950.0	7.27845263671875	8.39315336673291	133.68118	1.0018185
13824000	991.52	364	1611	37038.58	7.832568359375	9.443812458430122	153.91295	1.1789975
13856000	1047.33	257	2125	37126.18	7.22682177734375	7.574173325353732	93.9743	0.9876188
13888000	946.5	256	1719	37211.59	8.1722470703125	8.917094713246014	108.41878	1.2241347
13920000	1192.43	257	2128	37296.87	9.873275390625	10.882563461795204	128.57816	1.2596282
13952000	949.12	256	1427	37381.94	9.939955078125	11.27961414732348	129.6744	1.4300629
13984000	980.3	256	1611	37467.25	10.366666015625	11.877803616409896	155.41113	1.2641554
14016000	1146.49	257	1687	37551.54	10.611291015625	11.819573279099377	116.2622	1.1550949
14048000	1136.71	257	1694	37636.88	10.761759765625	11.40858982850203	111.10814	1.4539796
14080000	1074.57	370	2235	37722.18	10.105078125	11.089914477803696	145.6503	0.95523226
14112000	951.67	256	1611	37808.26	11.278546875	13.343811182529524	164.79494	1.3557621
14144000	966.33	257	1677	37893.34	10.93865234375	12.044939290008896	125.995346	0.96636903
14176000	857.77	256	2123	37978.43	11.6880146484375	13.788867225954423	130.60672	1.4406291
14208000	1122.19	256	1831	38061.94	11.36159375	11.802771787804762	128.00577	1.5602334
14240000	1167.06	256	2101	38147.1	10.4821728515625	10.86593803474877	93.12016	1.3922786
14272000	1039.71	256	2017	38232.44	11.17125	11.953413476911104	117.88669	1.6896456
14304000	1171.29	398	1672	38317.47	11.44856640625	12.28237240418153	116.092705	1.1665254
14336000	1146.76	256	1689	38402.99	10.730966796875	11.934205042649468	149.55673	1.002477
14368000	1161.82	271	2124	38487.86	11.061037109375	11.796242781072285	118.73283	1.3245292
14400000	1245.46	257	1694	38573.03	10.0453583984375	10.963292802005244	98.76207	1.2921772
14432000	1194.0	240	1695	38658.02	10.5617353515625	11.799997351694618	99.25534	0.9820633
14464000	1195.06	257	1611	38742.84	9.801939453125	10.950750545053978	88.45247	1.143856
14496000	1125.83	256	2129	38828.3	10.96853125	13.495869159672525	123.71188	1.3212764
14528000	959.81	260	1816	38913.43	9.48062890625	10.311738608256126	96.08192	1.2274859
14560000	1091.18	362	1692	38998.33	10.1401884765625	11.39227260031992	100.00541	1.3893019
14592000	1218.68	362	2130	39083.56	10.4820888671875	10.744899953000958	93.104095	0.8420341
14624000	1094.8	257	1697	39168.44	9.81103515625	10.615504580565165	101.715965	1.3764501
14656000	902.13	256	1611	39253.86	10.0413642578125	10.842192611506217	97.34833	1.058061
14688000	932.99	290	2326	39338.95	9.457333984375	9.42919005005202	83.51858	1.2711427
14720000	1196.66	269	2099	39424.36	8.554318359375	8.79821803690952	86.182884	1.3362248
14752000	1204.69	257	1693	39508.11	8.6741865234375	8.159934512604865	69.50429	1.3385109
14784000	1071.59	257	1815	39593.42	8.873365234375	9.1897348472358	90.64269	1.5861602
14816000	1228.89	257	1627	39678.23	9.64064453125	10.884228842687937	143.0153	1.224058
14848000	1231.24	256	1813	39763.13	9.2579794921875	9.117652007233003	110.51343	1.1643255
14880000	1275.67	258	2328	39848.48	8.73475390625	8.819561000979585	101.70535	1.233693
14912000	1080.58	256	2233	39932.85	9.522279296875	9.157530200605402	84.3225	1.5771068
14944000	1177.98	256	2239	40017.26	9.447291015625	8.735133799776623	89.209854	1.2440925
14976000	989.74	256	1814	40102.39	9.6878486328125	10.321304574761855	96.928246	1.6759303
15008000	1119.4	257	2321	40189.94	9.48866796875	8.980831148897078	110.690346	1.1555452
15040000	1163.27	256	1816	40275.5	10.139912109375	10.662003212342416	92.76947	1.5870899
15072000	1044.32	356	2229	40361.38	10.0736259765625	10.366499906549944	97.10998	1.1769664
15104000	1062.31	379	2114	40446.6	10.1449140625	9.950269704259277	101.82309	1.6086055
15136000	1135.46	257	2117	40532.2	10.346427734375	9.767975417147609	102.56444	1.6175972
15168000	1080.55	364	1692	40617.18	9.5491083984375	9.169436324005964	109.53782	1.32876
15200000	1196.75	257	2105	40702.84	9.75847265625	8.758035595954151	96.62833	1.6017637
15232000	1029.39	258	1812	40787.85	10.145376953125	9.81298247221506	113.78014	1.9456942
15264000	1132.92	258	2246	40872.56	10.4252490234375	9.806036884236159	112.667915	1.7143655
15296000	1100.97	256	1953	40957.39	11.3261943359375	10.064150097623743	93.86871	1.6697192
15328000	1260.63	258	1958	41043.11	10.174412109375	10.018325006581689	146.73805	1.6670129
15360000	1212.37	260	1997	41128.46	9.969599609375	8.960911208549051	107.83182	1.6443563
15392000	1266.27	331	1813	41214.03	9.1912236328125	7.714302868697858	69.37784	1.4163558
15424000	1156.64	257	1815	41298.59	9.918501953125	9.950380803014527	104.831604	1.6603522
15456000	1153.35	257	1621	41383.36	9.57567578125	8.264806315788652	103.80467	1.6244056
15488000	1125.52	257	1616	41467.74	8.9724384765625	8.222366124632252	82.91046	1.62681
15520000	1250.5	258	2018	41551.95	8.736830078125	8.754488134665555	106.06411	1.8463781
15552000	1162.92	384	1815	41636.68	8.9711748046875	7.765994583760666	79.397514	1.7791317
15584000	1289.28	258	1782	41720.3	8.5420390625	7.5192858807369465	83.55735	1.4202875
15616000	1239.06	258	2018	41804.32	8.7199501953125	8.254014648187875	100.089714	1.4200094
15648000	1338.18	257	2014	41889.3	8.4871328125	8.887565488506961	110.14949	1.8128238
15680000	1212.46	373	1687	41975.03	8.151486328125	7.7663097032149055	71.083954	1.4332414
15712000	1235.74	257	1815	42060.92	7.9644091796875	8.00698401202038	94.12414	1.4587631
15744000	1261.82	258	2126	42145.89	7.6456279296875	7.044007315619427	71.41732	1.3512933
15776000	1137.42	258	1700	42231.18	7.924453125	9.195911115816637	131.09898	1.0346036
15808000	1328.47	258	2238	42316.22	6.99920703125	6.911811109434343	80.02808	1.4929948
15840000	1237.4	256	2020	42401.3	7.39698779296875	9.014087932231414	102.3407	1.3388186
15872000	1284.8	443	2018	42486.22	6.7850234375	7.086399826428085	73.1064	1.0158851
15904000	1248.8	256	1808	42571.48	7.6591884765625	9.787792141233895	119.66552	1.0734481
15936000	1178.66	258	2125	42656.52	6.9460107421875	6.606213930838147	62.737892	1.3518033
15968000	1106.69	256	2238	42741.52	7.402607421875	8.19775216904	120.05112	1.3011343
16000000	1333.56	258	2128	42828.9	7.07387841796875	8.766656022252727	108.18452	1.0417966
16032000	1114.82	260	2237	42917.97	8.0587919921875	9.98990271474152	105.33345	1.132279
16064000	1335.97	258	2123	43003.88	7.0735322265625	7.089230388413117	119.538605	1.4107203
16096000	1252.03	256	2234	43089.24	7.311619140625	7.8094749143268265	85.7614	1.0042399
16128000	1280.17	393	2127	43174.62	7.405068359375	8.548259599912722	137.82089	1.218919
16160000	1141.59	256	1815	43259.95	7.6585234375	8.661404151464126	110.58417	1.2919595
16192000	1127.86	358	2129	43345.29	7.766060546875	8.02305223636865	82.82564	1.1640706
16224000	1192.84	258	2003	43430.48	7.235228515625	7.268069078166498	73.115135	1.2701201
16256000	1271.76	258	2024	43516.09	8.246060546875	8.908266438398663	82.22606	1.3286812
16288000	1251.54	364	2237	43601.27	7.98833642578125	9.048875966107614	112.08022	1.3954778
16320000	1131.18	258	2241	43686.68	7.436798828125	8.403215065527004	105.418846	0.948716
16352000	1421.33	257	2324	43771.63	8.6161826171875	10.669112838001105	148.07564	1.1900182
16384000	1313.02	257	2247	43856.91	7.8287607421875	7.827930761063232	83.586205	1.0775201
16416000	1320.86	258	2234	43945.76	8.258341796875	8.387539120624117	95.72431	1.120692
16448000	1149.8	258	2122	44032.22	8.094572265625	9.090050364271915	97.29303	1.2081782
16480000	1223.55	364	2127	44118.45	8.768662109375	9.413494303392337	140.59248	1.2063837
16512000	1089.26	257	2124	44202.46	8.9599296875	8.552969148196432	72.84653	1.0146489
16544000	1280.32	257	2246	44287.77	9.8519609375	11.581886450401765	137.98715	1.77354
16576000	1297.43	257	2318	44371.98	9.113724609375	9.347450354240989	111.1353	1.5603008
16608000	1134.42	257	2005	44456.78	9.74839453125	10.57900264084474	114.29307	1.554116
16640000	1184.34	263	2327	44541.4	9.872666015625	9.957637615167565	120.86545	1.6615747
16672000	1300.89	257	2243	44626.09	8.625916015625	8.048781206260362	107.103676	1.3025017
16704000	1219.82	258	2120	44710.95	9.459669921875	10.318053428941916	139.94351	1.6765729
16736000	1249.4	373	2317	44796.27	9.187083984375	9.955752890916889	114.90633	1.6096427
16768000	1317.6	257	2328	44881.84	9.911603515625	12.220395349578506	136.64362	1.1976047
16800000	1293.2	256	2236	44967.42	8.6531435546875	8.945353193138883	95.06192	1.4899046
16832000	1365.25	258	2328	45053.53	8.617125	9.08547518707745	120.69829	1.482708
16864000	1338.27	366	2328	45138.23	8.9507646484375	8.765828540417614	97.09681	1.3830098
16896000	1399.08	557	2318	45222.77	9.191650390625	11.248470729392507	165.16116	1.648481
16928000	1307.59	257	2125	45306.69	9.26830859375	10.718650145307477	129.96028	1.5246123
16960000	1407.31	258	2245	45390.44	9.2012353515625	11.105532123676019	140.87787	1.7402964
16992000	1377.4	257	2236	45476.37	8.0625859375	8.904048412098847	124.16649	1.2375783
17024000	1560.32	445	2317	45563.61	7.19226171875	6.582508782751452	63.86041	1.1070883
17056000	1407.01	362	2317	45648.38	7.04447900390625	7.269782278376705	110.801186	0.97469765
17088000	1217.45	256	2245	45733.25	7.5154892578125	7.514040503450857	83.25899	1.3028635
17120000	1326.76	256	2248	45818.2	7.125021484375	7.0020627541103915	93.305466	0.90822816
17152000	1301.7	256	2545	45901.18	7.99032421875	9.02004625126723	90.97899	1.2342889
17184000	1477.24	256	2321	45983.03	6.734615234375	6.15346828016526	70.57524	1.1961629
17216000	1384.51	256	2239	46065.35	7.40112060546875	7.918230300625892	96.21813	0.95500493
17248000	1383.69	257	2248	46147.6	7.75182568359375	8.24687867089725	98.39043	1.1839933
17280000	1438.21	395	2426	46231.43	7.3313115234375	7.386847211006195	65.119576	1.2706627
17312000	1481.35	260	2327	46314.41	6.7296982421875	6.52067984377396	95.85082	0.92348063
17344000	1403.49	260	2123	46398.55	6.6976513671875	6.44346386367612	89.30948	1.1529691
17376000	1338.37	258	2242	46480.58	7.0703720703125	7.02104092175797	82.27339	1.2832999
17408000	1309.94	256	2246	46561.37	8.0291591796875	8.967120496569676	124.29582	1.2930915
17440000	1449.23	256	2319	46644.76	7.45739453125	7.612461001542142	73.792404	1.3791672
17472000	1431.05	260	2329	46729.16	7.84190771484375	7.922523272291474	79.00139	1.565728
17504000	1527.35	256	2321	46812.96	7.8973740234375	7.871538425714506	103.472404	1.3249626
17536000	1331.38	260	2123	46896.53	7.9785361328125	8.408946128974783	80.78867	1.3630941
17568000	1494.37	256	2125	46981.07	7.91079736328125	6.589952105288779	63.75662	1.0982878
17600000	1338.41	256	2245	47065.71	8.64081640625	9.350580279453249	89.86524	1.0161531
17632000	1358.33	367	2248	47149.97	8.1046044921875	8.86895128383283	123.027794	1.6109853
17664000	1274.15	256	2242	47234.5	8.028662109375	7.861291143158355	64.441315	1.4445623
17696000	1458.55	256	2242	47319.28	8.1462578125	9.033560690558293	147.6186	1.4259484
17728000	1375.23	258	2329	47404.19	8.203873046875	8.289249438278475	99.960846	1.0641193
17760000	1184.55	258	2321	47489.04	8.12065185546875	8.069669051067088	74.31261	1.4530793
17792000	1263.07	256	2243	47573.83	8.32801171875	8.930211188712168	116.14176	1.5526593
17824000	1378.49	361	2328	47658.6	7.62914794921875	7.285746197627941	77.38887	1.0446155
17856000	1440.05	257	2235	47742.99	8.289716796875	8.60606980566623	108.718704	1.10692
17888000	1107.58	257	2248	47827.71	8.48898046875	9.055898457635223	93.97682	1.4025211
17920000	1375.7	256	2308	47911.91	8.674798828125	9.43623998211152	122.88417	1.4278958
17952000	1330.83	256	2238	47996.49	8.2662275390625	8.517479729209809	81.30993	1.4514751
17984000	1589.57	568	2234	48081.09	8.776359375	11.213171663271726	147.51724	1.3789744
18016000	1486.18	256	2245	48165.52	8.148599609375	9.836621625334585	120.735855	1.5320127
18048000	1322.66	257	2248	48249.76	8.03421142578125	8.270087287931126	85.825775	1.1048741
18080000	1455.42	257	2244	48334.27	8.2614677734375	7.963668968352464	71.45845	1.2636375
18112000	1298.73	258	2126	48419.36	8.8361181640625	9.608393953986274	81.70879	1.3851492
18144000	1355.95	256	2125	48504.74	8.6668203125	8.940019749698543	123.70425	1.4274204
18176000	1253.0	256	2322	48589.55	9.075052734375	10.611751298678273	129.13562	1.429034
18208000	1395.25	257	2239	48674.83	8.814244140625	9.32768769912994	98.97439	1.5346973
18240000	1499.41	256	2328	48760.28	8.7376904296875	8.986172537571266	132.01736	1.4218838
18272000	1251.22	256	2245	48845.99	8.973708984375	9.889194308056648	113.92839	1.0799272
18304000	1287.16	257	2123	48930.58	8.9229296875	10.999251039843577	183.06021	1.6190112
18336000	1458.39	256	2246	49015.45	8.2510859375	8.991340017622512	104.85146	1.3170012
18368000	1422.38	384	2240	49100.73	8.9026376953125	10.405187258045864	115.46023	1.6472127
18400000	1388.22	429	2305	49185.29	8.6379921875	9.480603966124733	130.28944	1.237903
18432000	1301.42	260	2241	49270.02	8.3023203125	8.664464964728058	112.6952	1.229784
18464000	1344.71	258	2240	49354.46	8.00502685546875	9.138042477057107	105.45949	1.2536058
18496000	1476.67	258	2240	49438.91	8.4913154296875	10.017103342533709	136.8522	1.3740846
18528000	1334.92	260	2023	49523.22	7.9595625	10.82811733405212	184.49615	0.7173375
18560000	1382.22	257	2426	49607.49	8.15837841796875	9.452316597665357	156.54567	1.1359569
18592000	1376.95	256	2426	49692.24	8.1513046875	8.558500890927103	88.03233	1.4036705
18624000	1326.8	256	2327	49777.08	7.604923828125	8.132484533492825	85.48321	1.045409
18656000	1513.63	402	2426	49861.81	8.539810546875	10.520165160300479	132.80466	1.0102735
18688000	1556.5	381	2631	49946.58	7.77998291015625	8.983552679758715	96.98804	1.0759189
18720000	1363.46	257	2631	50032.06	7.340806640625	7.506440984248128	100.358025	0.91066635
18752000	1339.54	257	2322	50117.51	7.8700390625	8.469451077992009	103.0894	1.2082803
18784000	1269.41	257	2322	50202.61	8.6351064453125	12.614859789153426	181.77238	0.82076585
18816000	1224.52	354	2234	50287.13	8.15091796875	9.300411197226712	87.09796	1.1093278
18848000	1242.35	226	2238	50372.3	8.9938779296875	11.480925757533667	150.09737	1.1086074
18880000	1454.44	226	2241	50456.56	9.080548828125	10.072172369950785	103.25729	1.0930781
18912000	1518.6	226	2241	50541.32	8.3515234375	10.175568549840348	105.68655	0.67726237
18944000	1549.46	385	2324	50626.06	8.02734375	9.607245394102307	115.87946	1.2341216
18976000	1599.1	257	2323	50711.36	8.31921484375	10.642820716919928	106.11024	1.0311661
19008000	1317.38	556	2324	50795.71	7.5520791015625	9.158832826839891	93.68821	0.98537594
19040000	1179.39	368	2324	50880.25	8.41103125	11.15166782649573	162.16048	1.088196
19072000	1274.07	260	2521	50964.55	8.7469736328125	11.391639615305603	135.10843	1.2008235
19104000	1381.29	257	2518	51050.64	8.046568359375	10.415368002379944	128.92459	1.1055574
19136000	1464.29	364	2518	51136.06	8.0806484375	9.351725275316848	110.06286	0.9997498
19168000	1350.69	256	2307	51221.36	7.423537109375	9.027737638799657	114.539276	0.968303
19200000	1270.09	257	2307	51305.76	8.1424765625	9.815563216137932	119.598076	1.1980977
19232000	1298.11	257	2250	51392.83	8.661876953125	11.384049285074271	124.489525	0.9983748
19264000	1417.08	256	2325	51484.63	8.18444873046875	9.618292305549879	129.3419	1.0412159
19296000	1403.34	362	2246	51569.39	8.63630859375	11.788480208449263	221.31837	1.1430546
19328000	1341.66	258	2323	51654.15	9.2506943359375	12.466784619540036	129.12012	1.291443
19360000	1353.12	258	2327	51739.59	8.620521484375	11.650419788574144	142.78731	1.337405
19392000	1531.59	384	2327	51824.6	7.2616259765625	7.751296262561508	69.37727	1.1168485
19424000	1460.76	257	2312	51909.68	8.232244140625	10.960003635378047	175.57538	1.2933848
19456000	1330.62	257	2325	51994.3	8.3607568359375	10.107251419154467	160.65747	1.1904135
19488000	1406.84	257	2323	52078.95	8.086771484375	10.18972215028457	156.33902	1.0519086
19520000	1557.68	257	2327	52163.45	8.200283203125	9.835523149533023	141.70683	0.97713566
19552000	1531.25	257	2323	52248.08	7.52022119140625	8.62962330797237	91.14655	0.8402623
19584000	1483.45	256	2240	52332.83	8.146087890625	10.136041047914121	118.095	1.1148938
19616000	1518.23	442	2321	52418.09	8.180603515625	10.779145809153896	145.30365	1.2713419
19648000	1563.55	257	2323	52502.82	9.083994140625	12.586600017478906	142.2486	1.283094
19680000	1430.01	257	2244	52587.36	7.3674306640625	8.342674556160032	108.53413	0.7367071
19712000	1388.41	257	2328	52672.21	7.72996484375	10.378844167343491	120.07302	1.3107189
19744000	1462.78	458	2312	52756.73	7.28779541015625	8.97534078392013	104.326096	1.2086308
19776000	1479.51	403	2313	52841.96	6.9904208984375	9.329409563980992	145.26526	0.93181
19808000	1424.83	362	2327	52928.78	7.400123046875	8.832671064010027	90.0811	1.1610007
19840000	1463.82	362	2327	53001.75	7.4577451171875	9.632633742258657	122.04984	1.1907804
19872000	1530.94	257	2320	53071.89	7.5149638671875	9.315361556992837	109.07645	1.3383586
19904000	1571.62	257	2420	53132.57	8.448486328125	11.853268272927934	160.96608	1.3547077
19936000	1215.54	257	2323	53193.52	7.656974609375	9.97565708988636	115.65379	1.1843135
19968000	1307.93	256	2531	53253.85	7.59420703125	10.833721948157983	154.85057	1.0887148
20000000	1354.11	256	2531	53316.68	7.65725390625	8.557546925083146	77.23454	1.0548933
