TotalEnvInteracts	AverageEpRet	MinEpRet	MaxEpRet	time	Averageloss	Stdloss	Maxloss	Minloss
32000	425.21	111	869	58.29	0.3898077335889125	0.2594706709586954	1.7089684	0.028009769
64000	444.01	111	1075	131.18	1.577396240234375	0.9199519800010284	7.164372	0.25185496
96000	465.92	105	1204	220.54	3.26485595703125	1.731598988967639	13.622617	0.74786866
128000	371.1	105	1084	309.29	4.7701005859375	2.7340089933614427	20.138763	1.0773362
160000	448.17	111	1224	396.53	5.603572265625	3.1690754270764843	18.9497	1.0482252
192000	324.03	111	834	483.63	7.207759765625	3.9767326216065872	24.557419	1.2773856
224000	333.38	111	1024	571.89	7.8937841796875	4.373391222066693	32.255707	1.1344424
256000	428.52	120	806	660.3	8.922669921875	5.001416986714865	42.152294	1.5390887
288000	273.75	111	1215	749.06	9.2169599609375	5.503953124800392	40.42889	1.6213398
320000	206.39	113	1208	837.32	9.9182275390625	5.5795670404947195	36.711674	1.9383446
352000	517.05	113	1060	923.92	9.4357998046875	5.185652344148709	36.893936	1.6366243
384000	521.72	113	1544	1010.34	8.17164111328125	4.6766933764680365	31.734188	1.7266076
416000	294.26	120	1656	1098.25	7.736328125	4.745465763494664	36.253487	1.8611655
448000	294.6	120	805	1185.4	8.05601025390625	5.218141805877836	41.381664	1.6458309
480000	431.78	120	1010	1273.4	7.6697216796875	4.992751777577171	49.58769	1.407332
512000	556.15	120	1786	1360.58	7.3928623046875	4.892158904819016	35.668682	1.4381013
544000	576.48	113	1065	1447.33	7.53652978515625	5.197831203372229	41.969116	1.6812909
576000	603.39	120	1126	1533.61	7.79137646484375	5.2440401439395945	40.15347	1.3833784
608000	637.89	120	1201	1619.87	7.27161328125	5.152826135966553	38.17535	1.2319193
640000	530.02	113	1201	1705.95	6.74206640625	4.914933001196456	48.007816	1.3374851
672000	537.23	113	1083	1791.35	6.5665751953125	5.157828356912916	41.742134	1.1443658
704000	548.73	120	957	1877.03	6.53539453125	4.998530252734297	41.71856	0.82776356
736000	606.71	113	1204	1962.68	6.1070556640625	4.497522538506616	37.52674	0.9653485
768000	637.31	120	1066	2047.66	5.89642578125	4.565563184044221	37.20058	0.9893147
800000	620.95	120	1184	2138.44	5.4163544921875	4.073176595499513	34.24906	1.0182674
832000	611.27	120	1192	2226.65	5.303970703125	4.041106409836915	38.326557	0.9760238
864000	641.52	120	1004	2312.17	5.518283203125	4.107757048408535	46.49359	0.8857256
896000	637.38	120	1222	2398.5	5.2861728515625	3.980400959309878	34.38845	0.8409306
928000	597.93	120	1016	2483.93	5.52203125	4.207332930803671	30.627169	0.59500706
960000	580.41	120	851	2569.95	5.40252099609375	4.0459378741214005	28.377775	0.8007664
992000	563.07	113	1202	2657.9	5.287263671875	4.187611005991363	31.099472	0.7174272
1024000	623.33	120	881	2743.59	5.41367822265625	4.211033452060788	32.188465	0.3385268
1056000	624.1	120	1011	2829.91	5.81342431640625	4.639967756488185	39.713314	0.6613772
1088000	609.42	111	851	2917.48	6.57523828125	5.016175008784083	37.922417	0.84060526
1120000	678.52	120	808	3005.97	6.0216767578125	4.817087505043894	38.425964	0.7834339
1152000	675.51	120	1208	3094.37	6.07112939453125	4.912605755859104	37.397903	0.89340174
1184000	638.57	120	1207	3181.25	6.2486826171875	4.724430355873605	31.855812	0.88788605
1216000	674.94	120	884	3268.05	6.469734375	4.890461059552566	33.028122	0.6474842
1248000	619.34	111	831	3354.85	6.7378125	4.824416860810745	29.467596	0.95870495
1280000	659.39	120	1187	3440.91	6.6942314453125	4.91565599163784	37.923893	0.95424175
1312000	607.92	113	882	3528.96	5.91397216796875	4.461582319858618	32.405495	0.83748543
1344000	666.95	120	1194	3615.49	6.2986513671875	4.6300238761533405	41.997787	0.6992181
1376000	710.37	120	1101	3701.06	6.386294921875	4.937975451791959	46.094543	0.70393
1408000	715.83	120	1061	3785.79	5.86634521484375	4.3787744878704356	44.111443	0.7392869
1440000	654.08	120	852	3871.89	5.7295029296875	4.28834084320498	37.341408	0.7610476
1472000	642.37	120	1013	3957.85	5.5617021484375	4.10792607536029	47.44903	0.8043908
1504000	719.57	120	877	4043.52	5.66850390625	4.235075357210306	32.606865	0.5920495
1536000	720.64	113	1701	4129.24	5.212302734375	4.295683243821639	36.658844	0.8390012
1568000	679.13	113	1008	4214.52	4.95894189453125	4.110627898356892	35.293816	0.6306788
1600000	719.0	120	1077	4300.59	4.8752333984375	4.149347181334674	38.315033	0.73428667
1632000	711.97	120	840	4387.06	4.9167724609375	3.944160289671935	40.384457	0.53681165
1664000	732.93	111	1212	4475.31	4.78986962890625	3.792752262745683	33.14413	0.6991067
1696000	728.59	111	1217	4561.53	4.2564599609375	3.626809219849798	39.685894	0.55010587
1728000	717.65	120	1101	4648.76	4.4789501953125	3.8856147458446006	40.83056	0.647359
1760000	726.14	120	885	4736.5	4.09517822265625	3.4257258583036094	39.574074	0.53103334
1792000	720.51	120	1210	4824.55	4.157865234375	3.6750859630677346	45.91371	0.42883056
1824000	653.05	111	1214	4907.9	3.897344970703125	3.5787004177057766	44.591927	0.61778164
1856000	720.28	111	1024	4986.42	4.03152978515625	3.8620193370016933	40.31873	0.60878205
1888000	755.04	111	1432	5062.69	3.780843994140625	3.3990043349119166	29.64822	0.44620413
1920000	783.1	120	1216	5143.52	3.590659912109375	3.563624411370045	50.01996	0.4083128
1952000	723.92	120	1216	5222.44	3.4156513671875	3.2954533368434302	51.279015	0.33857346
1984000	748.48	120	1593	5299.11	3.4271728515625	3.5921908302507397	48.44796	0.3906015
2016000	754.93	120	1212	5375.6	3.068689453125	3.170736710775983	45.895157	0.36120042
2048000	742.65	120	1801	5454.81	3.439220458984375	3.7290270283446594	56.473328	0.47362733
2080000	717.3	111	1207	5537.63	3.43513134765625	3.6934164665404983	56.777325	0.49664924
2112000	695.41	113	1213	5622.14	3.366911865234375	3.8116986862814852	44.78634	0.3816911
2144000	714.74	120	1205	5707.54	3.14948681640625	3.2452815808589706	35.581062	0.38165608
2176000	740.75	120	1949	5794.51	3.225047607421875	4.216060485290148	60.836872	0.2907992
2208000	692.17	120	1432	5881.99	3.17554736328125	3.9864937993806038	46.4521	0.3431313
2240000	742.09	120	1215	5967.83	3.1898388671875	3.790518856716716	49.961872	0.41851985
2272000	740.11	120	1423	6055.31	2.8716328125	3.5444766120155173	40.74528	0.39177102
2304000	752.18	120	1745	6138.38	2.845390380859375	3.4685432089261194	44.537262	0.25934422
2336000	718.64	120	1220	6220.19	3.027021484375	3.7486170627062587	35.627068	0.34881637
2368000	750.96	120	2087	6303.45	2.925686767578125	3.223396524824397	34.045578	0.3427385
2400000	725.1	120	1200	6390.67	3.016771728515625	3.470781499712997	31.799606	0.45610216
2432000	770.48	120	1828	6471.17	2.871715087890625	3.289046689391928	36.64534	0.35374594
2464000	747.99	120	1726	6554.33	2.7302216796875	2.999112498931976	53.80456	0.3953641
2496000	773.28	120	1616	6635.42	2.963613525390625	3.526485031825245	48.249523	0.41898385
2528000	795.34	120	1657	6718.55	2.896877685546875	3.439501689925446	39.315887	0.3163584
2560000	702.98	120	1215	6805.01	2.92771044921875	3.93687495038895	61.083324	0.37182254
2592000	761.76	120	1498	6889.12	2.92684130859375	2.9587202285151935	31.019293	0.43185753
2624000	694.66	120	1218	6970.68	2.983185791015625	3.6447958940625194	56.687782	0.3191281
2656000	696.55	120	1218	7054.26	3.194291748046875	3.603521091628645	36.231197	0.3802454
2688000	762.88	120	1678	7139.52	3.30454638671875	4.016575033532923	52.353054	0.4025519
2720000	709.8	120	1207	7224.93	3.244548583984375	3.79093233502657	55.05709	0.35363114
2752000	793.62	120	1212	7311.88	3.11190185546875	3.155311122734175	34.622807	0.4677436
2784000	753.56	120	1218	7397.11	3.36457958984375	3.926278777552926	43.206604	0.3705719
2816000	714.98	120	1209	7481.89	3.442828125	3.836014319495562	40.84358	0.34472138
2848000	725.33	120	1215	7569.09	3.2154755859375	3.3647082665143495	41.05094	0.48293477
2880000	759.67	120	1212	7654.94	3.18981982421875	3.836499386037029	55.649323	0.25403363
2912000	673.12	111	1209	7739.78	3.3711533203125	3.3386634793169856	33.677956	0.4523564
2944000	764.19	113	1927	7823.01	3.50913037109375	3.9240668675813875	52.614223	0.3656094
2976000	735.26	120	1218	7911.18	3.25915234375	3.5298088873549514	47.101757	0.36809635
3008000	771.46	120	1215	7999.41	3.23111279296875	3.331573770616899	34.90549	0.37563646
3040000	733.87	120	1231	8084.6	3.334240478515625	4.53947421755813	53.393505	0.21631733
3072000	727.06	120	1223	8173.15	3.09035791015625	3.713213052313993	57.74745	0.3409872
3104000	777.39	120	2124	8258.72	3.27753515625	4.129903335733174	49.94542	0.37289512
3136000	763.52	120	1213	8346.38	2.94150830078125	3.300613993543474	44.483696	0.36514342
3168000	711.28	120	1695	8434.08	3.136409423828125	3.7963947741574504	45.128246	0.31470665
3200000	753.82	120	1210	8520.72	3.356621337890625	4.35294081627582	51.261505	0.39711195
3232000	762.73	120	1217	8607.7	3.18407568359375	3.575089187043101	50.461124	0.3270951
3264000	755.48	120	1229	8693.23	3.41057080078125	3.481156585371448	41.884823	0.3449785
3296000	753.62	120	1828	8780.21	3.496189697265625	4.090203616569718	47.559658	0.3731246
3328000	746.44	120	1221	8866.45	3.603211669921875	4.135283110773675	52.13283	0.511001
3360000	730.82	120	1223	8953.31	3.62525	3.6737265278681943	40.240044	0.38744146
3392000	764.04	120	1222	9038.9	3.90456982421875	4.771530562225291	50.97725	0.512807
3424000	725.79	120	1204	9123.65	3.696260986328125	4.079779597294442	47.27222	0.3288716
3456000	783.59	120	1538	9211.27	3.74790283203125	4.539811738938081	55.7978	0.46821815
3488000	757.88	120	1213	9293.16	3.75455859375	4.074897429690716	46.652775	0.44700128
3520000	740.44	120	1816	9375.91	3.6664384765625	4.037896652342653	46.536694	0.43334234
3552000	791.13	120	1217	9460.59	3.586674072265625	4.291484800960502	51.49089	0.37935364
3584000	809.19	120	1218	9549.02	3.76239892578125	4.194079718782179	45.874767	0.46125907
3616000	722.91	120	2106	9634.65	3.54998876953125	3.562114014177536	33.134792	0.4544512
3648000	743.36	120	1216	9719.59	4.2467265625	4.640864471935697	68.607445	0.47819877
3680000	717.56	120	1785	9805.02	3.788139404296875	4.512572714095586	53.65023	0.42660558
3712000	508.27	120	1028	9890.23	4.10679443359375	4.976378185362322	67.6546	0.43494126
3744000	630.53	120	1087	9969.45	4.0339140625	5.6375334325505335	61.436348	0.3729655
3776000	588.38	120	1217	10053.32	4.279890625	5.492318143894252	56.527344	0.41955805
3808000	580.97	120	1215	10135.96	4.9184990234375	6.185503781524186	61.77643	0.4783339
3840000	628.19	120	1218	10217.75	4.5401259765625	5.612199671808728	61.2512	0.41894674
3872000	682.22	111	1218	10308.38	5.04851806640625	6.562271722220133	48.69461	0.3600797
3904000	801.54	120	1219	10388.85	4.5014189453125	6.022769945174728	51.55925	0.3998951
3936000	698.92	120	1214	10471.21	4.98560498046875	6.490240870915347	69.7127	0.4000618
3968000	707.68	111	1219	10553.82	5.02393359375	6.247301917628121	51.092064	0.52988183
4000000	728.01	120	1460	10636.03	4.929931640625	6.564778473509216	53.517	0.46382928
4032000	767.76	120	1218	10717.77	4.8733056640625	6.652321317123069	77.01891	0.46669918
4064000	750.18	120	1560	10797.26	5.600515625	7.131905918564125	51.329678	0.5393434
4096000	740.46	120	1460	10876.45	5.6125869140625	7.43759506241769	69.876175	0.47702077
4128000	724.49	120	1609	10954.72	5.2917822265625	6.4871170407200145	62.960766	0.41576353
4160000	782.86	120	1828	11035.45	5.66391943359375	6.575557248249003	57.045715	0.59723234
4192000	741.25	120	1217	11118.88	5.5074931640625	6.535673143410707	56.214825	0.32385182
4224000	768.74	120	1497	11199.13	5.24792041015625	6.706317567227189	56.094494	0.5359121
4256000	794.24	120	1230	11280.23	5.3090546875	6.602235061893813	58.140865	0.4260968
4288000	760.31	120	1214	11360.95	4.663306640625	5.29987875745757	45.59218	0.5327654
4320000	766.34	120	1827	11442.54	5.25281298828125	6.263868987095755	65.870476	0.6053652
4352000	808.71	120	1687	11522.6	4.8225654296875	5.430304146638566	53.159576	0.60824984
4384000	782.84	120	1685	11602.62	4.84651123046875	4.965583896934982	48.606342	0.55402464
4416000	820.27	120	1217	11681.63	4.83516796875	4.720677793296742	53.394573	0.42609358
4448000	819.44	120	1687	11762.03	4.7616416015625	5.3620009965963265	66.265915	0.49107146
4480000	782.65	120	1218	11840.51	4.71457861328125	4.987655072777186	53.546474	0.5305868
4512000	819.29	120	1988	11920.69	4.5715390625	4.360957374103765	38.12287	0.5598819
4544000	801.98	120	1814	11998.34	4.71914013671875	5.198866500558078	57.043365	0.55535626
4576000	772.43	120	1454	12076.05	5.00765625	5.337369363155411	45.614994	0.5807551
4608000	781.66	120	1683	12153.22	5.2040048828125	5.346982574896798	59.920933	0.5746453
4640000	750.13	111	1217	12229.88	5.19940234375	5.582178674137904	51.013298	0.5442114
4672000	774.79	120	1820	12306.32	4.48917431640625	4.4217875433047436	41.50043	0.52089953
4704000	758.19	120	1865	12381.8	4.972728515625	5.189381435922782	45.202225	0.44810182
4736000	780.76	120	1233	12458.15	5.188958984375	5.92654186161711	61.057358	0.7136422
4768000	849.86	120	1543	12535.23	4.74921875	4.699103554801702	47.416016	0.5555378
4800000	841.59	120	1823	12612.22	5.049123046875	5.727368846708757	58.353497	0.41986838
4832000	840.72	111	1694	12689.37	4.7951201171875	4.930146422774886	62.674286	0.51543343
4864000	723.71	120	1547	12766.76	4.6513818359375	5.501955440738774	96.475296	0.5074881
4896000	821.0	120	1457	12842.96	5.0410654296875	5.637785815925433	45.959675	0.54015934
4928000	829.61	120	1804	12919.19	5.0031630859375	5.2973303639073706	52.543613	0.54206955
4960000	789.9	120	1464	12995.32	4.8496005859375	4.9327477129891815	48.124996	0.4602425
4992000	845.74	111	1819	13071.76	4.80298779296875	4.986532252603006	40.498894	0.51819146
5024000	831.38	120	1830	13147.24	4.9145224609375	4.988963209550658	46.96855	0.55236906
5056000	893.88	120	1793	13223.33	5.0984736328125	5.912900356424079	69.30928	0.53491205
5088000	773.46	120	1217	13299.12	5.01811572265625	4.912909890660524	41.976513	0.64819145
5120000	772.2	120	1218	13375.26	4.77340283203125	5.065367629180532	50.825317	0.51618433
5152000	763.26	120	1817	13451.3	4.85547509765625	5.250175034284571	78.23824	0.41675842
5184000	762.97	111	2009	13526.99	5.009841796875	5.461594604600382	73.66489	0.5556054
5216000	813.24	120	2104	13602.23	4.7586845703125	5.076810983838674	65.0051	0.43598312
5248000	752.41	111	1685	13678.62	4.96816845703125	5.809997108970881	69.56205	0.43153104
5280000	721.61	111	1820	13754.77	4.63839404296875	4.745465763494664	47.25249	0.474062
5312000	782.99	111	1218	13831.26	4.7443212890625	4.803923770601486	43.829483	0.5669382
5344000	727.88	111	1216	13907.67	5.082216796875	5.620130183656781	50.721416	0.55262816
5376000	775.24	111	1217	13983.52	5.44549658203125	6.36145865741498	73.355385	0.6459209
5408000	819.18	111	1219	14059.79	5.29698046875	5.680287494099661	59.367027	0.6216705
5440000	900.02	120	2004	14137.44	5.6877578125	6.560715531193987	79.16478	0.64181316
5472000	892.05	120	1680	14213.59	5.87261767578125	6.7059165224635775	78.74208	0.56589913
5504000	801.37	111	1624	14291.05	4.8483876953125	4.832708786876156	45.458668	0.64705086
5536000	837.21	111	1838	14366.67	5.4064921875	6.394545405069856	69.74752	0.5295796
5568000	833.16	120	1219	14443.49	5.3989892578125	6.169323048357899	68.48523	0.62621486
5600000	825.58	113	1420	14521.81	5.57079833984375	6.938390427091142	89.7462	0.5283299
5632000	847.51	113	1986	14598.66	5.2060361328125	6.052697293872377	68.80292	0.72573346
5664000	743.55	111	1228	14674.76	5.9785947265625	7.302104790743557	76.44566	0.63265747
5696000	819.42	111	2166	14751.84	5.52187109375	5.939478617690277	56.12864	0.54206705
5728000	791.26	111	1525	14827.79	5.37434765625	6.067490858048325	71.78846	0.46429095
5760000	773.66	111	1226	14904.64	5.3541640625	6.482837317679659	88.602684	0.6098801
5792000	799.08	120	1442	14982.48	5.473076171875	5.848073935066142	64.46032	0.8153316
5824000	805.44	111	1686	15058.81	6.0547626953125	7.856845641699982	91.70699	0.50755703
5856000	819.66	111	1833	15135.86	5.574587890625	6.21382185383923	61.680878	0.56773484
5888000	830.06	111	1830	15213.27	5.4966298828125	6.238933327300429	86.53415	0.5821804
5920000	729.88	111	1231	15290.31	5.09416357421875	5.954941815941614	89.786865	0.6234424
5952000	771.88	111	2321	15367.25	5.83321337890625	6.820127324233031	70.75109	0.661254
5984000	852.48	120	1996	15445.96	5.220681640625	6.020080979521787	78.9209	0.56602967
6016000	759.98	111	1832	15522.22	5.8208203125	6.975839443213985	69.137764	0.6361814
6048000	877.27	120	2135	15598.02	5.399609375	5.599530881578384	78.06598	0.5063243
6080000	778.73	111	1723	15674.69	6.00448095703125	7.7053319607269355	97.15098	0.633259
6112000	786.88	120	1989	15751.81	6.11317236328125	6.639224411122884	68.304924	0.73185754
6144000	853.95	120	1836	15828.5	6.03114404296875	6.529190464751354	66.55268	0.807196
6176000	874.82	120	2157	15905.17	5.77618701171875	6.683432466274347	75.38069	0.8060248
6208000	950.21	120	2171	15981.01	5.66707177734375	5.8355216133607115	82.53705	0.75406176
6240000	918.87	120	2016	16056.9	5.5235009765625	6.383110037434729	90.97473	0.74662143
6272000	780.91	120	2014	16133.13	5.594796875	5.893070613016613	69.24977	0.5602944
6304000	854.04	111	1758	16209.4	6.5305634765625	8.116021962759834	78.02872	0.65751076
6336000	823.45	111	2171	16285.44	6.065537109375	6.158448845894557	76.97876	0.6587369
6368000	797.07	111	1835	16361.9	6.49287109375	7.095531714572207	66.14015	0.9302538
6400000	864.68	111	1832	16438.56	6.55753466796875	6.730960416240761	86.37526	1.0211371
6432000	843.51	120	1987	16514.87	6.568498046875	6.419617760233081	68.67069	0.87871414
6464000	841.64	120	1832	16591.33	6.95603271484375	7.656029078445301	91.727776	0.9957691
6496000	917.09	111	2158	16668.33	7.3276484375	7.9988656422332785	75.69325	0.90606
6528000	897.88	113	1835	16744.21	7.1659140625	7.152618073999198	66.67743	0.96519834
6560000	931.66	111	2351	16819.65	7.45220458984375	8.402791574827974	90.618774	0.66809285
6592000	934.78	113	2159	16896.59	7.62692578125	7.826375677796205	101.75717	0.72330177
6624000	795.45	113	2191	16973.76	7.5613251953125	7.858943700889452	74.316315	0.81837994
6656000	896.78	120	1831	17050.15	7.47306982421875	7.230529350434863	62.48047	0.950296
6688000	841.2	120	1838	17128.0	7.53673388671875	7.663854386827818	69.850555	0.9201605
6720000	949.79	113	1836	17204.85	8.6271728515625	9.115409772056328	72.6133	1.0968506
6752000	877.74	111	1996	17283.01	8.11854150390625	8.165579434430848	71.928856	0.7786406
6784000	911.1	111	1837	17360.94	8.49123046875	8.93018450607265	82.550224	0.87489223
6816000	849.39	113	1827	17438.16	8.8401494140625	10.067563167172084	112.30255	1.0441911
6848000	934.17	111	1835	17515.82	8.692716796875	8.767207187867754	71.05812	0.85243547
6880000	881.34	111	1836	17595.13	8.704701171875	9.572637600212389	88.29398	1.0064337
6912000	886.78	111	1864	17672.56	9.005892578125	8.793645610609971	83.307846	0.89527184
6944000	923.25	111	1833	17751.15	8.6449775390625	8.829442047774027	82.20968	0.97574633
6976000	801.32	111	1837	17827.99	8.744857421875	8.952340825169694	74.29176	1.2334529
7008000	795.25	111	1833	17906.0	9.2050390625	10.186098063046517	97.54852	0.49290386
7040000	877.47	111	2103	17982.35	9.097947265625	9.742774566313233	130.31583	0.97019297
7072000	922.98	111	1989	18058.42	10.3446640625	11.760604921729154	122.62007	1.0454888
7104000	940.53	120	2018	18135.67	9.334548828125	9.902839712678379	100.843124	0.9120809
7136000	934.91	111	2013	18213.45	9.6713662109375	10.984262890608546	116.25095	1.1517724
7168000	843.97	113	1837	18290.92	9.044107421875	9.74452891370332	94.57022	1.0568452
7200000	888.31	111	2162	18367.32	9.9615029296875	10.6796151469751	87.793686	0.9684775
7232000	904.94	111	2000	18443.59	9.063814453125	9.40840133205424	98.69444	1.1863577
7264000	805.28	111	2161	18519.24	9.732693359375	10.778957727326887	89.97556	1.072932
7296000	899.25	113	2007	18596.06	10.9338515625	11.840947887521505	122.25881	1.2057095
7328000	909.88	120	1855	18672.37	10.1501396484375	11.47792242198038	124.366356	1.0828948
7360000	945.1	113	2137	18749.11	9.7398515625	10.30901721491918	88.893684	1.1317985
7392000	836.21	113	2006	18826.12	10.0395361328125	10.58627206574628	83.99374	0.75521207
7424000	954.1	113	1992	18902.97	9.6881748046875	10.065831746557262	86.83785	1.1804063
7456000	945.64	111	2127	18980.03	10.43220703125	11.86734358439158	113.60643	1.2436689
7488000	991.43	113	2015	19056.23	10.159015625	12.430718000180038	175.87437	0.9787991
7520000	887.05	113	2122	19132.24	11.000498046875	12.397173316929953	97.25867	0.98595715
7552000	921.81	111	1987	19207.6	10.747744140625	11.130895909584277	84.63446	0.93906194
7584000	1036.01	111	2016	19283.69	10.126142578125	10.209559705246843	83.84912	1.1990683
7616000	914.49	111	2176	19360.18	10.042349609375	10.36476264501508	91.0634	0.9640909
7648000	984.69	120	2168	19435.9	10.310787109375	10.508753419768684	99.44653	1.237085
7680000	889.89	111	2152	19512.36	10.05917578125	10.66100077384858	116.2493	1.1113002
7712000	898.52	111	1834	19587.93	10.5655751953125	11.378732903974853	103.85739	1.1472342
7744000	927.72	111	2020	19663.02	10.3828515625	10.57747606946005	115.72292	0.9494666
7776000	923.7	111	2175	19739.34	11.3066171875	11.948468782651608	124.13971	1.128278
7808000	978.77	120	1838	19815.53	10.163146484375	10.745316930528388	104.70393	1.0331196
7840000	1023.22	111	2006	19891.25	10.35595703125	11.05122872127801	129.30759	1.0275028
7872000	921.34	111	2017	19967.51	10.459291015625	12.16233106254718	112.73251	0.94242346
7904000	1037.47	113	2165	20042.99	9.9238203125	9.290710245993036	83.38975	1.2850393
7936000	1001.28	111	2007	20119.39	10.05909375	10.57597402429204	107.76447	0.7181058
7968000	850.62	113	1838	20196.82	10.339671875	10.780770279182281	85.95046	1.0712867
8000000	923.88	113	2149	20273.85	10.5825751953125	11.249797567623162	141.37798	1.3572583
8032000	928.92	111	2003	20348.23	10.4077392578125	10.374440496961752	80.45704	1.1783392
8064000	863.04	113	2151	20424.55	10.77817578125	11.17488989039713	97.47381	1.3753539
8096000	920.83	111	2013	20499.46	10.5315595703125	10.398681557053278	76.75898	1.0965122
8128000	926.44	113	2014	20575.85	11.5795546875	12.067094979737252	111.26056	1.2865915
8160000	863.31	113	2127	20650.93	10.0497421875	10.267963299140682	107.45967	1.142804
8192000	869.42	111	1835	20726.8	10.433478515625	10.534243268977606	92.424126	1.3195007
8224000	830.0	111	2344	20802.22	10.55848828125	10.571246378738886	82.39209	1.4907665
8256000	812.52	108	2153	20879.43	10.315439453125	10.83894850469823	98.15947	0.805732
8288000	930.19	111	2214	20953.78	11.432662109375	12.319453620189492	135.87521	1.1565833
8320000	896.76	111	2171	21029.84	10.60930078125	10.67890516977279	94.50616	1.4065019
8352000	881.33	111	2171	21105.85	10.5561689453125	10.215203130628387	89.529526	1.0185314
8384000	915.59	113	2190	21180.46	11.4038017578125	12.205061066008643	126.46251	1.3617119
8416000	933.4	111	2203	21256.19	10.0774794921875	10.253932934489088	148.40018	0.85010946
8448000	927.28	111	2158	21330.49	11.217029296875	11.576019123602034	111.862404	1.1994421
8480000	885.72	105	2335	21404.88	11.3359013671875	11.579415329583787	90.30413	1.4463402
8512000	998.4	111	1988	21478.56	11.165169921875	12.64562795000707	119.98033	1.2243762
8544000	930.1	111	2008	21551.44	10.1834501953125	10.007522951510028	98.83902	1.142454
8576000	928.9	111	2010	21626.25	11.2460693359375	11.420883079363872	131.21938	1.2552413
8608000	894.91	111	2125	21701.62	12.4744794921875	13.752138470070754	122.75443	1.4298862
8640000	942.53	111	2146	21775.08	12.025033203125	12.940714576483016	119.14422	1.2687343
8672000	961.81	111	1887	21848.65	11.782716796875	11.94060757980933	89.55008	1.2208192
8704000	895.0	108	1837	21924.19	11.836013671875	12.018060627655363	128.30011	1.1938992
8736000	929.21	105	1839	21997.48	11.9106923828125	12.164670284269937	101.42305	1.4683483
8768000	1015.96	113	2023	22071.52	11.947732421875	11.74454926763901	125.666626	1.307299
8800000	965.35	111	2122	22145.0	11.2750869140625	11.748950751024536	113.95192	1.5223674
8832000	940.14	111	2003	22218.42	11.522509765625	10.875587268626003	103.56442	1.0284078
8864000	1008.42	111	2025	22292.21	11.663978515625	11.472246401642531	92.81976	1.3816822
8896000	870.86	111	2001	22366.25	12.241087890625	12.47426851562848	98.272194	1.6731377
8928000	961.76	113	2174	22439.9	11.795748046875	11.05892915532512	78.056404	1.2426279
8960000	1047.67	113	2020	22513.93	12.112220703125	12.881295184297269	128.03726	1.5226744
8992000	900.74	111	2352	22586.93	11.4295546875	11.126545538710566	89.357414	1.1390412
9024000	1002.43	113	2167	22659.89	11.66901953125	13.10585866130106	150.79025	1.1688585
9056000	879.29	113	1881	22733.24	12.2332236328125	13.001949373074794	105.98015	1.1573747
9088000	1002.43	113	2326	22806.59	11.1494345703125	11.783374145379582	100.022995	1.1577852
9120000	1010.61	113	2161	22880.64	12.091470703125	13.720183581133307	103.342186	1.4875728
9152000	917.31	111	2013	22952.65	11.57148828125	12.26096575519237	84.71992	1.218369
9184000	989.87	113	2130	23026.2	12.293193359375	13.682548762017989	98.86124	0.8717514
9216000	979.05	384	2168	23100.49	11.2679658203125	11.767052785213465	98.25874	1.3260913
9248000	1012.69	113	2407	23175.15	11.98348046875	13.270537150017704	98.767166	1.195425
9280000	1005.16	111	2149	23249.19	11.167322265625	11.541317082551714	98.000725	1.2018105
9312000	905.92	113	2004	23322.96	11.7008203125	13.066122703388332	103.79838	1.5080156
9344000	1013.43	113	2340	23397.42	12.061283203125	13.314771519819631	149.35982	1.3766406
9376000	995.02	113	2145	23470.72	11.1947451171875	11.763884748457883	93.86326	0.9909714
9408000	1032.67	105	2174	23542.83	11.6120283203125	12.082539054354429	92.1548	1.3968902
9440000	1028.26	113	2209	23616.61	12.028896484375	13.244104820636236	114.38117	1.181057
9472000	970.79	113	2155	23690.37	11.1341513671875	12.266785693489554	116.63418	1.1686027
9504000	937.92	120	2131	23764.06	11.212498046875	10.759997168331411	86.73898	0.94688135
9536000	910.12	113	2129	23837.32	11.926435546875	13.196956325228935	118.62317	1.0291516
9568000	944.34	120	2198	23911.1	11.150056640625	12.216198262962173	126.18855	1.1441579
9600000	1020.21	113	2134	23985.65	10.768673828125	11.155033897303943	95.85006	1.181334
9632000	980.12	111	2177	24060.4	11.79944140625	13.921594062821972	115.57509	1.3815305
9664000	1043.89	120	2174	24134.74	11.25552734375	11.95401606155856	103.508194	1.0588241
9696000	915.94	105	2175	24209.75	12.179578125	13.50764771805217	102.274765	1.585103
9728000	970.55	111	2331	24282.79	11.315654296875	12.765422045510284	146.82484	1.2780504
9760000	1043.01	113	2180	24355.87	10.7134072265625	11.388203189046111	100.29118	1.281038
9792000	890.4	111	2177	24428.25	11.7322109375	12.933887176715281	119.94581	1.3075476
9824000	1023.2	113	2131	24501.52	11.566533203125	13.159721335385488	109.65911	1.3165032
9856000	961.33	113	2192	24573.77	10.787966796875	11.58915441263943	94.69876	0.9410732
9888000	1104.08	120	2347	24647.08	10.990078125	11.451123034445137	128.1994	1.247396
9920000	957.82	111	2137	24720.08	11.6156728515625	14.17439041899157	110.607414	1.103864
9952000	930.42	113	2183	24793.99	10.6331845703125	11.339564310413342	114.91729	1.0058315
9984000	920.31	111	2407	24867.68	12.05749609375	12.853127051422156	112.2155	1.3681809
10016000	1027.89	105	2125	24941.76	11.433302734375	13.154030394711729	117.97226	1.0983331
10048000	907.17	111	2345	25015.65	12.910048828125	15.222413060188586	124.55239	1.481187
10080000	1015.36	111	2181	25088.45	11.7048984375	12.823825482281018	108.728195	1.1195822
10112000	1105.73	113	2778	25160.78	10.60872265625	11.34018366804524	130.51488	1.1323956
10144000	989.05	113	2347	25231.72	11.2160546875	12.61984981586548	172.47166	1.4243624
10176000	1178.61	113	2347	25307.47	11.64748046875	12.739305563883772	122.05918	1.0518712
10208000	1043.33	113	2781	25383.4	12.3929560546875	13.953434277087487	121.148346	1.1814425
10240000	978.94	113	2182	25456.59	11.239326171875	11.848335853612523	93.79283	1.1499817
10272000	1153.29	120	2179	25529.16	11.691650390625	12.876066703384229	104.40739	1.0584848
10304000	944.27	113	2339	25600.76	13.020251953125	16.184521444114434	145.19498	1.0055676
10336000	1128.62	120	2339	25672.37	11.92640625	13.411120618725342	124.84508	1.2142277
10368000	997.27	111	2009	25744.34	12.030384765625	13.730268797441658	123.28622	1.1656504
10400000	1054.75	111	2159	25817.07	11.741673828125	12.808547561101532	158.5614	1.4660507
10432000	1149.18	113	2170	25890.88	12.157771484375	14.144287163904727	107.06647	1.3602792
10464000	1110.31	113	2358	25963.85	11.6177978515625	11.697717458974635	112.588745	1.1224788
10496000	978.05	111	2390	26037.01	12.491744140625	13.813928659146898	124.179886	1.0015209
10528000	1063.7	111	2183	26111.87	12.6431025390625	14.63856849217163	126.05836	1.4243373
10560000	1217.15	120	2338	26186.23	12.22994140625	14.378685397142535	163.11923	1.3085182
10592000	1219.22	120	2405	26257.56	12.2150478515625	14.278850181299614	119.96812	1.198419
10624000	1094.33	113	2411	26328.78	11.6335263671875	12.658275455211108	119.00179	1.3850789
10656000	1092.48	113	2343	26401.66	11.842572265625	14.24014736142151	140.86313	1.2540419
10688000	1079.57	113	2406	26474.32	11.66362109375	13.50455015911304	133.16507	1.1106722
10720000	1273.72	192	2413	26551.17	12.01737890625	13.115130217615073	113.828125	1.2207605
10752000	1247.01	111	2398	26624.28	11.884654296875	15.156838390640708	153.15036	1.2544229
10784000	1191.83	113	2330	26693.79	11.398626953125	14.261093269802284	126.01085	0.91894734
10816000	1114.48	111	2406	26770.97	10.945849609375	13.139681074896757	156.13905	1.3674061
10848000	1315.75	395	2415	26847.45	11.3212978515625	13.297961544913566	146.56442	1.0914531
10880000	1144.48	108	2351	26919.34	11.21318359375	12.27118512512137	142.00392	1.4298419
10912000	1218.19	113	2344	26989.26	11.6907421875	13.550020756441667	135.31355	1.153243
10944000	1154.72	113	2784	27061.79	11.6400439453125	13.694068058834818	134.97684	1.2265067
10976000	1204.1	113	2800	27133.09	11.833716796875	14.759722431333184	165.69363	1.1591184
11008000	1126.67	111	2405	27203.74	11.9527099609375	14.38076949436295	135.29758	1.0958453
11040000	1205.71	113	2346	27272.6	10.563166015625	12.266992678525574	123.7938	1.3475137
11072000	1239.02	113	2413	27343.34	12.06375	14.330125610056598	121.562836	1.0488737
11104000	1083.4	111	2794	27415.66	11.7865205078125	14.48876774004608	159.02783	1.3833873
11136000	1074.94	113	2419	27486.37	13.289443359375	16.785889721727592	148.61014	1.2205465
11168000	1146.49	111	2410	27556.2	13.421869140625	18.436811851564794	151.16435	1.2597991
11200000	1091.47	113	2344	27630.94	12.6835458984375	16.57492647042514	149.60472	1.6202536
11232000	1126.3	113	2347	27704.05	12.8764326171875	15.87465944516606	175.41666	1.3933108
11264000	1275.55	113	2358	27777.42	14.023908203125	17.869162508355	166.95798	1.2927687
11296000	1170.74	111	2337	27848.3	12.1620654296875	14.231003785748916	152.17401	1.5521479
11328000	1228.32	111	2201	27920.73	12.7619599609375	16.577955995839776	163.44757	1.6325617
11360000	1207.15	113	2414	27992.0	13.31751171875	17.235788529974485	237.75534	0.76710665
11392000	1163.1	111	2336	28062.7	13.533740234375	18.72024472329355	161.28867	1.4689023
11424000	1200.09	111	2354	28132.34	13.78296484375	16.942387671163708	132.70546	1.5381866
11456000	1228.5	113	2348	28202.8	12.4915244140625	15.621012491192753	135.6991	1.9371891
11488000	1168.19	120	2319	28274.29	13.5172529296875	17.736225288939018	169.64609	1.6610737
11520000	1208.03	105	2340	28343.86	14.594859375	18.407170817374407	132.0583	1.4426231
11552000	1139.62	111	2348	28413.02	14.467609375	19.35579370627823	162.20676	1.4827876
11584000	1177.09	120	2337	28487.17	12.538029296875	15.041640639404998	121.072	1.30804
11616000	1232.67	111	2799	28559.32	13.5154296875	17.96267745215061	192.24828	1.5276495
11648000	1358.02	113	2412	28630.27	13.70157421875	18.239132894685536	188.0734	1.4535055
11680000	1352.68	120	2415	28700.06	12.1458134765625	16.09896250539146	129.84708	1.346877
11712000	1282.72	120	2794	28769.58	12.863884765625	16.930900928479854	155.0101	1.4774792
11744000	1194.2	111	2789	28838.93	12.42438671875	16.035220999412513	126.17791	1.5792366
11776000	1212.98	113	2354	28908.84	12.240212890625	15.362184191220987	122.796906	1.2718577
11808000	1129.53	113	2344	28977.31	11.8966728515625	15.865693138025833	145.04697	1.2709932
11840000	1334.01	120	2353	29048.82	12.224244140625	15.845447394283317	130.2045	1.6581898
11872000	1242.49	113	2408	29123.5	12.61014453125	17.076601315835656	136.00847	1.2353593
11904000	1257.6	111	2348	29193.88	12.57439453125	16.08508140327552	171.14412	1.5796345
11936000	1297.12	111	2787	29264.2	13.092865234375	15.991952077529497	139.60255	1.539267
11968000	1244.5	105	2791	29336.78	12.081765625	15.66900952118544	144.5549	0.8408357
12000000	1213.71	113	2411	29410.05	12.874388671875	16.850780768261153	137.73256	1.5878011
12032000	1361.18	113	2409	29481.06	11.87728125	14.23215933634106	128.14384	1.5022509
12064000	1377.71	411	2785	29551.58	12.299228515625	17.203395377076003	162.80542	1.3713617
12096000	1136.66	111	2197	29621.82	11.650322265625	15.34145222102523	159.8774	1.3887777
12128000	998.7	-101	2179	29691.94	11.5891376953125	15.386722157431711	144.11984	1.3867385
12160000	1204.32	111	2343	29763.21	13.687802734375	18.381441047970096	164.06392	1.2455758
12192000	1185.31	111	2755	29834.22	12.9605615234375	16.961106243402874	138.57053	1.6026975
12224000	1170.15	111	2411	29907.23	12.07496484375	15.441426626124931	212.51653	1.7076128
12256000	1207.59	111	2779	29979.15	13.47785546875	18.3318575163566	166.98715	1.4865196
12288000	1165.97	113	2410	30051.37	12.4363642578125	15.044631517587927	137.69884	1.4336307
12320000	1148.14	113	2322	30121.85	13.48773046875	18.934187829162358	139.64597	1.8846667
12352000	1219.28	113	2403	30193.44	12.0612392578125	15.221576996159104	150.26396	1.0916002
12384000	1289.92	113	2405	30265.77	13.98473046875	20.022117457951342	197.74893	1.4609218
12416000	1416.55	120	2784	30337.67	13.32874609375	17.955554502715867	217.59738	1.3188508
12448000	1292.06	113	2792	30409.03	12.9252470703125	17.766029733736236	146.23822	1.094717
12480000	1374.72	113	2784	30480.59	11.5119697265625	14.375832041137654	158.43161	1.6219058
12512000	1317.68	120	2344	30551.89	12.696689453125	18.607355736374796	228.26752	1.3176856
12544000	1217.26	113	2418	30621.91	13.5487626953125	18.821198985452547	167.87358	1.6570194
12576000	1166.63	111	2341	30698.28	12.7047509765625	17.156709693294925	144.80847	1.213675
12608000	1217.56	113	2405	30768.19	12.7078720703125	16.988699368992318	139.88406	1.0845078
12640000	1233.46	113	2318	30837.56	13.578544921875	19.366217364266053	147.60013	1.6468556
12672000	1367.49	113	2790	30907.48	12.47939453125	17.09396275004716	155.90707	1.2500743
12704000	1386.31	113	2796	30978.64	12.5843271484375	17.081372346799306	166.1698	1.1670675
12736000	1322.69	120	2413	31048.99	11.5230390625	15.969356397488284	147.4836	1.0394498
12768000	1293.42	113	2203	31119.07	11.55486328125	15.964778615752866	137.02399	1.4066167
12800000	1329.94	120	2410	31190.49	11.666830078125	16.773021492861684	139.06793	1.3339207
12832000	1314.23	111	2771	31261.21	12.1064375	16.612142584567472	139.1859	1.511152
12864000	1368.76	111	2350	31334.13	10.6270673828125	14.857117402107315	143.52003	1.3662016
12896000	1353.44	111	2780	31408.07	10.2958984375	13.939108651560186	177.01823	1.6348681
12928000	1238.57	120	2416	31479.89	11.99363671875	16.850219768596492	149.67871	1.0215673
12960000	1430.34	120	2395	31550.66	10.4641474609375	13.663788823016842	157.29675	1.0703495
12992000	1321.76	113	2767	31621.59	10.6715830078125	14.543727170158274	149.94534	1.0864367
13024000	1391.18	111	2417	31692.19	10.766494140625	15.231464657904702	155.32368	1.3932068
13056000	1385.65	111	2793	31763.02	11.10005078125	18.1661541403237	218.09076	1.2207847
13088000	1456.62	111	2791	31833.32	11.60121875	16.122482846168577	176.45245	1.4816971
13120000	1394.94	113	2799	31903.89	11.2353505859375	15.880739612026892	145.89948	1.4163437
13152000	1283.7	111	2798	31974.34	11.401138671875	16.686994374362328	134.6591	1.2270389
13184000	1283.87	111	2774	32045.06	10.73913671875	16.216523209368894	158.59355	1.2100816
13216000	1366.93	120	2798	32118.35	11.327625	16.640793250323135	159.75931	1.1869955
13248000	1239.5	105	2785	32191.85	10.608400390625	16.332062982060776	189.85904	1.503679
13280000	1457.01	193	2796	32263.98	10.68413671875	15.52218573526293	155.43648	1.4734513
13312000	1391.92	120	2764	32336.39	10.31575390625	14.883451380644209	138.56654	1.2456316
13344000	1550.15	113	2794	32413.31	11.130052734375	18.21175101411174	164.4101	1.4290967
13376000	1324.53	113	2796	32486.92	11.347599609375	16.484979905962884	187.07826	1.5123475
13408000	1257.47	113	2772	32559.32	10.6205166015625	17.054136228493075	161.81813	1.5444859
13440000	1346.71	120	2796	32631.66	10.041130859375	14.580915394789177	138.74295	1.2694392
13472000	1381.42	120	2416	32701.99	11.395146484375	15.805703084646376	162.45943	1.352268
13504000	1125.02	105	2412	32773.8	11.352904296875	18.355592642298422	248.32642	1.3845457
13536000	1100.85	120	2416	32844.55	12.380673828125	19.626124171623903	200.47992	1.3396069
13568000	1277.28	111	2195	32915.05	10.414423828125	15.292206450509358	143.1804	1.3609459
13600000	1294.9	111	2791	32985.12	10.61940234375	16.488861770904624	175.8471	1.3847846
13632000	1331.21	111	2410	33055.7	12.60526953125	18.871347328688536	169.16934	1.1931314
13664000	1323.29	120	2796	33126.1	11.5243525390625	17.255888487701814	154.54532	1.4668063
13696000	1407.75	120	2784	33196.14	12.004322265625	17.30642582973157	146.23315	1.4583426
13728000	1313.02	113	2797	33266.62	10.786541015625	15.0721654673441	148.42052	1.3863028
13760000	1213.78	113	2775	33337.54	12.0013515625	19.70432535003419	209.1549	1.4709655
13792000	1322.68	120	2413	33408.5	12.6036943359375	19.79710206065524	159.86687	1.4148371
13824000	1248.79	111	2408	33478.15	13.3183125	18.21020833214162	143.00935	1.634542
13856000	1180.47	120	2188	33547.94	12.05980859375	17.435782173450093	181.45184	1.34391
13888000	1249.37	120	2410	33616.89	13.47216796875	20.020590962806267	165.15163	1.1810993
13920000	1345.51	120	2791	33686.31	12.615810546875	18.496341699103635	175.22408	1.2204237
13952000	1209.99	120	2418	33759.85	11.84984765625	15.586809327120159	136.96939	1.364423
13984000	1341.39	120	2411	33832.0	12.138734375	16.724955156890555	147.75606	1.1906314
14016000	1428.16	120	2415	33901.04	12.68859375	16.615881898051633	143.7683	1.3959203
14048000	1293.55	120	2783	33970.46	11.68932421875	17.913370530137538	156.46297	1.3391814
14080000	1223.36	113	2799	34040.64	11.65390625	16.678843260250392	136.45828	0.9170556
14112000	1411.25	120	2796	34112.68	11.6260791015625	16.715618631986075	147.48738	1.0396826
14144000	1275.65	120	2794	34181.76	11.561802734375	16.27653026599957	132.61998	1.1080782
14176000	1286.22	120	2789	34257.92	11.92879296875	16.276399709395193	141.23927	1.2730645
14208000	1347.36	120	2784	34330.27	11.107640625	15.56120175307807	129.22313	1.0725465
14240000	1379.68	120	2785	34401.43	12.412013671875	17.253178149257025	160.2231	1.2949992
14272000	1261.1	120	2404	34472.34	11.117462890625	13.815301752042913	126.635925	0.7489042
14304000	1391.6	120	2799	34546.68	11.46689453125	14.9880368961382	138.2007	1.0569406
14336000	1389.89	120	2793	34617.76	11.15060546875	14.926485478839284	132.44429	1.5861416
14368000	1280.86	111	2797	34686.89	11.5060576171875	16.42644304924228	163.36198	1.4084619
14400000	1235.94	111	2789	34755.96	10.7038544921875	15.142422816379154	160.2581	1.2982907
14432000	1360.6	120	2797	34825.75	11.475478515625	15.388517431838585	133.48335	1.439744
14464000	1364.48	111	2416	34896.43	10.7854609375	15.72052301133776	146.80034	1.5535355
14496000	1298.32	120	2414	34966.99	10.152798828125	14.446642667934997	153.34894	1.3925196
14528000	1376.71	120	2791	35035.83	11.028921875	14.86830679246968	139.26768	1.3612051
14560000	1288.37	120	2415	35105.11	10.844673828125	14.887420234882873	176.10179	1.185317
14592000	1370.41	113	2772	35174.64	9.6808798828125	13.893813821265923	135.67107	1.2043653
14624000	1415.97	120	2787	35243.76	10.91966015625	15.089359868794965	161.17438	1.4358829
14656000	1405.54	111	2799	35318.57	10.6675576171875	14.8796116800809	127.17331	1.1673393
14688000	1440.49	120	2788	35391.09	10.734001953125	15.051244238434244	168.75624	1.2792315
14720000	1329.36	120	2412	35461.42	10.5603984375	15.162809147714022	174.63588	1.1463318
14752000	1418.57	120	2419	35533.34	11.3854609375	16.662099582585622	164.51292	1.5428894
14784000	1251.78	120	2416	35605.49	9.809201171875	13.069897426911965	147.60721	1.2988398
14816000	1290.73	111	2414	35678.11	10.3612958984375	14.06539525751054	162.60681	1.4706271
14848000	1154.56	-101	2402	35749.66	10.111900390625	14.55945515378237	153.72874	1.329049
14880000	1282.71	111	2408	35819.63	10.580783203125	14.371240812817799	169.46107	0.79110235
14912000	1338.25	113	2415	35888.77	11.57923046875	16.975423411508768	150.76437	1.5002507
14944000	1287.94	120	2790	35957.77	10.5941943359375	15.520799552535946	165.43799	1.2505357
14976000	1334.47	111	2801	36027.89	10.611849609375	14.430167510288992	168.43617	1.4163616
15008000	1429.47	113	2780	36097.75	11.260078125	17.24636374717871	191.03206	1.0261726
15040000	1404.31	113	2800	36167.2	11.33311328125	16.2932645209608	178.49716	1.1366131
15072000	1303.51	111	2801	36239.26	11.9638359375	16.365739748022392	149.70937	1.4543308
15104000	1390.0	120	2780	36310.68	10.51726171875	14.81541532492424	166.5168	1.3840749
15136000	1421.49	385	2798	36382.94	11.09727734375	15.599576316361928	158.99773	1.348418
15168000	1385.6	113	2794	36457.25	11.730880859375	17.882549105203097	164.18085	1.2366736
15200000	1397.57	113	2798	36528.39	11.2253369140625	15.561319734360579	213.22757	1.2219267
15232000	1372.86	113	2418	36599.69	11.548771484375	16.583071187207754	187.47406	1.4733894
15264000	1397.99	113	2409	36669.13	11.5035634765625	16.262045535540725	191.47752	1.3745079
15296000	1530.83	120	2786	36738.4	10.4310517578125	15.109110455284918	170.32674	1.3963261
15328000	1178.57	111	2410	36808.69	10.255548828125	15.160267251107415	156.41728	1.2812576
15360000	1238.25	111	2786	36880.49	11.971892578125	17.43548913136652	156.94453	0.95831573
15392000	1448.28	113	2798	36951.09	11.8531826171875	18.661666927153103	299.7172	1.2621009
15424000	1383.41	111	2797	37020.97	10.512705078125	16.846809787019026	178.09511	1.2469505
15456000	1245.5	111	2198	37091.59	10.30852734375	15.738536006407966	143.71704	1.3182281
15488000	1337.43	113	2417	37163.33	11.1942109375	16.70675948531013	147.10463	1.3350751
15520000	1180.64	113	2790	37232.43	11.80152734375	18.10102207059038	159.89911	1.1075408
15552000	1291.86	113	2792	37301.39	12.031609375	17.530534967592974	137.80936	1.3485372
15584000	1428.27	113	2795	37371.37	11.1812529296875	16.522784458135376	142.54181	1.382088
15616000	1398.17	113	2796	37445.19	10.502947265625	16.448202789362735	135.50308	1.0878665
15648000	1301.28	113	2410	37518.53	11.3302919921875	17.336413989057828	157.27664	1.150346
15680000	1364.51	113	2801	37591.07	12.09248828125	18.962540375698612	205.85141	1.1181074
15712000	1390.15	113	2767	37661.36	12.282634765625	18.19094554991576	188.99548	1.1494051
15744000	1381.85	113	2786	37733.22	11.190384765625	18.336061634113253	188.72989	1.3495531
15776000	1329.59	113	2794	37813.44	10.35433984375	15.967307909444221	182.83646	1.1009876
15808000	1283.64	113	2415	37892.78	11.180017578125	15.92679199101313	160.85759	0.97018397
15840000	1300.37	111	2787	37973.25	12.67943359375	18.721949851711493	161.5152	1.1091499
15872000	1391.32	113	2795	38053.3	10.624361328125	15.946343134869512	182.3851	1.2756531
15904000	1323.53	105	2780	38132.25	12.676744140625	19.926729849626607	260.0829	0.969979
15936000	1397.95	111	2792	38212.42	12.572294921875	19.555937397629396	231.19952	1.0976344
15968000	1398.16	120	2793	38293.02	11.706103515625	16.458310021080536	129.90208	1.172268
16000000	1496.83	113	2792	38372.71	11.1172578125	16.36034458683557	163.0203	1.204239
16032000	1239.03	120	2188	38450.78	10.154927734375	14.435678997712577	159.74205	1.3727325
16064000	1382.55	523	2414	38529.78	11.0037958984375	17.241853148661253	172.47298	1.1561457
16096000	1487.25	113	2781	38609.93	10.4218779296875	16.113463896692107	152.895	1.3292432
16128000	1470.73	113	2789	38690.69	10.04992578125	15.223856689420064	159.72328	0.99175173
16160000	1583.4	111	2775	38770.25	10.444205078125	17.19466668766801	171.36336	1.1886957
16192000	1319.27	113	2785	38850.57	10.613828125	16.57108362479654	157.81613	1.0532703
16224000	1327.95	111	2770	38930.29	10.756544921875	16.145342304361343	149.2797	1.2614727
16256000	1364.85	113	2789	39009.3	10.9629560546875	16.694155040013257	150.13011	1.1219981
16288000	1339.01	105	2797	39088.87	11.010185546875	16.79563838471167	146.16776	1.2496951
16320000	1308.1	105	2404	39168.32	10.3755615234375	16.12983067177086	150.64236	1.124029
16352000	1458.92	113	2793	39248.37	10.943298828125	16.04139079849375	137.12663	1.1844574
16384000	1384.77	111	2798	39328.92	11.3213896484375	17.647987668570035	183.15886	1.0505223
16416000	1401.34	113	2797	39408.86	10.263833984375	15.598962806065023	151.00241	1.382498
16448000	1406.36	105	2786	39489.0	10.7972626953125	16.06753520301107	141.97758	1.3099169
16480000	1497.98	105	2795	39569.64	12.113583984375	19.14767120304712	164.92851	1.27248
16512000	1360.55	113	2798	39648.98	10.062142578125	15.613804989495675	205.34026	1.211055
16544000	1451.44	113	2415	39727.5	11.055875	17.506896855239653	157.10834	1.3784761
16576000	1391.9	120	2795	39808.38	10.4437509765625	17.12048754416766	162.32185	1.2172269
16608000	1441.94	113	2790	39889.1	10.155576171875	15.635041773209306	137.11253	1.0394661
16640000	1189.6	113	2798	39970.55	10.38057421875	16.510823154827868	170.28787	1.201567
16672000	1231.57	105	2786	40052.98	10.82369921875	18.37461309116467	152.0806	1.2242128
16704000	1411.15	105	2792	40133.26	11.6684736328125	20.61446397556822	175.21005	1.2493162
16736000	1369.27	569	2788	40213.74	11.337892578125	17.051127162155584	193.59143	1.0717931
16768000	1314.04	111	2349	40294.83	11.147177734375	17.226487599043516	154.31886	1.1836561
16800000	1387.33	113	2789	40375.72	11.079927734375	17.22238369099934	167.59544	1.1337011
16832000	1292.68	111	2414	40455.79	10.0220419921875	15.72007126653693	157.6504	0.9292222
16864000	1497.58	113	2796	40536.64	10.8890390625	17.897351410194748	162.64421	1.1782554
16896000	1273.32	120	2326	40615.62	11.9699609375	17.90173175980469	143.58931	1.2669849
16928000	1327.39	113	2791	40695.42	11.60205078125	17.44907590676366	164.94193	1.0717524
16960000	1236.26	111	2414	40776.06	11.187513671875	16.942301902339008	141.55707	0.9588296
16992000	1312.55	113	2416	40857.42	11.52019140625	16.337776393989483	161.02325	1.2515044
17024000	1357.37	113	2790	40936.79	11.930884765625	18.700130347139297	164.27176	1.2824533
17056000	1413.53	111	2800	41017.14	10.663416015625	14.91839520943858	136.4014	1.2110728
17088000	1501.03	113	2791	41097.48	12.414873046875	18.874465224212315	236.46056	1.185586
17120000	1445.87	113	2798	41178.26	10.8435732421875	15.763549231534121	141.88535	0.73469996
17152000	1331.51	111	2799	41257.87	10.4757626953125	16.715905599159143	212.27171	0.9315603
17184000	1324.44	120	2793	41338.97	11.2039892578125	15.351211271427411	133.57494	1.0476844
17216000	1307.75	111	2794	41420.53	11.40991796875	17.947949917748268	178.43379	1.0401357
17248000	1427.09	120	2801	41501.55	11.0239912109375	16.7769745484697	153.01234	0.9742859
17280000	1409.85	113	2801	41582.85	9.7464599609375	14.484134639321743	141.53262	1.069453
17312000	1328.52	120	2799	41664.74	10.540740234375	16.27295878136487	187.3996	1.0922467
17344000	1435.21	113	2799	41744.25	11.6430322265625	18.003727044698273	155.3188	1.2424378
17376000	1408.42	113	2793	41824.38	10.81028515625	15.122638245359173	157.48131	1.3199505
17408000	1349.08	111	2799	41903.86	10.39705859375	16.410657741236335	161.35982	1.1756842
17440000	1289.21	105	2415	41984.17	11.9016162109375	18.593579200896205	194.24301	1.3461535
17472000	1330.91	111	2802	42064.95	11.1835703125	17.482148931123998	137.8314	1.3366004
17504000	1410.85	113	2798	42146.28	11.3860146484375	17.448022810622412	300.49252	1.4108763
17536000	1423.08	581	2797	42225.81	10.6712412109375	15.32179717755068	156.57024	1.0991826
17568000	1288.14	120	2797	42305.8	11.364380859375	17.639428491308895	171.96593	0.94495875
17600000	1361.68	111	2795	42385.3	10.7664462890625	14.909923289541096	145.19135	1.1858547
17632000	1426.36	572	2799	42465.44	11.4143125	16.339182201077264	153.02438	1.1546699
17664000	1511.7	111	2795	42545.73	12.37703125	18.843793739584395	180.50426	1.2269508
17696000	1620.25	120	2798	42627.46	11.41025390625	17.833327297506766	182.53174	0.8778292
17728000	1351.53	120	2797	42706.91	11.378875	18.1864510006763	255.28137	1.2018547
17760000	1371.53	113	2800	42787.81	11.025689453125	16.97251730740022	153.8508	1.1343168
17792000	1429.93	120	2801	42869.21	10.552033203125	17.431645074404194	254.80408	1.1957846
17824000	1350.44	120	2790	42949.16	11.477681640625	17.88160018007337	154.93594	0.9998733
17856000	1419.53	120	2801	43029.73	11.1600947265625	16.948666982981287	239.14044	1.3145791
17888000	1424.91	113	2799	43110.56	11.576712890625	17.716134948120033	183.88005	1.2186229
17920000	1432.54	120	2800	43191.36	11.5432626953125	18.521393879781293	175.39258	1.4992659
17952000	1424.1	113	2788	43271.42	10.83089453125	16.165623248115118	171.22589	1.0837768
17984000	1451.12	113	2796	43352.54	11.4772734375	18.74232509588925	216.29051	1.1574473
18016000	1466.68	111	2798	43433.22	12.02065234375	18.426400896539725	173.15839	1.0565113
18048000	1377.63	113	2797	43512.42	11.1388876953125	18.055758257409185	181.92372	1.3770311
18080000	1456.13	113	2800	43591.63	10.59123828125	16.526552498933345	165.54317	1.2840183
18112000	1295.26	120	2799	43674.55	11.219548828125	17.434268517778428	189.26332	1.2560997
18144000	1386.39	113	2798	43754.37	11.3949296875	17.678504779816645	153.66911	1.1651502
18176000	1375.11	580	2796	43835.15	10.324197265625	16.316205517827974	174.84372	1.1167402
18208000	1360.25	111	2800	43917.61	12.1967763671875	18.424328345966916	165.90729	1.2320511
18240000	1451.4	113	2796	43998.49	10.4372421875	16.634196704379807	222.40935	1.2105623
18272000	1449.47	111	2801	44079.14	10.4582265625	15.496900899857366	209.38258	1.2639087
18304000	1357.8	120	2791	44163.13	11.80924609375	17.057619265301945	173.0015	1.2034396
18336000	1307.45	113	2801	44243.42	11.97998046875	18.233627930283102	183.8422	1.3657937
18368000	1512.1	194	2797	44323.99	10.892009765625	16.868029115756233	168.46654	1.2579799
18400000	1502.94	111	2801	44407.44	11.7094423828125	19.40914571793411	168.38756	1.1143059
18432000	1395.47	111	2793	44488.19	11.326791015625	18.649447042740974	192.73082	1.3353112
18464000	1398.85	111	2800	44568.18	10.3314736328125	17.587880237538577	165.56291	1.3103073
18496000	1418.79	111	2798	44648.57	11.8980810546875	20.192334560421685	315.26147	1.4294928
18528000	1484.79	111	2798	44730.19	10.042298828125	15.067021105712968	150.77434	1.2032118
18560000	1352.08	111	2787	44808.64	11.8018369140625	18.755601663236508	162.90295	1.229669
18592000	1294.37	111	2794	44892.59	11.3152294921875	18.910071721175466	280.318	1.1730078
18624000	1160.06	111	2415	44973.17	11.0882255859375	17.70699896933413	171.10701	1.241819
18656000	1601.0	120	2802	45053.74	12.263509765625	17.991293033020167	156.95177	1.1728504
18688000	1469.99	111	2797	45139.75	11.2568701171875	16.450666779799533	151.0052	1.4559718
18720000	1355.41	111	2796	45220.0	10.8447880859375	15.208864602592792	150.06676	1.1335495
18752000	1430.52	111	2802	45301.91	10.7374755859375	17.583814468140865	209.29933	1.3715526
18784000	1358.72	111	2801	45381.89	11.3905205078125	16.880689781522555	185.13307	1.140986
18816000	1435.3	113	2800	45462.49	12.1592060546875	17.69114891690192	175.57397	1.0666505
18848000	1425.79	120	2798	45541.21	11.11053515625	15.452604958388084	148.11865	1.3850508
18880000	1390.37	113	2800	45621.72	12.325224609375	19.771551532441755	171.18488	1.1133233
18912000	1338.33	111	2799	45701.31	11.78833203125	17.55498504698879	158.27678	1.2123044
18944000	1274.94	111	2798	45782.05	12.66642578125	19.177891731105376	139.46935	1.301437
18976000	1555.64	523	2795	45861.67	11.61448828125	17.44150581228582	169.53099	1.4483633
19008000	1362.27	111	2790	45940.49	11.660681640625	19.585333319859533	193.50462	1.28703
19040000	1504.16	111	2802	46020.24	10.4662607421875	17.49555479257517	163.76137	1.0011077
19072000	1280.04	111	2795	46099.55	10.99262109375	18.977345046133298	266.0954	1.1510355
19104000	1524.16	120	2799	46179.48	10.1820146484375	15.779883356666486	156.70102	1.0761592
19136000	1544.16	113	2799	46261.4	11.49901953125	17.177309706412117	145.06943	1.1733233
19168000	1359.46	111	2797	46340.05	10.976849609375	16.72832459483017	144.16414	0.9755719
19200000	1322.44	113	2797	46418.75	10.6275673828125	17.28539665440166	163.98552	1.0400496
19232000	1340.95	120	2796	46500.7	10.25366015625	15.323964075917171	141.92447	1.0254925
19264000	1569.16	111	2799	46582.85	10.596685546875	16.14429465786598	174.10257	0.9866657
19296000	1339.98	111	2798	46664.02	10.169380859375	17.118844696707775	257.4518	1.0857822
19328000	1415.47	120	2802	46744.11	10.9352265625	17.38055666542358	166.73174	0.7505847
19360000	1529.0	120	2796	46823.11	10.780763671875	17.331022582352144	153.13379	1.177355
19392000	1261.79	111	2798	46901.64	11.44905078125	19.38993214918505	172.04204	1.1659005
19424000	1422.66	120	2798	46980.99	9.3515888671875	14.121051439251964	143.96739	0.99648404
19456000	1436.09	113	2797	47061.33	11.2420703125	20.444533193496984	191.57196	1.0002396
19488000	1440.88	120	2797	47140.58	10.564576171875	17.095441643900283	159.32912	1.0112793
19520000	1501.81	120	2799	47220.15	10.987484375	19.124879084585086	196.13565	0.84177184
19552000	1462.42	120	2798	47298.05	10.867990234375	17.56492598902711	162.2233	1.1945744
19584000	1370.33	120	2802	47376.63	10.6894091796875	17.876062905461033	170.17111	1.1151581
19616000	1352.48	111	2800	47455.15	10.026375	16.53573781238684	201.4129	1.1720332
19648000	1387.22	111	2793	47534.96	11.69746484375	19.56313497372034	179.63443	1.0103905
19680000	1259.11	120	2799	47616.28	11.9551015625	19.831838354020537	179.84845	1.1767256
19712000	1403.42	111	2800	47695.31	11.8487939453125	19.357306437105343	149.6324	1.3172796
19744000	1514.08	120	2798	47773.95	11.021189453125	16.64357796568995	161.30608	1.1279943
19776000	1324.75	113	2794	47856.47	10.4177265625	15.77086514748002	158.40375	0.9309423
19808000	1341.51	111	2801	47936.89	11.4939990234375	17.99522506110996	164.415	1.0919386
19840000	1432.46	120	2796	48016.3	10.939341796875	15.932013761605907	196.80063	1.1510696
19872000	1464.76	390	2797	48095.7	11.1237109375	17.031298394426656	161.15796	1.0949079
19904000	1299.06	120	2793	48177.45	11.2482568359375	16.986570982691003	173.70778	1.0091404
19936000	1320.12	113	2795	48256.83	11.3853212890625	16.98135834525613	154.54558	1.2435131
19968000	1422.85	120	2794	48336.29	12.3096552734375	17.25051086200058	131.269	0.73769796
20000000	1302.01	113	2801	48417.07	11.123115234375	16.10024844528804	156.77928	1.2039354
