TotalEnvInteracts	AverageEpRet	MinEpRet	MaxEpRet	time	Averageloss	Stdloss	Maxloss	Minloss
32000	358.85	240	954	70.67	0.3123214926389964	0.23401290169778874	2.2623034	0.0022266544
64000	397.26	246	1220	158.17	0.9148853759765625	0.8803923893794992	7.1958723	0.06307937
96000	394.66	242	1372	247.21	1.9474771728515625	1.4465270234902285	11.982449	0.23405334
128000	383.9	240	1413	336.2	3.109953125	2.094923878017409	13.978479	0.3606698
160000	457.08	241	1413	426.11	4.2642998046875	2.802730776347864	18.443653	0.43735284
192000	389.84	240	1389	515.31	5.3938623046875	3.6336441924309955	26.648548	0.61219585
224000	379.01	240	1247	604.43	6.00006298828125	4.102879609950796	34.568222	0.6433114
256000	374.52	240	1471	694.15	6.211591796875	4.3758907575344015	28.662415	0.71675456
288000	402.39	240	965	782.91	6.37453515625	4.402586686398123	26.379204	0.72661597
320000	348.87	240	957	870.54	6.5536572265625	4.527863389613251	33.82538	0.65848255
352000	365.8	240	1407	959.61	6.220818359375	4.34750961399167	24.420471	0.54351056
384000	414.65	240	974	1048.42	5.668771484375	4.180412612335653	29.04181	0.59447396
416000	376.99	240	812	1137.02	5.757244140625	4.1242650860486645	30.436333	0.69078493
448000	427.42	240	1244	1225.72	5.6614521484375	4.309256479515927	28.124454	0.64158094
480000	399.06	240	1251	1315.03	6.067033203125	4.572666968315646	39.76602	0.52375585
512000	384.91	240	956	1403.57	6.66503955078125	5.092824302388607	38.693607	0.6213702
544000	343.29	240	1389	1491.98	7.4847646484375	5.576832308197011	44.840958	0.94614655
576000	429.6	240	953	1581.2	7.8635791015625	6.143159305276073	37.301407	0.8595662
608000	339.65	240	911	1670.08	7.1827783203125	5.710461206198673	57.009007	0.8015021
640000	301.57	240	554	1759.31	8.12068212890625	6.201415539012041	40.30663	0.8476713
672000	354.79	240	975	1844.74	7.8626318359375	6.323093215547277	44.339752	1.0899186
704000	249.92	240	420	1928.97	7.9958857421875	5.955009380240304	37.84374	1.1430519
736000	373.85	240	933	2013.71	7.6768076171875	5.632789224986587	41.498917	1.4067588
768000	262.74	240	554	2098.91	8.0663544921875	5.825809023753696	51.143097	1.4628266
800000	305.43	240	630	2183.67	8.357158203125	5.481545031968633	39.394997	1.1058314
832000	313.67	240	627	2267.5	9.6764814453125	6.814437224562274	45.699627	1.1316286
864000	334.84	240	909	2351.19	8.888001953125	6.797470519888262	49.285515	1.1928228
896000	261.24	240	379	2435.44	8.9028125	6.6302602937215065	60.568394	1.187437
928000	307.31	240	535	2520.11	9.4426064453125	7.190362473477954	49.35881	0.9709796
960000	344.49	240	911	2604.51	9.424259765625	7.705433350889487	56.2767	1.1331766
992000	348.95	240	556	2688.69	9.509076171875	8.649080966351281	68.19917	1.1797297
1024000	328.16	240	626	2772.52	9.982046875	9.025204724132301	60.605907	0.7646338
1056000	455.65	240	1062	2856.83	8.571134765625	7.874874254948456	46.041195	0.8036479
1088000	460.61	240	983	2941.04	8.55118359375	8.423009316004583	65.95993	0.8274743
1120000	378.18	240	948	3025.14	7.99364892578125	7.837243815589764	44.072296	0.843367
1152000	329.27	240	646	3109.68	7.57527197265625	7.085769189015403	42.93323	0.63334465
1184000	391.15	240	556	3194.6	8.1711650390625	7.742768803858216	55.670544	0.69877905
1216000	420.87	257	947	3279.64	7.191998046875	6.660271672386945	43.50596	0.6522597
1248000	468.54	240	918	3363.98	6.6539716796875	6.00886259515892	39.388504	0.72626305
1280000	443.65	240	729	3448.4	6.86285546875	6.251887215073541	44.833813	0.69552994
1312000	509.16	240	1382	3533.38	6.45999609375	5.877450286901626	51.97235	0.6137433
1344000	428.76	240	948	3618.35	6.15581884765625	5.358644447292617	38.62638	0.7628124
1376000	434.62	240	1079	3702.84	5.8542421875	5.313951272358451	33.425568	0.6550238
1408000	442.41	240	1400	3787.62	6.5316826171875	5.7674328127859456	42.486782	0.5791023
1440000	313.59	240	965	3872.32	6.05764697265625	5.277033820007221	50.552803	0.8245138
1472000	469.69	240	821	3956.9	6.4001513671875	5.1891375427425315	49.007355	0.8295933
1504000	322.49	240	557	4041.32	6.4410888671875	5.229987526873272	42.877277	0.9866904
1536000	401.99	240	968	4125.52	5.97406640625	4.941410634879477	32.08109	0.8076724
1568000	532.47	240	1388	4210.12	6.029830078125	4.55239677601261	31.579418	0.86628217
1600000	429.34	240	1396	4294.87	7.2258017578125	5.475098458018815	38.903545	1.0421829
1632000	368.74	240	1398	4379.28	7.57497900390625	5.618603133508808	38.020523	1.2233081
1664000	361.45	240	988	4464.46	7.760900390625	6.068004266746193	47.454086	1.1114626
1696000	395.43	240	811	4548.86	8.4653076171875	6.230405848036708	43.545044	1.444773
1728000	526.93	240	1396	4633.35	8.745150390625	6.829474837972536	55.183846	1.1208749
1760000	580.1	240	1399	4718.28	9.405970703125	7.194383660189384	46.868744	1.0718168
1792000	602.3	240	1392	4803.5	9.472447265625	7.60435550564609	46.496033	1.361241
1824000	542.76	240	828	4888.56	9.807787109375	7.996875610590051	50.01273	0.8991864
1856000	583.46	240	1381	4973.19	10.2020263671875	9.063468051744872	65.206375	1.4509888
1888000	543.64	240	969	5057.72	10.02763671875	8.749043697742056	71.00697	1.198419
1920000	584.91	257	1406	5142.05	9.0599521484375	8.363331423541698	68.244225	0.9752807
1952000	619.62	240	1387	5227.0	9.522783203125	8.513671450232268	60.039215	1.1575909
1984000	592.51	240	1392	5311.91	9.1192255859375	8.399048960299018	66.477066	1.1942163
2016000	670.42	240	1400	5396.52	9.55637109375	8.548755391868456	68.23686	0.9299873
2048000	648.6	240	1486	5481.46	8.613787109375	7.415298270299044	49.272118	0.9352582
2080000	611.89	257	1394	5566.75	8.4156484375	7.633869841043925	54.433807	1.0508771
2112000	649.69	240	1533	5651.21	8.18520361328125	6.7904925493295405	45.84075	0.7932023
2144000	571.75	240	1462	5735.59	6.89903955078125	5.62192068491721	50.92373	0.76207995
2176000	526.29	250	1477	5821.39	6.8070595703125	5.838688650394881	40.5294	0.9619297
2208000	676.8	252	1252	5906.76	6.78954296875	5.52446953760042	38.07525	0.7278051
2240000	559.84	256	1342	5991.47	6.69569140625	5.463927159104521	59.520954	0.85522103
2272000	610.25	240	1430	6076.19	6.8499013671875	5.707334576555855	44.782944	0.87364453
2304000	619.38	257	1491	6161.43	6.662701171875	5.255299780340794	43.292717	1.0748422
2336000	450.02	240	1489	6246.3	6.76073876953125	5.612403604406048	47.143867	1.0170661
2368000	507.49	250	1419	6331.11	6.8955859375	5.247499404478289	35.189667	0.8296789
2400000	640.87	367	1480	6415.24	7.09598828125	5.50477775436938	37.647167	1.3082099
2432000	610.39	362	1392	6499.64	7.32704150390625	6.0896213577898255	38.566284	1.2951744
2464000	599.84	257	1388	6583.58	7.47988916015625	5.889352813552606	44.0002	1.3051162
2496000	598.85	257	1241	6668.81	7.6279716796875	6.123020726120401	46.41084	1.2375106
2528000	600.63	257	1251	6752.65	7.92090625	6.4872567391772	48.199394	1.1975563
2560000	666.25	365	1242	6837.96	7.9385947265625	6.248660481455206	44.56943	1.4856706
2592000	591.09	240	1250	6922.66	7.698166015625	6.195353916948571	50.00374	1.2955489
2624000	668.98	240	1491	7007.26	8.3224052734375	6.577300571853168	53.74611	1.2336338
2656000	646.43	363	1410	7092.1	7.7273134765625	5.889899988539703	53.43212	1.2924733
2688000	704.21	240	1255	7176.59	7.58478515625	6.068733264652518	47.973785	1.5077769
2720000	656.64	443	1243	7260.91	7.4182705078125	5.790032518259289	46.807945	0.8816814
2752000	727.95	365	1413	7344.78	7.20810595703125	5.409228225911715	43.14367	1.439909
2784000	651.26	259	1253	7429.05	7.045779296875	5.042310823174232	35.70822	1.0669229
2816000	783.33	263	1485	7513.37	6.9639482421875	5.520068854303359	49.899727	1.464215
2848000	759.97	442	1489	7597.64	6.65216357421875	5.217963638360275	45.508125	1.22649
2880000	746.57	263	1490	7681.75	7.12725537109375	5.474292370080812	41.101227	1.0946358
2912000	815.72	359	1492	7765.49	7.2834697265625	6.098652515105283	50.224724	1.1257057
2944000	647.33	259	1547	7850.12	6.9741640625	6.024100036519978	40.008293	1.0647504
2976000	725.67	359	1404	7934.72	7.39673828125	6.3878748666908	45.058186	1.1006207
3008000	675.93	263	1207	8018.75	6.96050390625	6.2859665127965805	48.078392	0.88939786
3040000	798.51	371	1480	8103.49	7.4867001953125	6.69298548388535	50.91029	1.1087728
3072000	690.1	363	1610	8187.96	7.58577734375	6.812323392206215	49.15947	0.8731607
3104000	635.66	363	1255	8271.58	7.57168603515625	6.8738300140823965	45.62367	0.6971592
3136000	801.58	363	1395	8355.21	7.5354560546875	6.634590346245953	45.790173	0.978105
3168000	616.65	367	960	8439.36	7.48589990234375	6.433094669849807	44.228294	1.088608
3200000	716.86	263	1621	8522.79	7.96493603515625	7.282597782985821	55.31231	0.95877576
3232000	647.61	359	1249	8606.93	7.83048681640625	6.717310601628452	50.92755	1.2048293
3264000	669.51	263	1622	8690.92	7.7769033203125	7.067476123058358	52.42727	1.1155894
3296000	457.96	363	1381	8775.71	8.3702509765625	7.654223711455003	61.73652	1.1264641
3328000	663.33	263	1388	8861.15	8.4887890625	8.058089394360179	54.466866	1.1678414
3360000	576.87	263	1255	8946.04	8.337763671875	7.610135357288331	58.380096	1.1055851
3392000	488.98	240	1255	9030.71	8.236498046875	7.197799414143882	45.43859	0.98520964
3424000	675.0	241	1711	9114.63	7.946486328125	7.035866817599662	46.484528	1.0364457
3456000	442.62	240	972	9198.83	8.2387880859375	7.426991262870181	52.6287	0.9129868
3488000	719.8	240	1414	9282.98	8.2582080078125	7.998743553677665	59.52753	0.5105073
3520000	774.98	240	2013	9366.88	8.66425	8.006571519695555	57.815933	0.6583754
3552000	613.14	263	1432	9450.98	8.266865234375	6.744437522877649	67.81094	1.1739602
3584000	866.1	366	1678	9535.67	8.823619140625	7.4543931049080046	59.880165	1.1908042
3616000	797.69	240	1769	9620.25	8.283494140625	7.036336493517063	42.922676	1.2672398
3648000	734.45	362	1422	9704.2	9.095638671875	7.768367347776494	49.842434	1.3336697
3680000	556.39	240	1273	9789.19	8.830341796875	7.045678529247556	44.93076	1.0477738
3712000	519.35	263	1612	9873.34	8.89295703125	7.2277470988545245	48.634853	1.3881803
3744000	785.3	240	1686	9956.8	9.3279140625	8.285571985385198	70.86726	1.220302
3776000	677.45	240	1684	10040.91	10.6929970703125	8.800561061659648	73.99922	1.476202
3808000	516.26	240	1412	10124.78	11.38190625	9.557308639857771	60.51557	1.3489583
3840000	636.05	240	1692	10208.56	11.3984443359375	9.98218882560333	81.471375	1.3586514
3872000	547.07	240	1622	10292.5	12.0926171875	10.000888241801325	64.6754	1.4099576
3904000	552.75	240	1791	10376.28	12.5624638671875	10.462508587212724	80.24167	1.1518629
3936000	694.37	240	1492	10461.0	12.4618408203125	9.806630808412235	54.093086	0.98525107
3968000	589.48	263	1547	10544.9	12.884349609375	10.023839942232717	82.30809	1.5460575
4000000	646.21	263	1423	10629.33	12.908095703125	10.209275041598204	63.184364	1.3567513
4032000	802.5	263	1768	10713.41	12.5010048828125	9.458165701524795	53.136436	1.7135373
4064000	494.57	240	1423	10797.97	12.186529296875	9.876979232032435	77.32847	1.5337126
4096000	796.77	241	1480	10882.06	13.2459501953125	10.407300247302372	87.89241	1.5610676
4128000	770.99	240	1393	10965.75	13.1419921875	10.821115425985438	81.52609	1.8347691
4160000	719.23	263	1403	11049.94	13.1379873046875	10.32541123575715	70.57098	1.5882593
4192000	597.72	263	1611	11133.88	12.5491083984375	10.912651416475283	83.84722	1.5633132
4224000	636.85	263	1490	11217.68	13.003001953125	10.48525750756747	72.17527	1.8888708
4256000	800.31	258	1693	11302.77	12.015130859375	9.53376483216363	67.37607	1.8031299
4288000	830.63	367	1692	11387.1	12.5768193359375	9.686516079065786	62.85193	1.6624308
4320000	892.56	240	1611	11472.1	12.512939453125	9.651907194953752	60.797592	1.8082967
4352000	817.85	263	1490	11556.79	12.37834765625	9.93931233473926	79.535645	1.5142254
4384000	920.8	240	1430	11641.91	11.6972861328125	9.601342679542274	63.956154	1.8691678
4416000	848.04	263	1611	11726.23	11.682853515625	10.02821410446546	85.33618	2.0071192
4448000	847.07	240	1690	11809.87	11.8390869140625	9.256926460764394	55.097237	1.4195242
4480000	783.06	257	1705	11893.52	12.23982421875	10.162293202077965	67.16037	2.024171
4512000	781.5	263	1422	11977.05	10.971859375	9.015133977096513	54.652264	1.5881791
4544000	886.9	376	1688	12060.95	10.282693359375	8.176260892822587	55.681053	2.094552
4576000	889.09	240	1494	12145.95	10.4847578125	8.803605440386342	51.092697	1.7569036
4608000	802.66	240	1529	12233.08	10.5949765625	8.968528742915417	51.57087	1.5060253
4640000	933.48	553	1435	12322.03	10.5220087890625	9.031671702957322	70.198715	1.9032413
4672000	972.53	240	1625	12406.3	10.143625	8.437214809995062	52.06211	1.4778976
4704000	850.88	240	1421	12491.14	10.207251953125	8.627119757630584	60.232975	1.178583
4736000	917.79	240	1491	12574.88	10.16072265625	8.915431670704454	66.28427	1.5758547
4768000	783.02	240	1616	12658.94	10.689708984375	9.186639840687127	74.51596	1.386573
4800000	927.43	240	1433	12742.93	10.0589453125	9.137216992881367	75.50749	1.0308017
4832000	852.43	240	1586	12827.33	11.53232421875	10.310014852074657	86.190605	1.8595867
4864000	993.21	240	1683	12911.18	11.939064453125	10.365325308450286	87.11508	2.0032494
4896000	1007.99	240	1441	12995.69	11.908810546875	10.011905413056997	75.3425	2.0074692
4928000	1036.1	263	1433	13079.5	12.4761142578125	12.017033483767948	88.04298	1.7371513
4960000	1060.37	240	1620	13163.5	11.361470703125	10.707932588156314	89.77931	1.3720038
4992000	1114.89	366	1490	13247.8	10.957173828125	10.038666650755966	83.36735	1.8649279
5024000	1091.14	240	1601	13331.27	11.335951171875	10.76051230193061	102.90809	1.7148646
5056000	982.92	368	1479	13415.72	10.1458310546875	9.144615047939416	63.241783	1.7977831
5088000	973.14	263	1611	13499.27	10.040234375	9.403329696176774	114.50288	1.4461598
5120000	829.24	263	1487	13581.79	9.8630048828125	8.98949995133211	86.05352	1.6656809
5152000	1008.64	263	1611	13666.02	9.633369140625	8.595126707908383	77.64096	1.7219795
5184000	1182.61	263	1928	13749.86	10.0266494140625	9.149536361204321	101.00619	1.2673444
5216000	997.6	368	1427	13833.7	9.7665234375	8.9936427199995	77.7916	1.4189469
5248000	962.34	263	1479	13918.33	9.3425048828125	7.790303969518776	70.01998	1.3595381
5280000	890.77	367	1428	14002.79	9.7227890625	9.134046885143517	78.53611	1.2017808
5312000	955.58	367	1432	14087.58	8.807791015625	8.019043252626837	76.29205	1.2486103
5344000	948.82	366	1493	14172.64	8.442962890625	7.93767519491696	104.083275	1.1444061
5376000	1003.45	387	1432	14257.03	9.4055185546875	9.006975595337204	73.98162	1.5393696
5408000	1056.93	263	1675	14341.24	9.61355078125	8.875939650960905	79.248634	1.55043
5440000	782.4	263	1802	14425.69	9.097583984375	8.170294899818488	65.10876	1.4350173
5472000	755.95	371	1431	14509.17	9.218009765625	8.819652682362271	97.86809	1.40978
5504000	828.76	263	1658	14593.37	10.0981181640625	10.077797378395738	98.56882	1.5725838
5536000	864.08	263	1489	14677.56	9.720681640625	8.67895668052906	60.142204	1.5407226
5568000	830.44	263	1431	14762.33	10.088041015625	9.207345488114369	71.05936	1.1047837
5600000	995.59	263	1681	14846.46	10.00198828125	9.25386743475397	80.65149	1.7842356
5632000	917.07	263	1740	14930.09	10.55116015625	9.32246111549949	70.27786	1.7469575
5664000	845.41	257	1798	15014.16	10.157294921875	9.245889711785448	72.493164	1.8373501
5696000	1042.28	366	1729	15098.37	10.5401357421875	9.323011684804433	76.30941	1.7630076
5728000	1022.71	263	2114	15183.22	10.6971689453125	9.821405990233782	107.21066	1.4088892
5760000	1075.47	366	1434	15267.53	10.618369140625	9.526678821866517	75.19851	1.7955571
5792000	1022.66	263	1652	15352.17	10.10129296875	9.146390169077634	70.382286	1.0680294
5824000	991.1	263	1688	15436.53	9.505564453125	8.484184275020198	71.7588	1.9834844
5856000	1065.67	366	1628	15520.44	9.1514736328125	8.249663818908017	62.139393	1.2389162
5888000	1108.68	366	1685	15605.3	8.921779296875	7.647614517776115	56.247463	1.4113852
5920000	1075.4	366	1671	15689.69	9.2616669921875	8.096429093279333	58.836975	1.4879701
5952000	1055.81	267	1673	15774.36	9.135064453125	8.188769462654324	76.547165	1.5587543
5984000	904.41	263	1667	15858.47	9.112625	9.145430894714584	68.04799	1.2681488
6016000	1172.41	366	1728	15942.51	9.4070244140625	8.818101942878638	69.157196	0.9872067
6048000	1031.77	368	1682	16026.53	9.83509765625	9.762474391771791	88.608315	1.3752286
6080000	1062.96	263	1693	16110.66	9.1861640625	9.032765876241895	67.66442	1.2098345
6112000	989.06	240	1812	16194.1	8.9776796875	8.414911430015172	68.19581	1.4136426
6144000	944.71	369	1656	16277.99	9.213466796875	9.124400237138877	70.138855	1.4940016
6176000	934.72	257	1676	16362.46	10.692783203125	11.432560067084712	98.52789	1.3252552
6208000	872.87	366	1692	16447.42	9.942630859375	10.21427004244552	77.21595	1.5474617
6240000	963.17	380	1722	16531.9	10.4357294921875	10.67902002760553	107.16373	1.1970959
6272000	759.66	257	1724	16615.72	10.9476611328125	11.261994300522444	107.458405	1.5869678
6304000	793.17	257	1804	16700.33	11.2420595703125	10.915257383589266	91.452805	1.3407483
6336000	840.37	257	1817	16784.57	12.3434638671875	12.595348843918536	111.220474	1.8425618
6368000	1022.48	257	1940	16869.18	12.1845830078125	12.320829669709747	102.83213	1.3725972
6400000	967.81	257	1877	16953.27	12.7102255859375	12.602125316786847	98.015175	1.6138957
6432000	980.01	257	1832	17037.95	13.243060546875	13.040046491481538	111.22685	1.9419457
6464000	1001.0	366	1810	17121.88	12.600888671875	11.348220882036973	97.41394	1.8865654
6496000	988.21	366	1681	17206.81	12.7689296875	11.13183287356579	84.55787	1.5142336
6528000	953.16	264	1618	17290.21	12.47942578125	11.242657326006162	85.84407	1.438376
6560000	928.59	263	1704	17373.72	12.6117275390625	11.591257481395191	100.903465	1.4802965
6592000	935.54	257	1828	17457.27	11.62581640625	10.326268081935506	69.57436	1.675879
6624000	935.84	369	1657	17541.21	12.065177734375	10.924465805017652	81.47749	1.796988
6656000	899.25	377	1818	17625.54	11.947669921875	9.784624417932452	77.19216	1.6036161
6688000	889.31	263	1732	17709.15	11.29776171875	9.288396659273332	90.95523	1.5458208
6720000	947.62	264	2128	17793.52	11.0258896484375	8.923179085953615	69.58479	1.6033845
6752000	890.67	363	1628	17877.29	10.359548828125	8.094990011189019	81.89752	2.0958405
6784000	1102.53	377	2130	17961.51	9.604716796875	7.510796395855769	69.36385	1.192405
6816000	962.05	263	1624	18045.75	9.7098125	7.596737066826783	50.293045	1.6359543
6848000	945.47	365	1954	18129.5	9.6570234375	7.756209206177976	57.474495	1.7442936
6880000	998.47	365	1821	18213.35	9.6210859375	7.953758938388817	91.9549	1.4287986
6912000	1027.03	454	1826	18297.61	9.58545703125	7.659458766371812	63.934654	1.4185767
6944000	923.51	257	1814	18381.63	9.626111328125	8.154059571771597	77.30492	1.5715104
6976000	971.27	440	1829	18465.55	10.3581015625	8.68097056785703	69.1566	1.7903569
7008000	917.89	263	1488	18549.33	9.8256298828125	7.916165225347434	55.20361	1.4104443
7040000	840.38	340	1403	18633.01	10.2028671875	10.021689758967796	100.25139	1.3344287
7072000	926.18	257	1820	18717.58	9.3921865234375	8.920475919198482	73.64302	1.6120961
7104000	1115.85	337	1832	18802.23	10.24540234375	9.67927150538717	87.48398	1.7450457
7136000	1034.95	366	1931	18886.33	10.007181640625	9.878439274500806	100.50249	1.0903811
7168000	1010.04	263	1625	18970.78	9.7931484375	9.917525129158989	80.8846	1.113257
7200000	1033.4	363	1926	19054.81	9.6906416015625	9.519043413074657	85.916245	1.172159
7232000	1067.36	377	1946	19138.33	9.9746201171875	10.388889798722479	72.453636	1.3486571
7264000	963.05	263	1624	19222.12	10.14910546875	10.818189976839934	88.713615	1.3823421
7296000	935.25	263	1684	19305.36	9.2677919921875	10.29388205744072	84.506744	1.1152813
7328000	1128.06	257	2108	19389.99	8.9507919921875	8.93090753367204	69.266205	1.3074179
7360000	1115.96	264	1805	19473.88	10.044400390625	10.850360017068558	92.71262	1.4140942
7392000	998.06	264	1869	19558.31	9.800060546875	10.643409052084769	87.24531	1.1817563
7424000	1099.19	263	1768	19642.65	9.8105849609375	10.51567282678574	84.22679	1.3629827
7456000	988.77	377	1662	19727.03	9.7236767578125	9.865269731487325	68.30336	1.4404733
7488000	1098.13	368	2104	19811.2	10.3026064453125	10.752872436005182	107.4568	1.4148376
7520000	1025.39	263	1844	19895.29	9.6427099609375	10.552213926470596	102.55166	1.3895179
7552000	1074.28	263	1708	19980.13	9.56980078125	9.586253585864501	75.949974	1.1700666
7584000	1078.86	240	1619	20064.59	9.1455	9.451705368609414	80.34018	1.2203443
7616000	1207.36	257	1817	20149.41	9.3676044921875	10.821213252218996	118.59083	1.2126608
7648000	1102.9	257	2125	20234.04	9.232876953125	10.061124906043062	88.12475	1.5913627
7680000	1152.75	263	2121	20318.9	9.2528271484375	10.223473296781286	75.79632	1.2254677
7712000	1009.13	366	1830	20403.55	9.187431640625	9.828885602523819	99.16262	0.9986115
7744000	1188.67	384	1818	20488.7	9.0393359375	9.848565885447485	92.881065	1.1201849
7776000	998.18	240	2328	20573.33	9.795880859375	10.807043782297729	87.18657	1.3309793
7808000	921.63	257	1820	20658.38	8.833357421875	9.6773769689932	88.22904	1.0145092
7840000	798.75	240	1819	20743.27	8.9990615234375	10.91961108510738	124.09201	1.0690074
7872000	973.31	240	2123	20828.22	9.206052734375	9.721246062105413	76.92785	1.1894567
7904000	923.89	240	1819	20912.63	9.468345703125	9.904403219023346	88.53035	1.3942504
7936000	771.19	240	1955	20997.02	10.87710546875	11.931525337315426	138.84485	1.6044669
7968000	673.45	240	2020	21081.86	9.6985517578125	11.325638089087962	106.24339	0.92976636
8000000	806.27	240	1692	21166.45	11.1865810546875	15.151596966161685	114.85477	1.49348
8032000	745.18	240	2011	21250.03	12.04452734375	16.990171791362204	211.63777	1.4395947
8064000	524.38	240	1812	21334.83	11.946826171875	15.697791942658688	134.47665	1.499344
8096000	691.37	240	1615	21418.87	12.92933984375	14.689791310634744	114.83726	1.4810083
8128000	666.83	240	1715	21502.41	13.7995810546875	15.928107526476584	100.80188	1.1554322
8160000	586.99	240	1951	21585.76	12.4992080078125	13.756145217683622	156.30078	1.3814187
8192000	638.86	240	1694	21670.73	13.8344677734375	15.183142893518456	103.034134	1.319642
8224000	824.95	240	1795	21754.11	14.97819140625	15.250424174428723	105.18755	1.4953897
8256000	827.99	240	1626	21838.03	15.62439453125	16.561698093794607	139.51424	1.4444737
8288000	509.42	240	1611	21921.16	16.6841484375	17.775286565903798	179.36414	1.3407528
8320000	851.64	240	1955	22004.78	15.00555859375	15.10617009701665	125.26382	1.1207911
8352000	807.61	240	1830	22088.64	14.7428720703125	15.244675299920297	100.89592	1.6561799
8384000	354.62	240	1626	22172.56	16.775677734375	17.666202725826512	121.269394	1.3268645
8416000	394.7	240	1637	22255.92	16.86572265625	18.59173203335289	129.26085	1.4273611
8448000	942.14	240	1819	22339.16	16.19266015625	18.540107705997826	162.38953	1.1118474
8480000	1140.58	240	2422	22422.57	16.2262578125	17.63531347183826	114.73149	1.385364
8512000	1124.94	240	1831	22506.2	17.38308203125	19.050010662726674	156.24048	1.3276147
8544000	410.62	240	960	22592.74	14.7428212890625	16.47279575542658	167.35103	1.4017804
8576000	898.22	240	2097	22678.39	15.232546875	17.62233579154591	110.18843	1.3191681
8608000	527.45	240	1611	22762.58	17.64126953125	18.88448106250209	112.998375	1.1544008
8640000	689.51	240	1611	22847.39	18.01855078125	20.01856169908318	151.40546	1.6475737
8672000	940.36	240	2400	22936.43	15.845251953125	18.219944429113937	173.75677	1.1866951
8704000	853.42	241	2018	23021.0	16.61216796875	18.642115458016026	125.74117	1.078547
8736000	651.44	240	1941	23105.16	16.136916015625	18.295027500662577	134.5327	0.943111
8768000	508.01	240	1690	23190.4	15.1500537109375	17.004183308821393	146.39737	1.3109868
8800000	670.11	240	2054	23275.12	16.3289189453125	18.515408279322386	122.30913	1.3134365
8832000	879.52	240	1611	23358.73	17.65314453125	19.718348846949635	142.22618	1.2990153
8864000	696.9	240	1694	23445.59	18.435431640625	20.143239405567318	153.26584	1.2972357
8896000	905.08	240	2140	23532.07	17.080431640625	18.48469721823974	122.78647	1.3964957
8928000	590.29	240	1611	23620.54	17.86733984375	20.143330161619257	157.43008	1.1386304
8960000	694.95	240	1611	23711.79	20.0585859375	20.84657495849138	127.99648	1.5411987
8992000	810.6	240	2087	23800.77	20.15262890625	22.417759421940456	167.90259	1.2115737
9024000	907.4	240	1692	23891.04	22.90819140625	24.60929448399527	194.1309	0.93085635
9056000	968.17	240	1796	23978.46	21.241927734375	24.254249627642576	241.08746	1.0979218
9088000	958.07	240	1931	24068.85	19.79535546875	21.06064012559922	131.33446	1.5466949
9120000	800.64	240	1798	24154.48	20.1434296875	23.099510276194167	179.0381	1.0324335
9152000	757.28	240	1819	24239.75	20.16194921875	22.36261389015157	145.92674	1.4165847
9184000	430.59	240	2131	24325.09	18.96573046875	19.377722389383123	141.98973	1.139704
9216000	962.18	366	1692	24409.63	20.65536328125	22.94572400252387	165.16856	1.2028043
9248000	1079.13	240	2142	24495.32	20.40884375	21.897486299801628	143.53438	1.1507246
9280000	838.42	240	1693	24586.0	19.582875	21.079423468159654	138.95642	1.523179
9312000	846.63	240	1827	24677.71	19.46476171875	20.72873307754239	121.29381	1.3603693
9344000	773.54	240	1956	24764.34	18.3488046875	21.01589651311597	167.98553	1.1934566
9376000	704.72	240	1689	24849.3	18.4619921875	18.93973501662576	117.64662	1.1904806
9408000	879.28	240	1782	24934.28	18.21643359375	18.87387745006309	123.2408	1.2938111
9440000	648.18	240	1819	25019.13	18.697234375	19.750346515947513	154.77612	1.3825247
9472000	604.87	240	1423	25103.79	17.88093359375	20.39645879190797	108.205505	1.3244579
9504000	814.61	240	1623	25187.84	19.359109375	21.04965557913003	152.28058	1.3725879
9536000	837.02	240	1765	25270.68	18.59227734375	20.37894440347684	131.3887	1.4395587
9568000	679.42	240	1694	25354.89	19.1601796875	21.213031077618304	181.49216	1.3258489
9600000	812.18	240	1694	25439.56	17.913248046875	18.151659703729575	125.99736	1.6578184
9632000	966.17	240	1691	25523.54	16.7520625	17.309676665091118	116.594666	1.4099727
9664000	1056.01	240	2137	25608.36	18.2668203125	18.095855879178526	136.57434	1.4736116
9696000	1120.95	241	1823	25692.98	17.003015625	17.54589962783328	105.976204	1.6091878
9728000	1011.62	241	1692	25777.55	15.9273173828125	17.41054727026121	111.243355	1.3327184
9760000	1097.08	242	2139	25862.02	15.532701171875	17.107387841222284	107.42406	1.6614559
9792000	1164.28	241	1832	25946.44	16.275689453125	17.251385813899127	129.62326	1.4543333
9824000	1050.7	240	1910	26031.19	15.17714453125	16.719505824036787	124.79404	1.6067618
9856000	1131.48	258	2018	26114.79	13.5285546875	14.766686535915904	131.87238	1.4771233
9888000	1107.89	378	1951	26198.28	14.4158291015625	16.162487915695404	138.19958	1.648041
9920000	911.69	263	2666	26283.09	14.930783203125	16.141712269768657	124.091286	1.7558954
9952000	923.34	241	1814	26367.37	14.39603515625	15.38563961133888	120.18248	1.7061784
9984000	1132.09	240	1829	26454.67	13.7308466796875	13.398973841305908	111.719955	1.5345652
10016000	1181.25	241	1772	26539.94	12.987013671875	11.81482384549173	77.30525	1.6040359
10048000	1189.97	240	1832	26629.43	12.0790390625	10.463868264771877	69.106636	1.6617289
10080000	1086.7	257	1827	26718.48	11.541412109375	11.493253455832251	88.46899	1.5450039
10112000	1296.39	258	1834	26805.4	12.4313125	10.773811926959743	92.116325	1.4169543
10144000	1126.84	240	1717	26894.03	11.7150517578125	10.741088602883789	136.19125	1.3758795
10176000	1152.69	258	2122	26980.52	10.975576171875	10.050510325973502	69.622154	1.3347597
10208000	1050.32	240	1611	27065.2	11.912955078125	10.76035112112983	82.224396	1.4696058
10240000	1055.77	240	1719	27150.32	11.071181640625	10.722167822436841	85.73743	1.1485292
10272000	992.75	240	1940	27235.0	11.6030703125	11.07558759727898	83.770325	1.5376716
10304000	916.17	241	1693	27319.9	12.03750390625	10.829385658937445	109.537254	1.4382908
10336000	750.64	240	1436	27404.52	12.2739912109375	11.138717666320481	84.657745	1.5140754
10368000	938.14	240	1809	27488.68	13.8787529296875	12.744506169326453	94.4039	2.157785
10400000	1012.0	240	2134	27572.4	12.3211982421875	11.240236735718693	90.809975	1.3876134
10432000	1028.21	240	2123	27656.58	12.337794921875	12.499758747671892	94.76728	1.2338672
10464000	1018.57	240	2020	27741.76	12.481578125	12.41177238552174	111.008026	1.4900491
10496000	759.18	240	2139	27826.84	12.6531953125	13.21039954921879	121.6656	1.3538873
10528000	641.18	240	1748	27911.44	13.753361328125	12.89747068226945	88.8491	1.8594291
10560000	471.59	240	1679	28002.66	14.241798828125	13.165845372591917	87.784035	1.3924456
10592000	718.64	240	1909	28089.84	16.50977734375	14.498288692118114	113.836235	1.7682076
10624000	1065.27	240	2020	28175.2	16.7018359375	14.302689323165765	93.66691	1.6456188
10656000	1057.49	240	2042	28260.6	17.67133984375	15.83940744235718	119.48328	1.7409538
10688000	1048.78	240	2107	28350.12	16.684578125	14.772018523207992	100.48898	1.5234574
10720000	1103.66	240	1807	28434.75	17.82848046875	16.026060807322555	103.93699	1.6367698
10752000	1071.81	240	2117	28519.7	19.38828515625	19.04196516906803	116.96004	2.1160116
10784000	895.66	240	1938	28603.58	17.1049921875	16.195926378259443	155.3218	1.4330195
10816000	1153.91	359	2317	28688.16	16.941560546875	15.458814738685499	115.2138	1.7080939
10848000	939.03	240	1934	28772.61	17.396072265625	15.8983440568507	129.93994	1.8918923
10880000	950.01	240	2019	28857.25	18.0079453125	17.09129621327768	110.587685	1.9808954
10912000	758.97	240	2269	28941.68	17.88749609375	15.658935148981236	87.179726	1.6196836
10944000	799.48	240	1694	29026.61	18.757134765625	16.891392038550286	123.44606	1.7391884
10976000	1017.85	240	2119	29110.64	18.75267578125	16.27032382898386	109.45528	2.0067663
11008000	1110.76	240	1807	29195.01	17.44126953125	15.777939504257201	134.15802	1.723569
11040000	765.42	240	1691	29278.52	16.516453125	15.440497684660297	136.00537	1.700716
11072000	969.82	240	2303	29362.42	17.03355859375	14.554540743355663	96.4449	1.552598
11104000	937.42	240	1819	29446.89	16.06683203125	14.835384221515802	99.49575	1.4604177
11136000	903.82	240	1831	29530.97	15.73407421875	14.04836345006065	100.300354	1.901667
11168000	870.11	240	1611	29614.97	17.598283203125	15.462883988764839	125.47273	1.977477
11200000	741.09	240	2214	29698.75	17.52945703125	14.848339553633599	96.87081	2.0496125
11232000	613.26	240	1422	29782.49	16.5736796875	13.848689017376339	137.60123	1.4846315
11264000	925.48	359	1804	29866.73	17.714046875	15.846582833532283	120.79128	1.8832414
11296000	934.39	240	1818	29951.01	18.529833984375	16.093091491382257	128.14139	1.9111063
11328000	719.52	240	1675	30034.78	17.682912109375	15.466360168927917	99.80769	1.796309
11360000	836.4	240	1817	30119.04	17.446703125	15.437737852418662	152.27394	2.4071932
11392000	792.62	240	1611	30203.08	16.71636328125	14.180640412195777	89.80258	2.4737434
11424000	884.58	240	1813	30286.9	17.39473046875	15.44548376548951	107.68607	1.6543924
11456000	728.21	240	1681	30370.77	16.692705078125	14.398363622300973	112.84345	2.0735571
11488000	723.65	240	1623	30455.78	16.654869140625	14.426659349967338	132.34027	1.4884759
11520000	793.86	240	1426	30539.27	15.6607412109375	13.49519185210051	95.906876	1.7453209
11552000	588.95	240	2019	30623.15	17.42721875	15.155225996335389	97.4205	1.621937
11584000	853.74	240	2102	30706.58	17.104359375	14.854003037901938	102.15487	1.7795615
11616000	919.97	240	1694	30790.47	16.795873046875	14.463433418452205	104.21237	1.7742238
11648000	1000.0	240	2065	30874.6	16.793408203125	14.558484424898081	103.30843	1.3449357
11680000	954.36	240	1716	30958.2	17.35682421875	15.481121567896817	120.37136	1.9977465
11712000	859.31	240	1695	31043.26	17.672837890625	16.077117862042314	128.87874	2.0729527
11744000	950.76	240	2128	31127.09	16.63331640625	13.79030513168581	84.50655	1.8119619
11776000	989.36	240	2129	31211.36	15.53090625	14.012753119926147	136.90494	1.131088
11808000	794.14	240	1770	31295.98	15.607494140625	15.444206539184847	121.58407	1.8610352
11840000	864.87	240	1858	31379.71	17.41960546875	17.144166281858094	149.91534	1.33446
11872000	715.96	240	1709	31463.66	15.9176474609375	15.321035886159917	90.98207	1.0503008
11904000	974.17	240	2292	31548.01	15.188115234375	15.75991999107229	141.37198	1.0292854
11936000	1124.44	240	1814	31635.52	16.606150390625	16.836769657508533	133.66214	1.4403868
11968000	879.16	240	2016	31721.15	14.962259765625	14.918972819869335	120.372604	1.0760396
12000000	773.67	240	2420	31804.89	16.3280224609375	16.963794165810903	110.82506	1.3478768
12032000	853.39	240	1935	31887.24	15.687955078125	17.13309480216578	135.91882	1.5175694
12064000	906.11	240	2091	31971.4	14.8523818359375	15.88661484552326	114.41878	1.2865522
12096000	971.44	240	2235	32055.75	13.5277529296875	14.756220616235039	102.10071	1.1670539
12128000	1259.57	240	2235	32140.44	14.14603515625	16.45827299566999	177.19376	0.8009246
12160000	795.09	240	1834	32225.01	14.953875	17.140035370441918	118.42659	1.0200539
12192000	974.03	240	2129	32310.02	15.8367568359375	17.743574541224774	130.92194	0.9621313
12224000	665.96	240	1809	32394.62	17.265564453125	21.612466743756947	173.20528	1.1035819
12256000	1074.97	240	2135	32478.52	18.024529296875	20.392192133265123	144.72507	1.3616161
12288000	1196.5	240	1834	32561.93	18.08371484375	22.973457510788403	170.62686	1.2821574
12320000	1083.09	240	1771	32645.56	18.55042578125	21.575207849520243	134.53897	1.3071694
12352000	1144.77	240	2133	32729.6	17.39791015625	21.81987625996078	158.53049	1.264241
12384000	1194.3	240	2329	32813.47	17.21822265625	19.839553296382455	164.4401	1.2230871
12416000	1043.96	240	2326	32897.77	15.781005859375	19.636819689043335	152.75856	1.119169
12448000	973.47	240	2130	32981.66	19.11903515625	23.252972928208557	174.41672	1.2791749
12480000	715.9	240	2021	33065.91	19.4350546875	22.736321437294997	209.68169	1.3717701
12512000	522.02	240	1421	33150.34	17.386826171875	20.49096904736328	206.42033	1.3038981
12544000	928.84	240	2331	33234.76	19.029572265625	23.452339968540453	170.29039	1.070757
12576000	813.89	240	1948	33319.74	20.75635546875	25.080621254267207	202.4078	1.5251557
12608000	948.9	240	2019	33403.66	20.0248203125	21.771776454850897	127.24391	1.0588678
12640000	887.05	367	2019	33488.77	21.152609375	23.833178029797033	176.62186	1.6151197
12672000	1059.65	240	1697	33573.52	23.093640625	25.882845428970903	171.14107	1.6313883
12704000	1033.42	240	1626	33658.96	18.4388515625	21.307937928152505	151.29904	1.4013749
12736000	827.78	366	1627	33743.61	19.33258984375	21.58121072252435	217.32211	1.548198
12768000	1115.97	240	1718	33827.45	18.1744453125	20.3059504825556	160.41414	0.8401598
12800000	1109.22	242	1692	33911.87	19.26458203125	20.119859591955407	145.33824	1.4974716
12832000	1168.24	240	2120	33995.87	18.725734375	19.427509490410756	157.05997	1.0657969
12864000	976.9	240	1624	34080.35	17.9195390625	18.665913954317908	160.7924	1.3209165
12896000	967.11	240	1948	34164.33	18.5598984375	19.95888116854249	122.9821	1.5668967
12928000	857.26	240	1611	34248.56	19.399609375	20.782576085509707	148.9295	1.4642637
12960000	700.51	240	1941	34332.98	18.12307421875	19.323192024093743	182.77158	1.5354227
12992000	863.16	377	1618	34417.11	19.658328125	18.27203635340079	128.65976	1.7764857
13024000	814.86	240	1688	34500.64	18.19803125	16.894142845968837	149.3607	2.3103614
13056000	884.63	240	1902	34584.86	17.464703125	16.402367397726465	135.56871	1.5893592
13088000	1131.63	240	2291	34669.63	17.0346953125	16.024927359429746	126.547745	2.0498085
13120000	1109.38	240	2234	34753.72	15.2756865234375	14.040770990226997	99.96263	1.7253788
13152000	982.35	240	1818	34838.3	14.488060546875	15.329785142003784	142.06569	1.7316098
13184000	1042.05	240	2126	34922.95	13.41881640625	14.849251348973793	112.00955	1.5718808
13216000	987.89	240	2128	35007.05	15.0630732421875	17.017913356225552	130.82336	1.6701995
13248000	920.5	240	1625	35091.36	14.536830078125	14.257776934887149	95.88791	1.4308567
13280000	1075.42	240	1770	35175.86	12.5483076171875	13.323308405760184	117.1771	1.6390727
13312000	910.44	240	1687	35259.57	12.238822265625	12.70032725956304	100.73298	1.3749583
13344000	886.01	240	2320	35343.46	14.5557587890625	14.862658745998308	127.61833	1.4509678
13376000	959.73	240	1622	35427.61	14.762966796875	13.749969318147587	107.81323	1.3962681
13408000	1022.33	240	2136	35517.24	14.010978515625	13.162706551085913	109.629196	1.5102488
13440000	803.54	240	2326	35605.2	14.604607421875	14.515752219571675	122.55597	1.2136115
13472000	573.85	240	1818	35700.17	14.588798828125	14.352262996649692	121.869446	1.0570512
13504000	1048.41	263	1696	35789.08	15.637298828125	15.90848633591518	142.61465	1.1331221
13536000	880.35	240	1488	35874.28	15.129123046875	15.356354547873659	144.77026	1.1110392
13568000	859.82	240	1960	35959.93	14.7175791015625	14.98043098512189	151.67207	0.87097347
13600000	847.3	240	1819	36044.59	14.5300009765625	13.952831253906858	90.87745	1.9893309
13632000	838.5	240	1827	36129.3	15.58147265625	14.563909803002764	133.24854	1.6606834
13664000	967.69	240	1946	36213.84	15.186314453125	14.127750838332336	112.20294	1.696261
13696000	1199.25	240	2016	36299.14	15.5232216796875	14.258294187068802	113.57343	1.800947
13728000	930.39	240	1950	36384.01	15.8535927734375	14.407704102319704	102.53952	1.515846
13760000	1058.09	240	1806	36469.01	15.5180859375	14.246340538889276	103.58625	1.5188053
13792000	923.8	240	1954	36554.46	14.3348525390625	13.229817175607531	102.59781	1.2064302
13824000	1074.9	240	2236	36639.23	15.6841787109375	15.36737870051363	106.67291	1.4616092
13856000	926.52	240	1708	36723.98	14.9228515625	14.174989528214827	107.23135	1.6463228
13888000	955.42	240	1694	36808.13	14.6594912109375	14.246610890839968	126.96924	1.4749987
13920000	971.53	240	1833	36892.34	16.26075	18.726149831185268	166.07045	1.5486026
13952000	864.48	240	1664	36975.68	15.73639453125	15.743034173881476	135.9798	1.3276309
13984000	727.9	240	1620	37059.63	14.974146484375	15.491918255981084	103.908424	1.0201015
14016000	820.99	240	1625	37142.54	13.894685546875	14.223019413964112	140.35144	1.365602
14048000	653.44	240	1625	37225.4	14.56887890625	15.317611391793434	124.9471	1.422241
14080000	697.89	240	1962	37308.71	14.9844326171875	16.94648377982878	161.47778	1.2389259
14112000	857.42	240	1686	37392.93	15.5877109375	17.694358211023083	135.97572	1.3801023
14144000	952.74	240	1625	37475.7	14.524451171875	17.787394588584355	158.99007	1.3948922
14176000	795.24	240	1817	37559.35	15.769064453125	19.364213126280138	149.21523	1.2315638
14208000	841.6	240	1829	37643.74	15.52905078125	18.870390165547718	122.64355	0.9482031
14240000	908.86	240	2403	37727.81	15.354263671875	18.81833713429537	139.92792	1.2286565
14272000	608.53	240	1947	37811.97	16.9703203125	20.62130572975436	151.2759	1.3992763
14304000	822.81	240	2214	37895.92	14.7352060546875	17.551810804016775	127.695786	1.5982599
14336000	785.54	240	1695	37979.86	16.272369140625	18.132463980386117	170.1444	1.3511817
14368000	720.69	240	2288	38067.05	17.056240234375	19.222072273821052	184.54984	1.2734257
14400000	914.47	240	2128	38151.1	16.182576171875	18.146922948533174	134.45282	1.1965411
14432000	797.48	240	2002	38234.68	15.3489560546875	18.74179320395997	201.8041	1.035279
14464000	923.25	240	1819	38318.62	15.4936279296875	17.891029525994306	103.81907	1.2303314
14496000	827.44	240	2127	38401.92	17.356826171875	19.921164938326275	153.87244	0.99034816
14528000	796.21	240	1623	38485.57	17.368990234375	20.243916524477175	155.12111	1.1820254
14560000	633.95	240	1622	38568.97	18.434001953125	21.042996162619048	139.97237	1.3899375
14592000	750.97	240	2062	38653.21	17.65081640625	19.164695731996375	165.4343	1.1007009
14624000	824.0	240	1611	38736.68	17.7194765625	19.645601447906856	154.88776	1.1397587
14656000	952.33	240	1950	38820.33	18.224853515625	19.79225542983922	139.1884	1.9949034
14688000	1160.59	240	1828	38903.68	19.67760546875	21.662203546730883	170.82321	1.3405344
14720000	1161.63	240	1625	38987.68	18.90021484375	19.65889906632617	152.33592	1.4236941
14752000	1200.21	240	1623	39070.69	17.08227734375	18.990473763179263	141.21918	1.4229734
14784000	867.67	240	1689	39154.05	17.22429296875	18.323164130411538	130.58788	1.2425724
14816000	999.39	240	1624	39238.01	15.352908203125	18.141095439636494	128.51016	0.9472455
14848000	969.8	240	1816	39321.6	17.810953125	20.042305256631533	177.93904	1.5923214
14880000	842.29	240	2329	39405.88	16.580546875	19.009167196381856	126.28845	1.1622496
14912000	836.24	240	2132	39493.16	17.00828125	17.674961103210382	140.47862	1.4379816
14944000	1002.41	241	1695	39578.14	17.093826171875	19.607055490307562	131.82097	1.2100246
14976000	1048.85	240	1774	39661.9	17.81925	20.92840922048305	157.90588	1.4801567
15008000	1096.34	240	1818	39746.05	18.142685546875	19.514247999858974	140.47699	1.8718789
15040000	971.58	240	1830	39829.85	16.66273828125	17.520684204676485	149.9014	0.93399704
15072000	1025.95	240	1818	39913.78	15.3573994140625	14.934063412213034	118.11812	1.5245197
15104000	1227.69	241	1817	39997.64	12.92158203125	12.23070035811523	87.13777	1.0811043
15136000	946.31	240	1820	40080.93	13.746359375	13.371340620895124	110.76384	1.5105984
15168000	1077.2	240	1833	40165.06	12.9663515625	14.206338814064656	151.02744	1.2672324
15200000	652.47	240	1820	40249.48	13.844166015625	14.808330109266203	125.89858	1.5050671
15232000	847.04	240	1692	40333.61	15.4242119140625	16.41878307000857	111.79743	1.2608342
15264000	727.03	240	1949	40421.95	15.973083984375	18.322950942738455	181.31009	1.1955967
15296000	901.19	240	2233	40506.47	16.47703125	20.409859749640614	189.7883	1.5431284
15328000	830.83	240	1941	40590.52	17.1868125	18.74755484056521	159.1321	1.5351894
15360000	660.15	240	1805	40674.74	18.7468203125	19.965210367035954	143.89096	1.7758851
15392000	790.87	371	1695	40759.09	19.9746328125	23.07393415739934	182.25288	1.2074395
15424000	903.73	240	1624	40843.35	21.034072265625	22.75867073776498	171.01405	1.6178367
15456000	814.04	240	1807	40928.02	21.00570703125	21.850760856318026	138.44771	1.3178513
15488000	739.63	240	1718	41012.63	20.736810546875	22.64373809687791	170.72478	1.0162761
15520000	542.88	240	1612	41095.83	23.722779296875	25.428576444622298	218.12857	1.1404839
15552000	781.54	240	1611	41179.41	24.1212421875	25.3946697163007	209.75558	1.3146112
15584000	801.83	240	1695	41263.07	24.903609375	25.506529801209727	129.57283	1.2974786
15616000	679.34	240	1606	41346.87	24.637255859375	26.379087361013838	213.38062	1.4493
15648000	1048.63	240	1679	41430.84	26.126392578125	28.676916893208727	269.56744	1.4228412
15680000	925.45	240	1807	41514.48	26.94255078125	28.306089230057903	197.0658	1.4242995
15712000	621.17	240	1625	41598.45	25.315734375	29.711468745250546	204.65385	1.6703198
15744000	478.93	240	1611	41682.21	27.15287890625	30.40696260727138	236.35367	1.8632698
15776000	557.93	240	1611	41771.37	26.54069921875	29.365702784030216	268.87933	1.4984684
15808000	754.24	240	2240	41858.72	28.4176953125	31.008031217734544	195.26207	1.7815785
15840000	562.14	240	1617	41944.31	28.44415234375	31.516866516200494	342.97345	1.888836
15872000	938.7	240	1624	42028.87	24.9726015625	26.08190824115444	184.32849	1.5967685
15904000	791.39	240	1817	42113.29	27.54562890625	28.862125917887614	204.6588	1.5419323
15936000	1022.28	240	1818	42197.43	26.24621484375	26.506705519547314	163.32855	1.4028723
15968000	753.13	240	1818	42281.71	25.9792734375	27.008836516962372	158.92435	1.7689952
16000000	919.11	240	1812	42366.23	22.58358203125	23.930110478223874	157.61023	1.6902351
16032000	1109.17	240	1812	42449.26	22.922900390625	25.11783604333781	202.76099	1.3636818
16064000	1210.14	240	1623	42532.91	22.30233203125	23.40911948365423	184.66698	1.5776559
16096000	1218.16	240	1827	42616.52	21.13271484375	24.574903356880164	192.56262	0.8435918
16128000	1193.09	240	2314	42700.26	21.37295703125	23.280082688856584	151.41502	1.8711517
16160000	1220.64	257	1795	42785.18	20.4420625	23.40752549929189	151.7757	1.5445588
16192000	1212.6	257	2131	42869.61	19.65615234375	24.81071467128668	168.87775	1.7898695
16224000	1067.99	257	2021	42953.68	18.729431640625	22.7356128958513	136.00291	1.5306602
16256000	994.44	367	2297	43037.94	17.899974609375	21.891179730658646	189.86238	1.5368217
16288000	976.05	258	1623	43122.01	14.963337890625	17.196190530172665	175.41425	1.560658
16320000	1078.26	371	1682	43206.39	15.161009765625	16.897546974339203	173.80579	2.007637
16352000	1157.88	258	1819	43290.23	14.56023046875	16.70181127902001	114.56749	1.4612008
16384000	1075.24	371	1818	43374.64	13.6029208984375	14.925961024336088	117.444145	1.8163301
16416000	985.14	367	1620	43458.44	13.4249208984375	17.39312184456833	149.09148	1.7443845
16448000	945.96	258	1695	43542.35	12.463673828125	14.246126666571515	119.911476	1.7711419
16480000	1062.08	382	1820	43626.61	11.3424658203125	12.264769158039625	102.39883	1.3652046
16512000	1099.61	259	1998	43710.39	11.0335654296875	12.198817821821917	98.9694	1.3444691
16544000	1177.52	240	1693	43793.46	10.704021484375	12.037736238595693	96.94685	1.3488891
16576000	1225.42	240	1831	43877.25	10.153376953125	10.350181157834871	82.07938	1.4258242
16608000	584.16	240	1691	43960.69	10.460357421875	10.662713215922109	76.075264	1.0190867
16640000	1148.78	240	2317	44044.12	11.191837890625	12.741848497176537	117.12525	1.4963553
16672000	1057.92	240	2321	44127.74	11.088578125	14.830810939560925	184.01167	1.3664072
16704000	1095.89	240	2331	44210.26	10.096126953125	12.112330365169207	151.4516	1.364711
16736000	1367.48	240	2818	44293.33	11.741716796875	14.863814071428639	143.96002	1.35791
16768000	1164.98	240	2571	44376.25	11.156611328125	14.598405306744981	149.29596	1.6349798
16800000	332.44	240	1611	44459.51	10.116861328125	12.779728210138117	125.88534	1.2651813
16832000	1073.47	240	2240	44542.64	12.96998046875	17.552364513079144	140.29517	1.2951914
16864000	1063.26	240	1820	44625.41	12.18358984375	15.151041630858256	120.85729	1.0611165
16896000	1155.62	240	1832	44708.98	13.4692587890625	17.07220877625388	117.79359	1.4440145
16928000	1217.74	240	1774	44791.85	12.2617294921875	17.089889189225307	155.20822	1.1158494
16960000	1032.93	240	2016	44876.23	13.5722900390625	19.232220685609864	114.553406	0.78903687
16992000	1154.85	240	2016	44959.74	14.5963935546875	20.819219635951775	149.31696	0.88304234
17024000	1123.83	240	1819	45042.75	12.333431640625	18.16424200180123	140.54082	0.8545982
17056000	710.67	240	1718	45126.61	14.86081640625	22.680243329823426	207.69267	0.9291302
17088000	1037.07	240	2130	45210.7	15.233880859375	23.03597729639444	299.16232	0.8731028
17120000	497.68	240	1618	45304.82	16.783541015625	22.23642282382668	146.11967	1.1887295
17152000	976.43	240	2314	45392.78	16.7530390625	22.997229452697123	182.04535	1.1011575
17184000	762.36	240	1943	45478.44	19.116083984375	25.40511513455509	166.66199	1.184219
17216000	1063.09	240	2006	45562.94	18.87040625	23.737777117919023	134.99593	1.0871902
17248000	988.48	363	2011	45647.13	19.50937890625	25.03066868863075	175.47182	1.6171407
17280000	1247.83	371	1807	45731.48	19.52035546875	25.18977347059715	185.13272	1.0842746
17312000	1282.02	364	2217	45815.66	20.28374609375	24.536299639513697	166.7893	1.4114628
17344000	1292.19	364	2235	45905.16	20.72278125	22.411627841368418	157.2473	1.5943121
17376000	1008.12	371	1695	45996.54	17.86671875	20.203593430377676	146.16832	1.9334931
17408000	1326.45	373	2143	46090.26	17.8239375	19.2547242579581	184.90005	1.8400996
17440000	1321.19	258	2223	46182.66	16.423990234375	18.73357947643749	143.56848	1.4532127
17472000	1229.13	364	1777	46272.67	15.93829296875	18.905698545676643	140.5303	1.6869239
17504000	1263.88	549	2278	46363.36	14.724783203125	18.044807944392204	156.56555	1.1514182
17536000	1078.2	257	1813	46453.63	14.4113134765625	17.334970976324133	180.19327	1.5877721
17568000	1162.57	371	1937	46545.49	12.4008388671875	14.409008683806114	200.83412	1.3883599
17600000	1197.12	257	1820	46636.03	12.650068359375	15.278703519932574	149.72067	1.6036185
17632000	1270.09	264	2017	46722.16	10.1849072265625	12.827474785592058	170.12274	1.1965809
17664000	1340.03	264	2017	46807.87	9.531029296875	10.367313794445502	94.32375	1.2763616
17696000	1228.09	258	2131	46893.73	8.5322021484375	10.438978937137483	95.653824	1.0934914
17728000	1271.51	373	2422	46979.4	7.95031591796875	9.790724245427404	101.8802	0.85421205
17760000	1311.76	553	2132	47064.52	8.3956904296875	9.97291527400589	135.1833	1.0215555
17792000	1221.24	257	1826	47149.31	8.2097412109375	10.069701227568771	114.57769	0.9563371
17824000	1243.64	257	1723	47234.04	8.454666015625	10.598294379285754	92.99442	1.2544589
17856000	1373.25	374	1955	47318.92	7.687521484375	9.64708950603756	140.03459	0.8255652
17888000	1306.01	257	1957	47403.32	7.686466796875	8.867275687887458	85.55815	0.987806
17920000	1286.84	257	1820	47488.75	8.336900390625	10.004036294791218	120.04738	0.9100399
17952000	1281.89	75	1952	47572.94	8.229486328125	9.978620113773246	126.288414	1.1887531
17984000	1175.02	370	1829	47657.33	8.03299169921875	9.712039886141325	128.77858	1.0691671
18016000	1247.18	241	2332	47741.17	8.716919921875	9.82679134433005	85.71489	1.1158905
18048000	819.46	257	2219	47823.88	8.7743388671875	9.893425847500955	86.149506	1.2530584
18080000	1224.57	258	1952	47907.74	8.870576171875	9.887596396495965	117.77362	1.2893742
18112000	1198.58	258	1801	47992.81	9.6307734375	11.734927167434828	103.15346	1.1445835
18144000	1238.13	75	1834	48076.71	9.78186328125	12.826796292332704	112.86641	0.91709095
18176000	1361.57	75	2019	48160.92	10.039888671875	12.682715846773513	104.62454	1.4546378
18208000	1122.12	240	1948	48244.95	9.228162109375	12.29311672237761	167.67401	1.3459339
18240000	1067.48	376	1692	48329.43	10.49973046875	14.844989685075568	139.993	1.5338752
18272000	1179.3	256	2119	48414.67	10.32125390625	13.349268472466946	121.17185	1.082167
18304000	1193.56	240	2144	48498.99	10.7664296875	14.24546254514047	114.47313	1.1386617
18336000	1235.71	240	1958	48584.18	9.57719921875	11.611356240767053	143.61618	1.3451612
18368000	1307.49	258	1926	48669.23	9.9017021484375	13.169215404685277	129.43364	1.1956568
18400000	1352.81	376	1935	48753.76	9.58148828125	13.07314518392571	141.6676	1.6367803
18432000	1310.49	240	1935	48838.16	10.2595810546875	13.207402043929761	136.40297	1.3966066
18464000	1293.58	258	1823	48922.54	9.44293359375	13.475448740208988	107.54103	1.0205564
18496000	1250.84	443	1833	49006.31	9.62445703125	13.919353657767303	121.68047	1.2981203
18528000	1253.21	443	2118	49089.15	8.23602734375	11.774480482169903	185.02556	1.104745
18560000	1348.16	371	1947	49173.21	7.1282978515625	9.198514655910486	99.019196	1.0585334
18592000	1543.67	258	2124	49257.94	7.4179404296875	9.824029055077148	86.594025	0.85090005
18624000	1509.41	258	2112	49341.71	6.551263671875	9.343870818616876	109.974236	0.9452352
18656000	1464.23	371	2112	49425.94	6.2752998046875	8.640865842032268	122.899826	0.83334
18688000	1346.21	257	2113	49511.57	7.2237880859375	11.149847252316956	171.56702	0.84192383
18720000	1305.89	240	2121	49595.78	6.304638671875	9.31758585954538	110.45068	0.6663675
18752000	1313.09	257	2126	49679.86	6.024689453125	10.703228192933196	179.99706	0.845319
18784000	1351.3	253	2099	49764.57	6.532798828125	9.874188257775927	105.60623	0.9573729
18816000	1415.96	253	2099	49849.15	5.749083984375	8.857209722169843	131.78444	0.6396517
18848000	1376.05	240	2121	49933.42	5.7561103515625	9.533546854397894	148.57571	0.95111483
18880000	1300.46	240	1830	50017.7	5.9382109375	9.022424753773233	98.99705	0.7199508
18912000	1102.1	376	2023	50102.73	6.71064892578125	13.410052199749261	191.98814	0.65643305
18944000	1250.83	316	2324	50187.18	7.210333984375	12.906882853733507	158.27052	0.923434
18976000	1196.92	240	2133	50271.86	7.2258212890625	11.651371968570912	123.80543	0.8953401
19008000	1041.03	258	1830	50355.21	6.9980927734375	9.867486065356262	125.50092	0.64712846
19040000	1354.71	258	2118	50438.36	7.5157255859375	10.277505777181544	93.852646	0.90222013
19072000	1432.96	258	2328	50522.21	7.10708203125	9.094879654921224	104.47413	0.70580256
19104000	1480.72	379	2328	50606.66	7.81131298828125	12.770716013599237	157.03929	0.87555575
19136000	1439.92	258	2124	50690.95	7.66992041015625	10.62091318460894	106.16188	0.86834335
19168000	1398.75	258	2124	50774.77	8.2374921875	10.790007674927761	108.40069	0.84168005
19200000	1431.27	379	2136	50858.9	7.168248046875	9.556972667246674	123.17811	1.0497215
19232000	1481.07	258	2143	50942.75	7.15628515625	9.331217766186791	115.90065	0.99238586
19264000	1471.64	258	2333	51026.85	6.77858837890625	8.153925914091936	72.345665	1.021793
19296000	1316.44	240	2333	51111.07	6.2701162109375	7.700701571123244	96.31128	0.8246108
19328000	1271.59	263	2014	51195.55	6.831533203125	9.049197132895271	126.853775	0.76219136
19360000	1299.97	371	2131	51279.97	7.03368798828125	8.80170216137197	112.75333	0.6286651
19392000	1377.48	371	2131	51364.09	7.632912109375	10.064525029155623	101.32037	0.99623346
19424000	1365.94	242	2317	51448.67	7.3404228515625	9.880599282811746	123.85121	0.7864507
19456000	1411.67	258	2141	51533.82	7.00400048828125	10.140433453506807	128.98378	0.8933426
19488000	1366.53	395	2328	51618.49	6.9996650390625	10.943677898106285	135.78543	0.6486124
19520000	1387.29	258	2328	51702.11	6.5616630859375	11.715566567605682	136.6251	0.5595981
19552000	1456.28	258	2515	51785.04	6.1109619140625	9.917658257497079	144.04082	0.711747
19584000	1386.05	258	2515	51868.83	6.005880859375	11.03779586239934	107.8693	0.612558
19616000	1205.33	371	2134	51953.6	5.72644189453125	8.350935108567183	101.102036	0.5558853
19648000	1245.28	371	1828	52036.98	7.07326513671875	11.28467295715742	145.23714	0.5337203
19680000	1295.87	371	1821	52121.07	6.31421484375	8.198436398179838	95.97772	0.6806306
19712000	1239.13	258	2013	52205.46	7.1012265625	12.152949101966978	142.269	0.65725124
19744000	1158.27	370	2133	52289.46	7.2309423828125	10.395007816254877	104.560936	0.8322577
19776000	1224.03	371	1833	52374.25	7.642236328125	13.255623806520763	154.96942	0.9657798
19808000	1282.3	258	2058	52458.23	8.62923828125	14.046514247314171	147.99825	1.0720415
19840000	1322.23	240	1946	52541.96	7.9885322265625	12.47057348821617	110.96641	0.9215242
19872000	1405.06	240	2136	52626.14	7.98108154296875	12.518624874561903	128.58372	0.7752333
19904000	1403.84	629	2136	52710.02	8.358548828125	14.283321786265267	149.87514	0.83677036
19936000	1390.45	371	2138	52794.44	7.340556640625	11.720050927790373	122.64566	0.8473649
19968000	1417.58	258	2138	52877.91	7.42664111328125	11.103134059242013	114.21858	0.70658445
20000000	1345.74	258	1828	52961.54	8.38286328125	16.00512320321215	292.2736	0.8062951
