TotalEnvInteracts	AverageEpRet	MinEpRet	MaxEpRet	time	Averageloss	Stdloss	Maxloss	Minloss
16000	424.46	246	1039	60.74	0.3650075	0.2846418	2.123949	0.030273965
32000	382.72	246	1302	126.06	1.3726375	1.0675533	6.594921	0.114460036
48000	383.9	250	1229	193.39	2.8704329	2.2001083	17.051079	0.31005415
64000	377.9	241	1032	260.57	4.13937	3.175254	21.977043	0.44575632
80000	410.6	241	1186	328.55	5.2228527	4.600479	41.668095	0.4892145
96000	375.32	240	799	397.33	6.005327	5.302155	34.61945	0.7157168
112000	336.3	241	922	465.5	5.43605	5.16257	42.493576	0.5026257
128000	369.54	240	820	535.55	4.7460647	4.6852527	39.01735	0.4748551
144000	364.64	240	947	605.26	4.389034	4.0369115	38.887844	0.7075629
160000	345.3	240	1411	674.13	4.8743715	3.8085809	28.358273	0.8537421
176000	420.8	240	818	742.05	5.140429	3.261587	29.802795	0.5787002
192000	392.84	240	956	809.65	6.234016	3.8000329	27.802368	1.1147348
208000	437.82	240	824	877.48	6.5490127	3.8961344	27.063656	0.90194774
224000	433.32	240	813	944.47	7.0865498	4.4642067	55.07177	1.1253669
240000	391.7	240	1402	1012.2	6.717426	3.7520616	28.021318	1.1204181
256000	447.5	240	971	1079.14	6.745622	3.9199378	28.613293	1.1490399
272000	338.72	240	632	1145.35	8.083434	4.6792936	28.742811	1.6557137
288000	354.32	240	814	1212.88	8.511663	4.845722	28.84814	1.5548525
304000	363.18	240	554	1278.32	8.363995	5.527169	39.94458	1.4390957
320000	390.92	240	640	1344.55	7.9145265	5.547934	37.660915	1.2075636
336000	384.76	240	960	1410.35	7.5234995	5.591099	38.060722	1.2382002
352000	364.42	240	913	1477.63	7.770194	6.641562	54.07132	0.596653
368000	344.3	240	1253	1542.29	7.893561	6.2269406	36.323616	1.0345016
384000	504.9	240	1412	1608.08	9.149054	7.824619	54.78297	0.9097703
400000	340.18	240	1393	1673.9	9.462031	7.5912375	58.800774	1.0907047
416000	479.88	240	963	1739.96	9.043695	7.049377	56.837624	1.4272745
432000	333.16	240	738	1805.37	9.647772	7.0155725	50.814186	1.7422917
448000	430.26	240	916	1870.39	9.896613	7.531038	58.307377	1.5903678
464000	411.02	240	916	1936.13	10.752438	8.059531	50.898117	1.9990096
480000	466.58	240	961	2002.4	10.1781	7.500217	49.322823	1.1435692
496000	459.48	240	1063	2068.8	12.314475	9.1845665	55.33166	2.0068684
512000	454.8	240	967	2135.29	12.874773	9.147447	63.305275	1.803095
528000	491.58	240	1418	2201.91	13.1870165	9.111424	58.140896	1.7658395
544000	456.92	240	919	2268.0	11.804733	8.1505	54.01705	2.2196908
560000	521.54	240	1399	2334.73	10.636356	7.364531	66.01082	1.8131226
576000	528.04	240	1399	2399.66	10.489935	7.9636955	66.80347	1.6287868
592000	598.8	240	963	2466.59	11.639764	7.8615885	57.813217	1.8130302
608000	456.28	240	1082	2532.62	12.83202	8.986163	61.215714	1.7284545
624000	588.62	258	953	2598.12	14.233025	11.802334	132.48318	2.4637282
640000	620.74	240	1407	2663.88	16.438303	14.001509	107.18826	2.3206966
656000	616.42	258	1391	2729.39	16.436184	14.315631	140.18802	3.0345545
672000	543.84	240	936	2795.22	14.263463	11.679455	86.42886	1.7947894
688000	514.32	240	961	2860.88	13.557028	11.688569	78.25056	2.3394153
704000	654.98	240	968	2926.79	14.03918	12.259759	137.1497	1.8815222
720000	567.24	344	1252	2994.5	13.731775	12.220181	105.280655	2.3644423
736000	520.9	344	1250	3060.88	12.741099	10.374453	75.09691	2.1939049
752000	566.62	257	957	3126.86	11.094493	10.30812	110.0844	2.1937113
768000	564.98	257	1063	3193.54	10.577611	9.800899	76.999664	1.4885216
784000	495.08	263	1359	3259.39	8.650256	7.111932	80.45262	1.6932898
800000	508.52	75	961	3326.23	7.4639864	7.0579085	101.63475	1.3324828
816000	465.5	257	1038	3392.41	6.381125	5.9192157	61.72427	1.0181288
832000	590.34	257	1418	3458.15	6.0958743	5.3294096	41.885803	1.0596845
848000	530.62	257	1207	3524.5	6.570251	5.8496785	42.06915	1.0177927
864000	363.7	257	1152	3590.48	6.526226	5.616053	45.39764	0.86380625
880000	438.94	257	960	3657.04	7.228614	6.2690063	66.14167	0.94127786
896000	529.72	257	1150	3722.67	7.0436144	5.954736	44.402527	1.1482779
912000	539.0	154	1396	3787.71	7.99997	6.375777	43.982765	1.1733265
928000	549.4	257	1211	3852.63	8.082184	6.3706665	50.569332	1.3889451
944000	585.78	292	1424	3918.3	8.331513	6.684456	46.046436	1.1266611
960000	710.54	257	1378	3984.99	8.610699	7.16683	58.86761	1.2165507
976000	686.9	240	1365	4051.48	9.692639	8.426889	81.562386	1.3630013
992000	581.64	349	1247	4117.78	11.920167	10.408096	86.18647	2.0115972
1008000	731.0	361	1398	4184.92	14.688174	12.139172	114.145584	1.8438331
1024000	712.26	369	1399	4252.03	16.644823	14.523705	109.24202	2.2361326
1040000	777.58	257	1400	4318.95	18.70366	16.523985	158.38077	3.3064408
1056000	561.7	359	1374	4383.58	18.611786	15.436344	176.39536	2.4820995
1072000	725.66	361	1412	4449.23	17.913721	15.052424	169.92989	3.159957
1088000	726.54	361	1415	4514.68	15.719168	12.128062	106.86406	2.8325496
1104000	722.76	364	1422	4583.43	14.407842	11.128323	118.213684	2.5388556
1120000	796.84	257	1396	4650.05	12.997685	9.989362	136.9736	1.8901539
1136000	727.02	246	1404	4715.02	12.971175	11.303617	130.96143	1.8117085
1152000	733.62	257	1401	4781.18	11.272057	10.388744	136.86378	2.1197157
1168000	603.3	354	1380	4847.43	10.767984	8.088684	94.781746	1.8141822
1184000	713.16	257	1401	4913.01	10.611477	7.235424	57.037678	1.4885337
1200000	723.32	257	1406	4977.74	10.288153	7.410683	96.35473	1.8283172
1216000	829.42	377	1421	5043.33	11.459068	8.943921	104.91793	2.156187
1232000	829.52	257	1483	5109.92	11.330322	8.425539	122.51367	1.9434047
1248000	755.72	263	1487	5177.68	14.276263	11.296849	125.41513	2.057549
1264000	772.74	240	1403	5243.78	13.45973	9.570706	136.49876	2.4582853
1280000	830.52	257	1617	5309.71	14.343918	11.595027	209.58136	2.7353005
1296000	715.72	362	1395	5376.89	13.39172	9.433513	88.46237	2.3473196
1312000	803.82	374	1620	5443.62	13.12717	10.888772	112.198746	2.5027702
1328000	790.06	364	1585	5509.82	12.55397	9.726829	96.63521	2.3439667
1344000	850.84	257	1490	5576.15	12.71075	11.242619	112.39393	2.083681
1360000	710.0	267	1245	5642.69	11.398588	9.419322	84.13458	2.029062
1376000	788.44	257	1474	5708.18	11.825436	10.61182	108.97329	2.215238
1392000	883.86	257	1606	5774.05	11.6996765	10.57382	123.00578	2.0078933
1408000	578.52	263	1388	5840.69	11.177261	9.542571	74.60979	2.165921
1424000	819.74	257	1423	5907.49	12.076377	10.151854	104.87804	2.2713528
1440000	721.4	362	1263	5973.23	12.407326	11.268801	106.97739	2.06361
1456000	806.38	386	1584	6038.81	12.593756	10.174088	90.034775	2.3339362
1472000	914.34	257	1604	6105.07	13.143862	10.060747	115.519035	2.1260505
1488000	944.18	257	1427	6171.92	14.678804	13.389524	129.52092	3.0839896
1504000	906.9	391	1484	6237.07	14.782443	13.342078	144.82404	2.7287073
1520000	1072.94	378	1609	6303.2	13.59302	14.202287	170.95537	2.763204
1536000	994.66	257	1678	6369.87	13.330844	11.4008	151.26357	2.2506104
1552000	792.54	256	1614	6437.05	12.971869	9.639857	91.77466	2.3132987
1568000	896.94	263	1431	6503.88	12.122194	9.191764	91.79716	2.0306013
1584000	934.8	256	1427	6570.15	12.247237	10.66395	139.11542	2.243032
1600000	787.18	240	1490	6635.89	13.634234	12.520717	147.57716	2.550054
1616000	673.26	387	1478	6701.85	13.987034	10.565605	83.20872	2.6991308
1632000	1030.04	362	1430	6768.66	13.967537	10.334966	105.73603	2.5440564
1648000	902.42	258	1489	6834.96	14.518711	10.725952	91.805824	2.996557
1664000	1003.22	456	1491	6901.8	14.3515005	11.262147	102.74807	2.7332075
1680000	913.52	257	1430	6967.63	14.110433	11.551475	144.45154	1.9715378
1696000	1022.16	554	1490	7033.27	13.846119	11.58809	130.85736	2.4089787
1712000	1013.82	387	2116	7100.16	12.451475	9.843731	98.33709	1.8038559
1728000	1045.64	257	1615	7166.62	9.943498	6.9622016	61.06302	1.8657593
1744000	1054.2	258	1616	7232.71	9.473133	6.9673357	56.5632	1.3923553
1760000	1011.52	554	1423	7299.39	8.92744	6.4472895	49.80678	1.5042036
1776000	642.9	257	1411	7366.55	8.851904	7.044563	65.60576	1.6530089
1792000	920.16	257	1417	7433.26	11.279325	11.784471	103.85314	1.5263605
1808000	1087.04	370	1491	7499.23	13.505334	15.036336	116.83389	1.8811927
1824000	1058.52	557	1807	7565.76	12.358532	13.483431	107.363686	1.7138385
1840000	1098.28	393	1620	7631.8	13.772826	15.311752	123.08115	1.9006432
1856000	1133.26	257	1619	7698.42	14.02284	17.25253	183.42747	1.8025208
1872000	1118.9	379	1611	7763.92	13.806986	16.476969	183.70569	1.8229973
1888000	1069.64	257	1489	7828.86	11.738705	13.32942	162.50838	2.0028152
1904000	1162.52	555	1585	7895.28	9.418604	11.430119	179.46323	1.8795816
1920000	1052.44	240	1611	7961.41	8.941638	11.020259	181.14082	1.9139502
1936000	1045.32	353	1620	8028.53	9.507186	13.909172	208.30724	1.5214972
1952000	1081.44	370	1422	8094.65	10.264002	13.617977	202.55785	1.4793994
1968000	925.3	240	1614	8161.01	10.874286	12.715209	167.92192	1.9105511
1984000	967.1	264	1618	8227.7	11.403502	13.362604	150.08066	1.8152223
2000000	940.8	362	1420	8294.23	11.518192	12.874296	148.43173	2.0663943
2016000	1133.58	257	1629	8361.25	13.393058	15.035202	208.72905	1.8317313
2032000	1067.56	370	1491	8428.23	13.329148	13.656698	119.37268	2.1112423
2048000	1091.6	267	1490	8494.65	12.04537	13.446954	133.8491	2.2823331
2064000	1025.32	372	1405	8561.12	12.515064	14.470579	159.06749	1.7810996
2080000	951.28	378	1393	8627.23	12.992399	13.874926	170.44002	1.8814152
2096000	1082.2	242	1491	8693.25	11.661114	10.7405615	122.61297	2.1594112
2112000	1032.18	242	1605	8759.84	9.95809	11.7787285	218.2171	1.6435187
2128000	1011.26	359	2118	8825.66	11.976406	14.700437	273.4556	2.2108402
2144000	954.12	242	2110	8892.04	11.379713	12.537444	179.57817	2.5351129
2160000	1222.6	743	1490	8958.13	11.41758	12.611471	137.53963	2.1371684
2176000	996.34	263	1489	9025.47	10.683593	13.165794	221.87047	2.1169424
2192000	1056.1	359	1618	9092.14	10.820126	14.051827	197.32414	2.1992176
2208000	1043.26	359	1419	9158.95	9.795701	8.258023	86.8209	1.9195892
2224000	1116.98	258	1610	9225.4	9.766976	10.524245	145.32918	1.7480493
2240000	1061.0	257	1490	9292.58	8.810551	12.7187395	219.16496	1.2356689
2256000	1176.44	386	1483	9358.61	8.388108	12.690439	211.61305	1.9211719
2272000	1147.68	257	1491	9424.55	7.4719434	8.207231	128.41843	2.2140136
2288000	1053.54	241	2045	9490.46	7.642589	13.295992	201.45844	1.4275986
2304000	1100.86	362	1949	9555.69	10.504328	23.041594	244.86641	1.7995172
2320000	1036.46	366	1417	9621.09	9.425677	18.1801	212.90419	1.3584926
2336000	995.66	263	1547	9686.99	8.084115	12.58287	180.907	1.6063602
2352000	1188.12	371	1951	9755.28	8.28418	15.304532	272.0253	1.7755667
2368000	952.12	257	1492	9821.55	8.518851	17.02152	256.37112	1.4542465
2384000	930.26	386	1417	9887.91	8.998633	15.338253	209.60675	1.4112419
2400000	969.16	362	1493	9954.48	8.530531	9.567666	99.95923	1.6152947
2416000	939.86	257	1428	10020.83	8.453935	7.424566	68.94869	1.1573317
2432000	752.72	263	1486	10087.8	10.216925	17.726484	278.96298	1.544224
2448000	984.5	620	1471	10154.01	11.303677	12.827768	192.38474	1.9456398
2464000	1044.62	397	1494	10219.69	11.24025	11.070913	148.51617	2.1206646
2480000	960.06	371	1421	10286.1	12.288846	13.404935	141.11522	1.5976136
2496000	925.0	257	1961	10352.81	13.312231	14.507433	150.13869	2.360198
2512000	928.58	257	1618	10419.8	12.858635	17.486015	244.80022	2.5062635
2528000	992.72	355	1493	10485.35	11.838257	15.764028	218.24596	1.8884223
2544000	1088.96	259	2128	10551.45	10.8014765	14.457454	186.7384	2.0810392
2560000	1075.32	257	1494	10618.41	13.024718	17.287144	171.86053	1.891939
2576000	1141.1	448	1494	10684.32	11.04401	17.42661	175.81648	1.8213272
2592000	1022.5	448	1816	10751.3	10.458375	14.230599	175.52013	1.92388
2608000	1119.4	258	1824	10817.36	9.583941	10.005451	149.39162	1.8358145
2624000	1006.04	258	1485	10883.62	9.916872	11.2594185	146.52841	1.6326184
2640000	876.3	257	1484	10949.82	10.30527	11.80261	197.38422	1.7881384
2656000	1132.84	448	1492	11017.32	11.03722	15.405768	219.69054	1.3135331
2672000	1070.78	257	1611	11083.47	10.680764	16.73818	184.15845	1.1855643
2688000	997.9	263	1664	11149.93	13.021207	19.66844	216.58244	1.6867433
2704000	889.68	362	2302	11216.62	12.811292	14.161588	140.10052	1.5672301
2720000	905.06	362	1492	11283.71	14.262168	16.331732	214.38522	1.9220492
2736000	791.74	258	1827	11350.58	16.966734	20.42839	251.34308	1.665923
2752000	836.0	257	1491	11417.5	17.030008	17.38507	129.4616	2.114954
2768000	879.64	368	1814	11484.54	19.664942	19.990936	218.98306	2.6523075
2784000	929.66	371	1814	11550.21	18.912512	19.15403	142.66734	2.7586813
2800000	1047.58	263	1611	11615.99	18.244629	20.321411	158.76175	2.271061
2816000	970.3	258	1491	11682.86	16.984074	18.000277	169.65259	2.332426
2832000	1063.24	379	1611	11748.32	17.01124	18.000223	203.04184	2.5357192
2848000	1122.68	379	1964	11815.1	14.308972	13.422542	87.83056	2.4382236
2864000	1020.1	376	1611	11882.01	13.0524	11.565454	87.460884	1.6472535
2880000	1007.22	376	1611	11948.27	11.904464	10.13973	100.87823	2.6064174
2896000	1122.2	395	2061	12014.41	11.982014	10.824678	113.27313	1.7623341
2912000	998.46	431	1493	12080.27	11.035789	8.83739	95.24016	2.3043823
2928000	1089.14	362	1494	12147.32	11.477079	11.352611	147.80568	1.5948364
2944000	933.84	263	1814	12214.51	11.680433	12.127064	158.57799	1.7160653
2960000	957.06	258	1811	12280.05	12.2711525	11.927058	103.85884	2.2966766
2976000	987.8	257	1492	12345.17	12.429922	12.042092	132.0622	2.140894
2992000	1107.84	257	1618	12412.25	12.444951	15.120269	247.63242	2.1280177
3008000	961.6	257	1493	12478.57	12.631041	15.051598	190.60991	1.747578
3024000	886.66	258	1611	12545.79	14.971193	24.76991	245.13103	1.6911515
3040000	1165.44	448	1711	12611.39	15.651524	26.240885	272.27753	2.3431368
3056000	1074.92	263	1782	12679.09	13.241358	18.98837	187.81096	2.2503402
3072000	848.14	257	1799	12745.96	13.133417	22.55344	357.7379	1.8472075
3088000	929.04	257	1702	12812.71	12.368068	19.50107	216.57303	1.7722158
3104000	1036.56	257	1809	12879.3	14.279912	22.299349	220.29985	2.4853277
3120000	1160.92	257	1860	12944.76	13.096554	18.980267	177.3642	2.2101345
3136000	1083.76	263	1695	13010.72	10.4791	12.502954	196.05447	1.5801127
3152000	1077.48	257	1611	13076.82	10.613252	13.188889	158.80789	2.3331385
3168000	1013.26	240	2016	13143.27	11.66174	13.9264765	167.9023	2.1575203
3184000	968.9	240	1616	13209.38	13.513131	24.616499	268.36295	2.0468585
3200000	997.18	257	1423	13276.36	11.643549	19.99408	277.98056	1.4872227
3216000	1115.18	362	1611	13343.28	12.475899	23.741354	280.43134	1.7779999
3232000	1002.68	263	1986	13409.41	11.697674	17.408094	237.25883	1.9479446
3248000	1123.64	448	1535	13475.41	12.108495	19.22981	324.6656	1.5694659
3264000	1147.48	257	1536	13541.88	12.118649	18.649635	255.33366	1.9580988
3280000	1132.34	257	2096	13608.07	11.645098	17.062061	239.76518	1.6712565
3296000	1102.7	257	1770	13674.68	11.01478	16.453205	255.45534	1.6862111
3312000	1078.76	240	2020	13740.54	9.826531	11.058565	184.69702	1.9128069
3328000	964.58	240	1695	13807.66	11.233364	16.879145	221.35593	1.9047232
3344000	444.88	257	1692	13874.43	11.235166	19.16454	223.34021	1.6026816
3360000	983.88	257	1690	13940.47	23.285622	41.201054	352.71915	1.7756453
3376000	896.24	240	1826	14005.97	19.052858	33.7265	427.1906	1.8171519
3392000	732.76	257	1696	14072.5	21.216534	36.073734	237.33916	2.0750756
3408000	651.66	257	1494	14139.28	25.699614	35.45656	231.0349	1.3891475
3424000	656.06	257	1620	14205.73	21.972168	31.898357	278.1073	1.6173806
3440000	556.04	257	1611	14272.34	28.794676	36.534927	282.58057	1.6157694
3456000	922.5	257	1431	14338.58	27.863997	35.590782	210.86089	1.5575427
3472000	998.98	258	1958	14405.17	27.196487	35.742012	274.3798	1.5070388
3488000	1113.68	257	1959	14470.81	27.943108	35.598377	202.97826	1.7631631
3504000	1099.06	258	2140	14537.8	25.798532	32.74228	226.68655	2.3544753
3520000	1248.32	259	2125	14604.76	21.972895	29.131664	186.31299	2.2458034
3536000	1248.04	259	1826	14670.93	18.274195	25.693722	202.94363	1.8949662
3552000	1190.34	384	1824	14737.18	13.854198	20.438435	246.23953	2.0848212
3568000	1167.38	264	1822	14801.96	10.1047125	11.020752	188.06934	1.8438427
3584000	1059.14	263	2115	14868.42	10.205405	9.633944	108.4202	1.7467763
3600000	1119.66	263	1820	14933.75	10.975487	13.457422	190.86012	1.7734785
3616000	1201.9	263	2102	15001.05	8.779084	9.095253	129.69102	1.5602548
3632000	1159.9	263	1815	15066.39	9.236024	10.160424	137.83307	1.860782
3648000	1247.12	264	1694	15132.52	9.212732	10.264213	188.58746	1.5390608
3664000	1210.24	257	2017	15198.3	10.759693	14.554759	162.81223	1.5149138
3680000	1259.36	414	2120	15264.11	9.787457	9.8795395	141.93788	1.6720725
3696000	1351.24	436	2013	15330.93	9.31903	10.6096945	149.93735	1.6220005
3712000	1293.1	264	2013	15396.78	10.672522	12.58809	182.59373	1.6786476
3728000	1133.54	258	2117	15463.22	11.643721	12.834905	109.47902	1.400768
3744000	1030.64	264	2298	15529.55	11.190527	14.122793	214.84444	1.779227
3760000	1220.06	264	1716	15595.95	11.556793	13.028959	212.60986	1.7641356
3776000	1296.54	263	2016	15661.59	10.01643	11.185997	139.1515	0.9717895
3792000	1288.12	258	2021	15727.62	9.402605	9.958303	117.529655	1.4932299
3808000	1209.68	378	2020	15792.95	9.778442	9.532584	111.57766	1.417248
3824000	1262.68	257	2020	15858.61	10.6607065	10.642666	124.57674	1.6369052
3840000	1297.1	257	2279	15926.35	9.905467	12.296907	181.83716	1.5800977
3856000	1454.22	257	2279	15993.33	8.384598	10.5105	131.59486	1.2559767
3872000	1207.78	257	1814	16060.34	9.205824	13.752377	267.9234	1.4872718
3888000	1206.36	257	2100	16127.47	9.643439	12.255817	155.60672	1.3585281
3904000	1320.84	257	2100	16195.03	10.750387	17.495146	300.7155	1.1744323
3920000	1372.6	259	2239	16265.31	10.922898	13.649361	158.17525	1.2638546
3936000	1203.58	240	2111	16335.04	13.270599	18.303385	277.49408	1.9735231
3952000	1295.72	257	2322	16405.17	15.588174	18.065962	213.10905	2.460751
3968000	1411.5	619	2322	16473.07	14.134404	15.22599	183.31248	2.8323855
3984000	1399.84	573	1823	16543.91	11.083707	13.227945	192.71202	1.8960643
4000000	1304.08	257	2222	16613.87	11.404558	16.832794	251.61546	1.9799545
4016000	1347.3	257	2222	16682.3	12.685728	17.20968	248.18759	2.403007
4032000	1323.28	257	1950	16753.63	10.429015	12.151076	128.17198	1.9027537
4048000	1224.56	263	2237	16820.35	9.903134	12.301341	169.83693	1.4180331
4064000	1074.38	259	2323	16889.56	11.003957	13.424458	183.86626	1.4453981
4080000	1153.04	263	1830	16958.14	13.288835	17.241545	206.74588	1.27314
4096000	1056.5	257	1695	17027.9	15.8972435	21.522465	265.0982	2.370821
4112000	1194.12	382	2237	17097.26	16.741512	19.58183	215.49225	2.279984
4128000	1200.34	257	2237	17166.61	15.55916	19.864445	307.9217	2.2237673
4144000	1261.12	257	1830	17236.08	17.36727	24.604317	364.81735	2.1854017
4160000	1276.02	402	2017	17306.01	14.66818	20.835505	360.5459	1.9944162
4176000	1280.32	628	2014	17373.88	12.4333105	12.572432	165.33461	1.3439319
4192000	1174.08	263	1994	17440.87	14.615836	23.035263	553.0197	2.0016901
4208000	1253.06	407	1816	17508.11	12.2155695	15.179442	222.39246	1.9861553
4224000	1177.4	263	1807	17576.54	11.36124	13.206739	178.40761	1.7851317
4240000	1211.44	264	1820	17644.51	12.725375	15.317877	197.02277	1.4273695
4256000	1110.28	379	2016	17715.33	13.425507	18.12559	315.5357	1.498928
4272000	1271.56	379	2016	17786.68	12.332602	12.933319	163.62149	1.9233553
4288000	1337.04	383	1826	17857.39	10.732656	12.561307	228.39581	1.6579797
4304000	1073.7	257	1754	17929.41	11.456558	13.434818	159.7318	1.7797778
4320000	1128.82	257	1807	17997.57	11.200229	17.989985	401.36887	1.8796107
4336000	1236.12	361	1809	18066.09	9.838239	16.149206	403.5017	1.3064622
4352000	1199.6	415	1815	18134.28	9.855198	16.808792	402.36707	1.3435254
4368000	1169.7	240	2121	18200.51	8.651513	10.246804	142.24593	1.3510642
4384000	1295.96	363	2121	18268.91	10.527193	15.14776	282.52045	1.816614
4400000	1193.92	358	1695	18337.61	10.222671	16.251806	327.8146	1.6778216
4416000	1130.06	363	2106	18405.08	9.802248	12.378467	144.87006	1.3718035
4432000	1178.02	369	1828	18473.03	11.86643	16.500395	201.83669	1.8586797
4448000	1163.22	384	1863	18540.4	12.673856	14.007461	149.39711	2.2016666
4464000	1179.64	263	2125	18607.83	10.58361	11.610245	140.54048	1.0661464
4480000	1218.34	263	2125	18675.58	9.622046	11.054387	126.900696	1.0995576
4496000	1222.12	554	1816	18744.77	10.063392	11.604949	143.87494	1.5259428
4512000	1327.18	418	2111	18813.48	9.511217	12.152176	193.93942	1.4936895
4528000	1402.98	253	2111	18881.21	8.281925	9.661051	107.69158	1.2691128
4544000	1365.96	253	2016	18949.74	7.915458	10.078954	129.44537	1.1101756
4560000	1161.28	257	2018	19018.16	7.9822726	10.08864	81.081024	1.3056005
4576000	1103.7	257	1939	19086.42	9.472293	11.3684025	110.03702	1.5063071
4592000	1104.38	355	2019	19152.82	10.429878	14.238333	153.11064	1.4444926
4608000	1245.16	263	1766	19220.7	11.111986	16.916203	204.8751	1.7912487
4624000	1300.28	366	1816	19287.78	12.345054	18.371822	199.58093	1.7425451
4640000	1391.8	386	1816	19355.53	11.795844	16.197594	177.71945	1.2316432
4656000	1379.44	417	1816	19422.4	12.109414	17.357481	188.13005	1.2196404
4672000	1153.56	424	1790	19490.55	11.061913	15.5842085	141.3953	1.6614037
4688000	1076.16	263	1816	19556.96	9.31051	15.63959	184.26187	1.3239844
4704000	1303.32	267	1913	19623.74	8.7028	11.434206	110.75999	1.4152849
4720000	1208.22	263	1829	19690.67	8.242276	10.551642	109.722	1.3531842
4736000	1224.22	257	2019	19758.3	7.963433	10.499713	130.8044	0.91263235
4752000	1159.4	263	1829	19826.11	9.594635	12.557765	166.93411	1.5073495
4768000	1174.0	263	2020	19893.18	9.234416	12.179194	200.68958	1.4499211
4784000	1413.28	370	2020	19959.6	8.351398	10.449849	118.81795	1.1155016
4800000	1472.96	558	2019	20026.63	7.3063464	7.7739244	101.343285	1.24419
4816000	1499.8	407	2019	20093.44	6.378966	8.25477	86.941795	0.90737027
4832000	1403.86	369	2132	20160.11	6.3422766	14.232823	318.79648	0.7924206
4848000	1355.22	365	2125	20227.31	6.5347853	13.27245	265.7816	0.75965226
4864000	1210.78	257	1815	20295.41	6.55675	12.511488	256.2424	0.8394607
4880000	1271.64	257	2102	20363.24	7.553943	12.413242	157.66866	0.9336176
4896000	1210.28	263	2018	20430.87	9.784121	21.024359	459.76694	1.3109509
4912000	1094.14	263	2019	20498.65	10.784117	20.596655	314.9164	1.6959066
4928000	1248.42	366	2088	20565.96	8.721993	10.347875	134.42572	1.6572448
4944000	1373.46	263	2017	20633.16	9.178131	14.23276	309.9275	1.3021092
4960000	1294.48	362	1815	20702.05	8.760578	11.0615	165.19218	1.1673923
4976000	1372.1	362	1815	20769.81	8.770112	9.568963	91.96497	1.238134
4992000	1445.78	378	2020	20837.25	9.055373	14.537917	227.53209	1.2358187
5008000	1397.66	263	2014	20905.37	6.955003	8.338149	86.2255	1.1283913
5024000	1406.92	263	2014	20971.91	6.9207606	7.971318	89.739914	1.1246718
5040000	1412.94	263	2015	21038.86	7.885138	10.817311	143.1131	1.2159891
5056000	1471.48	263	2020	21106.01	7.721898	10.68241	148.63036	1.1385024
5072000	1398.06	428	2230	21172.43	6.3488684	8.254656	87.73537	1.0545902
5088000	1350.94	555	2330	21241.22	7.2445054	10.173609	115.70026	1.1017724
5104000	1436.4	407	2124	21311.31	7.6234064	11.155766	143.11429	1.0762677
5120000	1556.88	263	2024	21379.09	7.6184855	10.991527	150.56036	1.1649902
5136000	1479.86	263	2024	21446.06	7.442409	10.955945	181.72499	1.3110503
5152000	1340.5	380	1830	21512.71	8.534621	14.058569	210.1401	1.3077035
5168000	1208.68	240	2325	21579.99	9.680105	15.948365	278.43277	1.6305622
5184000	1153.3	257	2230	21648.23	12.842059	29.812582	689.12427	1.6567081
5200000	1387.9	362	2120	21714.93	10.019764	12.451985	111.43892	1.5377889
5216000	1227.18	240	2315	21781.46	12.229035	24.84153	529.3411	1.5000818
5232000	1327.76	263	1956	21847.53	11.127223	19.09063	418.3376	1.2615323
5248000	1366.64	240	2125	21913.31	11.852693	24.246	471.66226	1.8901818
5264000	1338.68	362	2122	21979.22	12.768323	26.278551	504.54135	1.9068962
5280000	1420.3	373	2017	22046.78	10.596449	19.002504	486.1924	1.2921627
5296000	1404.14	445	1998	22113.27	9.217961	11.111871	150.59888	1.5200777
5312000	1348.12	628	2063	22180.54	9.827234	12.076517	126.05588	1.7504091
5328000	1324.84	367	2020	22247.51	9.471178	12.012692	209.52509	1.6130917
5344000	1480.98	391	2327	22314.18	10.5446005	23.007915	429.21603	1.420875
5360000	1559.9	362	2825	22379.58	10.982891	24.596848	463.99588	1.2317357
5376000	1390.38	362	2330	22444.83	11.153119	18.000639	227.12955	1.6841931
5392000	1472.58	558	2089	22511.95	11.303182	27.15542	435.51956	1.1840007
5408000	1282.88	263	2233	22579.14	10.355694	22.7915	452.79208	1.4000478
5424000	1438.48	258	2763	22646.1	9.769727	13.029486	145.60875	1.7299536
5440000	1361.74	257	2313	22711.76	8.9154825	10.740061	129.28423	1.5970874
5456000	1442.08	257	2129	22778.05	9.5426445	21.957045	400.5793	1.4885712
5472000	1432.3	263	2327	22844.5	8.292042	10.88314	128.50427	1.3920633
5488000	1413.96	380	2329	22911.01	8.826556	11.93476	190.47685	1.2473358
5504000	1435.76	257	2651	22978.0	9.175532	16.981916	359.19803	1.2153269
5520000	1445.28	257	2326	23045.01	7.263266	8.802753	153.29893	0.8638909
5536000	1475.02	263	2326	23110.84	7.0100617	8.203208	105.366394	1.1388546
5552000	1464.9	263	2325	23176.75	8.650581	16.706991	391.5342	1.4466658
5568000	1458.32	263	2328	23243.65	8.031883	13.961659	355.21976	1.2621131
5584000	1376.4	257	2765	23309.99	8.962319	12.166306	226.2654	1.5449567
5600000	1359.26	264	2761	23375.91	10.422255	19.613298	403.65158	1.2237029
5616000	1507.74	263	2571	23442.17	10.601723	17.309996	390.7676	1.6006873
5632000	1416.86	257	2328	23508.95	9.981767	15.364819	250.64316	1.5095911
5648000	1630.48	257	2764	23576.31	10.586754	12.535081	177.59361	1.8348396
5664000	1608.04	393	2522	23643.03	12.372012	22.329378	328.97403	2.0437312
5680000	1517.98	742	2327	23709.35	13.337435	19.025818	310.8947	2.0051622
5696000	1408.12	263	2318	23776.31	13.588727	19.595304	343.7794	2.610601
5712000	1578.3	358	2329	23843.06	14.223976	20.063314	268.17627	2.5206876
5728000	1695.12	810	2422	23911.57	12.459258	13.47611	180.13419	2.4533255
5744000	1681.96	258	2422	23978.65	11.099172	14.018991	233.08107	2.2908504
5760000	1552.22	258	2330	24045.96	10.438464	10.665825	169.4828	2.0669794
5776000	1488.62	257	2317	24112.36	9.793666	13.107946	250.66289	1.9929696
5792000	1509.5	257	2238	24179.4	9.914795	11.595775	131.86835	1.4643601
5808000	1557.82	446	2324	24246.68	9.918766	14.622033	289.6343	0.94265634
5824000	1469.14	388	2324	24313.08	8.907568	9.121693	89.805885	1.7573267
5840000	1431.76	388	2313	24379.14	10.450247	24.944439	433.56113	1.232615
5856000	1356.16	257	2421	24445.54	8.865135	10.636043	138.36865	1.4294834
5872000	1351.14	257	2420	24512.08	11.438812	16.991793	225.47011	1.6476727
5888000	1287.22	257	2420	24579.7	13.522797	16.277378	175.80789	1.8819263
5904000	1396.96	257	2125	24646.45	13.001236	17.594904	262.94107	1.7382153
5920000	1470.32	380	2327	24712.85	12.230823	15.974464	145.16269	1.8906524
5936000	1333.82	380	2327	24780.58	11.856528	17.779648	262.1327	2.1874185
5952000	1484.9	448	2315	24846.91	12.747877	21.0058	322.29553	1.9305327
5968000	1471.04	388	2323	24913.22	9.868449	10.0074005	138.01813	1.6191863
5984000	1533.34	388	2323	24979.17	10.627648	15.3274145	177.03539	1.169237
6000000	1463.08	369	2327	25046.09	11.275827	14.419188	165.37662	1.491045
6016000	1304.3	257	2425	25112.23	13.185657	18.20724	309.65958	1.3485482
6032000	1385.36	257	2402	25178.96	14.347606	18.970638	237.03496	1.5741465
6048000	1425.1	388	2402	25246.66	15.953444	22.201775	289.6584	2.747325
6064000	1174.66	257	2417	25313.78	16.65987	21.681776	262.1732	2.2729712
6080000	723.42	253	2496	25379.42	18.07159	23.291273	273.02933	2.332673
6096000	1111.04	257	2318	25446.38	25.725723	47.138847	738.3259	3.9984016
6112000	1246.12	407	2318	25513.38	25.168304	40.784492	368.18118	3.4036877
6128000	1208.96	257	2659	25579.73	21.958782	37.08361	590.7024	3.1387882
6144000	1188.94	257	2545	25646.34	27.268223	39.527435	407.50885	3.036182
6160000	1444.04	257	2545	25712.81	24.239365	36.018635	406.1039	2.4192312
6176000	1481.88	448	2571	25778.93	23.93953	41.826214	534.3633	2.55682
6192000	1440.48	387	2571	25847.8	20.185562	31.33799	336.76685	2.2394044
6208000	1573.72	257	2571	25917.3	20.50587	35.00058	457.02155	2.6703186
6224000	1454.1	257	2571	25984.82	20.938393	34.86991	337.79193	2.7009678
6240000	1735.22	630	2517	26055.04	17.025688	28.438625	334.37286	2.3902874
6256000	1726.12	448	2517	26123.53	14.701649	23.809643	475.73343	2.298964
6272000	1496.32	384	2325	26190.81	14.854213	22.462297	277.61124	2.1186135
6288000	1484.88	391	2325	26257.52	14.568154	19.593239	236.80255	1.6603501
6304000	1553.58	391	2330	26325.37	12.140906	15.565316	209.77531	1.6776311
6320000	1521.22	365	2321	26393.91	11.308955	13.468799	161.794	2.043345
6336000	1356.54	257	2294	26462.7	12.903546	18.312374	241.64166	1.6307333
6352000	1495.16	415	2541	26530.59	13.066839	14.8091755	191.25633	2.439685
6368000	1456.32	263	2659	26598.56	14.121319	17.023497	224.60326	1.930342
6384000	1576.34	263	2659	26664.7	14.123325	15.594394	148.53328	2.0311246
6400000	1364.8	257	2330	26732.08	15.893061	17.806892	251.27177	2.954156
6416000	1421.3	257	2512	26800.79	16.521896	16.899101	189.46771	2.3227682
6432000	1058.94	257	2417	26867.12	15.870996	17.888887	194.80568	2.7923033
6448000	819.9	257	2128	26934.21	21.239727	35.4291	330.75262	2.438105
6464000	412.28	257	1680	27002.5	26.254946	40.502323	361.0581	1.9069066
6480000	724.02	257	2571	27070.62	32.104694	40.645546	272.7432	2.0718434
6496000	1252.34	256	2763	27137.57	36.2984	44.104836	295.52335	2.5502625
6512000	1319.92	257	2326	27205.8	37.955223	41.501232	285.48303	3.0214233
6528000	1271.78	258	2325	27274.37	34.60118	42.522465	302.74274	2.653407
6544000	969.88	240	2164	27342.24	35.752144	41.65878	289.90088	2.2527795
6560000	1109.66	365	2205	27411.22	32.13804	36.481457	305.6209	3.4640846
6576000	1326.28	263	1632	27480.53	25.97989	30.637749	296.8521	3.9476793
6592000	1332.5	447	1692	27548.94	24.797386	34.496773	366.9483	2.989205
6608000	1299.74	447	1953	27617.48	19.17759	27.180773	313.65637	2.5094314
6624000	920.36	363	1693	27685.47	16.511469	21.214977	229.36632	2.3742847
6640000	1079.78	378	1817	27751.73	16.70923	18.162298	234.20425	2.8870907
6656000	1275.42	263	1711	27819.73	12.503388	13.536611	163.91269	2.059904
6672000	1334.08	365	1694	27887.5	13.275985	17.415434	223.25082	1.5364091
6688000	1091.9	263	1817	27953.92	12.704621	16.215391	252.57376	1.686111
6704000	1101.08	257	2297	28020.25	13.813592	19.99807	257.42075	1.5292538
6720000	1100.96	263	2297	28088.33	13.299997	21.369732	219.49603	1.5939018
6736000	1213.44	363	2132	28157.22	11.633061	18.241858	191.795	1.4368556
6752000	1062.96	240	2132	28222.86	11.090594	17.685207	159.8355	1.546838
6768000	1214.66	240	2129	28289.67	10.430369	13.947151	143.36665	1.3077643
6784000	981.24	241	2144	28354.95	11.945102	16.171688	136.33792	1.5140452
6800000	1205.4	368	2142	28421.24	12.448184	17.483574	248.69507	1.3516827
6816000	1318.98	257	2142	28488.0	13.230413	17.88674	177.42902	1.3624442
6832000	1210.1	258	2148	28557.09	16.273912	26.686678	336.32324	1.4499949
6848000	1342.16	263	2320	28624.48	13.621811	17.776117	167.39513	1.6439961
6864000	1369.72	263	2241	28693.7	12.476316	16.075855	143.32466	1.3687861
6880000	1378.8	264	2131	28764.68	13.992081	20.813114	223.80724	1.9706972
6896000	1510.24	263	2131	28834.51	12.67132	20.53922	253.25545	1.5373492
6912000	1751.58	631	2330	28902.5	11.468019	17.722971	255.25049	1.517607
6928000	1509.98	258	2239	28970.08	11.895696	23.14987	265.32016	1.550264
6944000	983.32	363	2311	29038.13	12.582187	24.69631	242.38753	1.4514635
6960000	1206.92	363	2329	29105.04	12.741244	24.087294	241.75696	1.3197718
6976000	1497.16	363	2647	29172.79	12.972367	21.639137	291.42377	1.4058833
6992000	1516.06	378	2392	29240.03	14.272077	21.187176	197.48181	1.27559
7008000	1465.44	263	2671	29306.38	11.35809	15.843096	161.09177	1.2186394
7024000	1461.66	263	2425	29373.51	10.852439	16.871223	229.67108	1.2637882
7040000	1370.88	363	2738	29442.78	9.791705	11.509079	149.16133	1.0519346
7056000	1400.34	225	3049	29510.02	9.96441	13.19475	165.24629	1.0402492
7072000	1584.68	648	2319	29576.41	12.079728	15.349552	176.39406	1.1231769
7088000	1611.62	371	2528	29648.64	11.543148	15.334383	258.0125	1.297837
7104000	1570.2	556	2479	29722.46	11.451449	13.639837	142.67741	1.4755731
7120000	1536.66	632	2328	29794.25	9.526239	9.891893	122.67364	1.6964611
7136000	1561.04	365	2250	29866.94	10.218758	12.568125	113.75901	1.193787
7152000	1405.12	257	2322	29940.55	8.837762	9.9843025	123.26848	1.3275359
7168000	1559.32	365	2551	30013.11	8.614038	12.599857	232.7719	1.0236152
7184000	1604.76	556	2571	30086.32	10.20301	14.460431	194.55415	1.111445
7200000	1630.72	365	2571	30158.69	9.519284	15.847738	158.89694	1.0639471
7216000	1448.58	365	2516	30228.65	8.623445	12.483226	102.33545	0.8097929
7232000	1184.26	365	2314	30295.39	12.521058	21.648258	335.38818	0.92681533
7248000	1480.86	629	2753	30361.92	13.245725	22.19689	204.21042	1.2460085
7264000	1238.74	263	2530	30428.92	11.379227	18.793552	209.28906	0.83495516
7280000	1262.52	240	2527	30495.88	13.737343	23.757404	317.08066	1.0260596
7296000	1462.68	240	2538	30564.51	14.269765	23.978884	325.93506	1.2137086
7312000	1356.68	257	3047	30632.22	16.536184	26.466953	384.59476	1.2098317
7328000	1389.84	447	2137	30700.45	17.179817	25.420532	309.36133	1.2993217
7344000	1414.94	240	2674	30767.76	16.533817	23.392221	300.4999	1.0591612
7360000	1456.08	240	2520	30836.25	18.808575	26.839624	380.8476	1.4628478
7376000	1136.56	240	2505	30901.75	18.018442	27.690947	470.6016	1.1492766
7392000	1228.2	240	2530	30968.45	17.23114	23.737564	326.0362	1.0758047
7408000	997.56	240	3050	31035.02	19.296032	26.071009	205.98932	1.7000594
7424000	829.82	240	2510	31101.88	24.448122	28.620087	261.9816	2.3815827
7440000	1185.8	240	2571	31167.08	29.395641	35.43418	284.3019	2.4655766
7456000	1174.32	240	2571	31234.0	31.45961	40.6114	321.44547	1.729642
7472000	1736.64	241	2822	31301.34	25.349583	34.997623	247.15495	1.8290493
7488000	1899.34	241	3015	31367.47	27.624462	37.149883	225.25081	2.4134884
7504000	1940.04	915	3015	31434.14	21.041002	32.431213	260.12854	1.7007582
7520000	1652.74	365	2827	31500.4	16.964754	26.918863	239.96437	1.7691331
7536000	1419.24	257	2332	31566.92	12.792205	22.427145	275.08618	1.2789226
7552000	941.54	257	2653	31633.46	14.267102	23.738663	277.86484	1.2094611
7568000	1216.38	263	2571	31699.6	15.78166	31.853857	441.19226	0.9325013
7584000	1180.48	365	2332	31765.36	16.694683	31.885752	344.81058	1.3763745
7600000	1556.66	390	2812	31832.35	21.067837	38.257103	470.87378	1.3525178
7616000	1408.76	365	2733	31898.66	21.098465	31.671858	377.3328	2.4345026
7632000	1212.46	257	2733	31966.46	23.684048	37.68482	354.3494	2.5635765
7648000	1354.46	257	2548	32033.91	26.626028	38.399323	325.79852	2.7950969
7664000	1658.18	552	2334	32102.95	22.261871	36.299915	404.1771	2.1727772
7680000	1458.1	263	2571	32170.5	21.0779	30.458735	495.05695	2.4442246
7696000	1200.02	365	2130	32238.2	18.328465	22.911364	313.0183	2.6637335
7712000	1457.52	447	2320	32305.11	18.316633	22.561066	219.51558	2.068715
7728000	1582.5	263	2318	32370.25	16.125544	18.27909	185.83627	2.5242624
7744000	1297.22	264	2549	32436.78	15.241618	13.887384	144.43451	2.956566
7760000	1423.44	264	2332	32503.74	15.269604	17.003635	163.56808	2.4054978
7776000	1450.32	263	2411	32570.1	15.239934	14.617696	124.46672	2.2176318
7792000	1712.92	374	3043	32636.65	14.656876	14.691677	177.04837	2.571298
7808000	1274.86	264	2229	32702.35	14.5654335	16.375105	166.30762	2.0497904
7824000	1257.34	257	2313	32769.11	15.889877	18.39975	207.13228	2.8425622
7840000	1633.44	556	2571	32834.68	15.611932	16.93814	154.40126	1.7969002
7856000	1725.34	449	2763	32900.45	13.834664	15.4804325	219.08958	1.978497
7872000	1748.44	258	2571	32966.91	14.417052	14.682738	132.85846	2.0247803
7888000	1721.58	258	2332	33033.15	14.851491	20.366447	306.03143	2.461271
7904000	1716.8	365	2571	33100.08	13.271348	17.560982	285.07413	2.336936
7920000	1716.76	365	2983	33167.13	12.118993	15.161606	197.32086	2.1932209
7936000	1513.46	263	2571	33234.38	13.022686	15.04152	148.01523	2.1937108
7952000	1805.1	537	3051	33301.06	10.7162485	10.981017	121.29446	1.8570629
7968000	1887.4	449	2767	33368.28	10.785785	12.070583	139.79114	1.5962095
7984000	1994.4	449	2767	33436.01	10.163766	12.880552	173.04846	1.2394881
8000000	1911.96	263	2738	33502.0	8.684803	10.876402	147.02646	1.1871161
8016000	1877.24	365	2754	33568.71	10.461438	14.647548	229.76448	1.3551912
8032000	2041.72	365	2753	33636.02	10.967748	16.38978	229.95953	1.0560232
8048000	1859.18	556	2754	33703.6	8.497987	11.662281	176.74242	1.4372027
8064000	1883.26	263	2755	33770.92	8.701164	12.56143	200.98122	1.1647952
8080000	1907.68	258	3051	33838.55	9.956357	14.151511	162.382	1.0533959
8096000	1804.5	263	2755	33905.02	10.496123	15.788971	189.48383	1.0728935
8112000	1199.64	818	2755	33971.31	11.483211	20.177109	272.43604	1.1382486
8128000	1127.68	263	2755	34038.77	13.372737	22.084177	152.14857	1.2027447
8144000	1171.28	263	2755	34105.55	14.552867	28.557241	373.4287	1.2173736
8160000	891.8	359	2698	34172.6	15.65009	33.435783	370.99908	0.9513197
8176000	1373.9	257	2943	34240.23	22.1963	37.472233	362.44357	1.5062088
8192000	1855.86	263	2765	34305.71	23.346308	39.377853	370.13217	1.3250616
8208000	1962.62	365	2756	34372.78	25.714384	35.357086	290.05344	1.7008317
8224000	1475.36	365	2756	34439.65	25.135347	36.10833	261.49307	2.190467
8240000	1627.88	365	2832	34505.55	23.563438	33.563625	313.47473	1.9219608
8256000	1866.46	257	3050	34572.54	23.273937	33.93879	273.1965	1.5649564
8272000	2082.64	257	3050	34637.75	19.906584	27.050072	263.35193	2.0810075
8288000	2140.26	768	2764	34703.36	16.701063	23.900553	191.18916	2.0502295
8304000	1912.16	394	2764	34769.92	16.26814	22.85703	286.1229	1.7980978
8320000	2053.94	394	3045	34836.57	14.439718	20.20597	207.74507	1.6522242
8336000	2025.56	632	3045	34903.65	14.103507	22.373869	261.3821	1.6936022
8352000	1804.36	632	3042	34971.25	11.7665205	18.814812	254.45398	1.1362355
8368000	1807.1	572	3042	35037.76	11.2257595	13.896425	164.71597	1.4016911
8384000	1852.22	365	3054	35103.94	11.495586	16.008224	184.82082	1.9068564
8400000	1740.38	365	3054	35169.92	11.392586	14.233516	186.68407	1.3153081
8416000	1741.96	396	2998	35236.27	10.895868	17.306496	276.51108	1.9107897
8432000	1800.36	263	2998	35302.72	11.83242	17.07086	217.84248	2.0027726
8448000	1821.42	263	2765	35369.41	10.847121	14.105344	192.29309	1.6186842
8464000	1882.44	263	2763	35435.75	10.99286	14.082128	178.08923	1.4482574
8480000	1894.58	240	2758	35502.12	11.780441	14.190805	183.38165	1.553402
8496000	1872.54	240	3053	35568.28	12.344508	16.551744	171.11436	1.7434568
8512000	1830.48	379	3053	35635.03	12.727617	16.715832	209.67552	1.3455994
8528000	1715.82	365	3049	35701.17	12.957842	17.782526	217.82758	1.4615674
8544000	2023.86	365	2862	35767.52	11.040883	13.97773	203.18645	1.3452448
8560000	1873.54	365	2862	35834.67	12.125198	15.62502	172.6612	1.3526988
8576000	1760.72	365	2764	35900.37	11.7889385	17.382338	245.21007	1.3468852
8592000	1886.32	365	3051	35966.92	11.840543	17.65146	212.84001	1.3332605
8608000	1912.32	263	2765	36032.26	11.70493	19.771763	272.0995	1.6502194
8624000	1838.48	263	2765	36098.58	15.453251	26.535704	359.62933	1.560097
8640000	1683.94	365	3049	36164.71	16.275265	21.448011	255.99194	2.0526152
8656000	1829.54	379	2758	36230.89	16.051987	27.444412	579.9469	2.3118253
8672000	1935.86	263	2763	36296.82	16.542095	24.104155	372.9651	2.3296275
8688000	1947.54	263	2846	36363.39	15.780867	20.725943	233.23724	2.1969833
8704000	2089.14	388	2954	36429.88	15.166598	23.338125	287.3045	2.4874966
8720000	2118.46	258	2954	36496.68	15.377947	20.80787	271.03647	2.4704614
8736000	2200.96	258	2766	36562.94	14.392038	20.367128	263.46194	1.7532268
8752000	2217.92	449	2766	36630.21	12.04869	17.550488	204.10712	1.9777036
8768000	1868.76	263	3026	36697.17	12.086064	18.04562	271.39246	1.8839502
8784000	1926.48	263	3050	36763.06	12.810491	18.623512	219.77177	1.5940922
8800000	1967.14	656	3050	36830.68	10.9384575	15.398244	240.4125	2.363432
8816000	1833.56	916	3044	36897.45	11.104345	13.528703	169.2267	1.4699321
8832000	1919.78	732	3051	36964.12	10.996986	12.151893	167.51076	1.5119082
8848000	1953.6	732	3049	37030.39	13.75694	14.456125	146.31006	2.321621
8864000	2021.06	388	2764	37097.58	12.393278	13.821181	162.14182	1.9175583
8880000	2081.44	388	2765	37164.95	10.640633	13.080927	181.931	1.4495938
8896000	1900.68	365	3054	37231.86	12.661911	21.098085	419.43744	1.9158933
8912000	1953.2	365	2747	37297.94	12.117559	17.123396	229.72105	1.9024042
8928000	1948.78	361	2764	37364.06	12.576672	15.758758	202.74434	1.6500367
8944000	1840.04	361	2826	37430.57	12.466389	22.51641	535.3458	1.6129009
8960000	2030.12	365	2826	37496.63	14.448756	20.299442	184.70168	1.7557999
8976000	1944.14	444	2765	37563.96	14.371698	21.755632	287.02814	2.1281762
8992000	1791.4	379	3022	37631.47	14.479482	26.008743	486.69608	1.6794586
9008000	1817.3	374	2993	37697.96	17.685259	31.85299	299.6354	2.2083802
9024000	1580.84	967	2571	37764.28	19.08754	35.1459	319.76547	1.9649976
9040000	1937.58	750	2765	37830.97	22.400589	40.015213	338.21866	1.1411339
9056000	2033.42	274	2765	37898.12	17.880074	36.30634	368.4092	1.4318758
9072000	1431.96	365	2571	37964.86	22.621008	41.918587	291.71545	1.4154451
9088000	1859.38	370	2767	38032.34	20.01276	37.675457	313.02686	1.0791082
9104000	1546.72	458	3038	38100.74	20.169	38.59487	375.99295	1.1522663
9120000	1713.8	632	2764	38167.98	21.187832	39.76559	339.7107	1.3914721
9136000	2065.02	648	2768	38234.43	16.244442	29.560528	263.81854	1.1350133
9152000	2043.0	373	3054	38301.8	17.125765	32.880745	444.7706	1.2435334
9168000	1757.02	373	2981	38369.98	13.370821	25.892748	223.64444	1.179078
9184000	1864.82	555	3054	38436.37	12.774037	25.90369	281.4998	1.1050334
9200000	2078.0	365	3051	38503.57	14.172166	26.611242	292.19086	1.9086301
9216000	1264.96	554	2763	38570.34	12.890051	22.847605	236.58162	1.6896079
9232000	1609.4	263	2766	38638.08	13.287335	24.171656	212.97891	1.1814433
9248000	1825.5	263	2766	38704.6	14.195909	28.430195	262.34256	1.0414052
9264000	1815.86	374	2862	38771.23	13.168855	25.109175	280.08362	1.0268161
9280000	1957.92	556	2862	38837.38	16.259998	30.518717	251.2352	0.6829844
9296000	2122.3	365	2862	38903.45	16.716476	32.455803	278.70868	0.8847714
9312000	2184.16	365	2862	38969.75	17.040922	33.410145	334.25647	1.3316438
9328000	1845.14	557	2831	39035.76	15.382688	35.331547	375.76102	1.0378655
9344000	2009.18	365	3049	39101.91	13.161824	32.467422	376.8874	1.3330026
9360000	1859.08	365	3049	39168.93	11.619683	20.59588	314.48398	1.3679907
9376000	1813.12	365	3044	39236.81	13.304831	22.717281	411.0888	1.58814
9392000	1693.72	263	3035	39303.11	13.344169	23.82878	349.22546	1.467102
9408000	1671.18	263	3040	39371.09	14.053128	21.9844	215.40956	1.2238656
9424000	1791.78	263	3040	39437.36	14.096689	25.78441	327.94986	1.4026406
9440000	2043.92	365	3024	39503.8	15.742514	32.998894	387.7325	1.0219841
9456000	1711.6	449	3045	39570.27	14.561533	28.28408	463.46613	1.4459559
9472000	941.7	363	3052	39637.29	20.536983	43.61108	452.16608	1.3980346
9488000	1159.18	365	3039	39703.33	30.921593	48.725624	431.19864	1.8706172
9504000	1504.06	365	3042	39770.22	36.098015	51.850624	486.36505	3.3863556
9520000	1436.18	365	3048	39837.2	41.645576	54.20791	349.85492	3.3965247
9536000	1907.48	365	3048	39902.88	38.15895	50.465073	501.61386	3.1341462
9552000	1375.7	365	2756	39969.65	32.554596	41.44752	299.2456	2.9105382
9568000	1238.18	365	2761	40035.42	43.523083	53.34504	362.5323	2.9803445
9584000	1261.26	365	2959	40103.71	35.379593	44.98351	431.35617	3.9058528
9600000	1647.26	394	3052	40169.03	36.810715	49.992023	443.35602	4.92463
9616000	1672.08	365	3052	40236.14	33.41983	44.4245	339.9742	4.030381
9632000	1345.06	363	2764	40302.6	33.523205	48.3164	528.1418	4.252884
9648000	1451.78	242	2751	40369.24	30.589617	37.652344	271.76532	3.6681309
9664000	1627.92	364	3049	40436.25	29.00256	37.062214	350.63132	4.231631
9680000	1848.0	263	3051	40503.13	22.683176	32.816853	306.4392	3.162269
9696000	1721.4	365	3051	40569.78	18.667902	26.386044	306.28763	3.0611358
9712000	1730.18	555	2763	40637.55	19.07267	29.303476	302.40244	1.8286593
9728000	1739.62	555	3049	40705.02	19.130938	26.33576	206.14233	2.4325495
9744000	1780.94	257	3049	40772.9	19.895584	27.94338	283.633	2.5621095
9760000	1781.24	365	2777	40840.62	16.57578	22.145178	322.51797	2.8977275
9776000	1888.12	553	3053	40907.92	13.561761	18.660364	193.22482	1.5490544
9792000	2003.04	555	3053	40973.99	11.862437	17.475832	172.24252	1.5835094
9808000	1860.08	556	3050	41040.63	12.685582	20.480108	242.93784	1.4388419
9824000	1870.18	556	3048	41107.74	12.807668	18.871233	226.66113	1.5838356
9840000	2087.9	648	3053	41174.74	14.092967	22.432158	260.02863	1.2340245
9856000	2038.42	443	3053	41241.33	12.711614	19.193233	201.66348	1.3557894
9872000	2167.68	443	3053	41307.78	10.054611	14.379598	152.53317	1.4400042
9888000	2263.0	394	3053	41375.41	9.089832	11.951682	123.48178	1.2682266
9904000	2254.9	394	3052	41442.57	9.372404	11.505205	114.03186	1.4374487
9920000	2065.28	257	3053	41508.51	8.346639	13.644928	260.7941	1.2729316
9936000	1670.26	455	3049	41575.73	9.71025	25.087172	324.5187	1.054864
9952000	1476.6	257	3049	41642.05	14.66058	32.12267	312.43524	1.7957487
9968000	1878.7	258	3051	41708.45	15.070678	32.090694	302.63763	1.2429366
9984000	1590.76	455	3051	41775.59	15.011109	29.663237	279.2426	1.5031406
10000000	1686.76	240	3050	41842.04	15.110201	26.483984	267.08908	2.2232332
10016000	2063.14	240	3024	41908.78	14.903335	20.647123	234.3898	1.654479
10032000	1900.36	258	2831	41974.83	18.071308	27.356445	246.64584	2.5393577
10048000	2012.96	393	3050	42042.51	16.349823	25.197641	313.09323	1.7597172
10064000	1935.28	393	3050	42109.25	15.09206	23.962212	264.36774	2.022454
10080000	1949.72	365	3050	42175.64	14.281239	20.869036	236.8953	1.9440739
10096000	2135.42	365	3051	42241.94	14.203893	21.470633	250.10149	1.9539437
10112000	2255.12	730	3051	42308.62	14.262422	22.642118	293.96802	2.3950481
10128000	2056.0	365	3052	42374.56	13.143855	21.092813	314.37695	1.6527439
10144000	2033.36	365	3053	42441.52	15.292386	25.483421	323.2936	2.516945
10160000	2089.82	558	3053	42508.73	12.452666	18.165699	257.10236	1.6895533
10176000	2213.06	558	3052	42575.78	11.529041	16.276154	214.47366	1.8410685
10192000	2306.12	558	3052	42642.29	9.428113	15.016607	213.52592	1.4284854
10208000	2161.62	365	2766	42710.41	10.065488	19.145685	258.06912	1.2605534
10224000	2230.02	975	3050	42777.47	11.043125	21.464355	307.7052	1.3365324
10240000	2037.34	263	3050	42843.42	9.105064	17.221159	291.70984	1.1897421
10256000	2104.48	263	3053	42910.27	9.145195	18.950583	276.77478	1.0949914
10272000	2235.72	263	3053	42976.26	6.491623	7.9834833	96.947395	0.9421263
10288000	2167.7	365	3053	43043.19	6.828321	8.976332	88.11742	0.9358054
10304000	2156.54	365	3045	43109.48	6.7398734	11.3118305	270.7642	0.7949096
10320000	1950.08	258	3045	43177.63	8.159385	19.386024	431.6288	1.0020282
10336000	1857.16	258	3018	43243.99	7.2180877	14.597573	360.816	1.1319649
10352000	1877.02	241	3053	43310.5	9.016598	22.857584	442.37033	1.1686664
10368000	1876.94	241	3053	43376.67	11.005462	33.486877	614.1553	1.0759889
10384000	2116.62	556	3054	43443.74	8.294266	11.469812	147.14249	1.010273
10400000	1852.62	258	2767	43510.11	11.267884	24.729565	360.39722	1.2870164
10416000	1414.28	365	2760	43577.89	10.362765	23.764868	405.34552	1.4365494
10432000	1340.7	365	3049	43645.04	13.686248	29.796148	472.70807	1.4145286
10448000	1776.24	365	3050	43711.04	12.362575	21.457413	245.63219	1.4754394
10464000	1950.4	556	3051	43778.17	11.735879	20.034016	273.8714	1.3962101
10480000	1957.48	556	3051	43845.83	10.995776	22.268293	398.18362	1.2903178
10496000	1786.64	259	3015	43912.44	11.429738	25.61887	321.29453	1.2066178
10512000	1483.32	555	3015	43979.05	12.289806	22.217577	283.2323	1.2250245
10528000	1265.32	258	3007	44045.55	14.5604725	28.445139	354.64474	1.3119135
10544000	1437.84	380	3038	44112.15	14.702232	24.653484	266.17532	1.3429964
10560000	1961.02	365	3038	44180.06	17.19823	29.925299	325.10025	1.1628292
10576000	2016.88	365	3035	44246.58	16.610209	27.326649	317.69373	1.8374279
10592000	1929.22	388	3048	44313.02	17.412756	26.32192	274.0354	1.8777217
10608000	1872.88	442	3048	44379.09	16.892063	30.39321	331.85477	1.7639648
10624000	1854.1	442	2979	44445.62	15.427516	26.063063	287.07825	1.4252566
10640000	1816.98	447	3046	44512.56	13.75684	23.697233	302.99393	1.282463
10656000	1733.54	392	3046	44580.56	11.570685	16.515541	176.52657	1.2359651
10672000	1748.02	392	2962	44647.2	12.62242	20.44334	238.10442	2.0613303
10688000	1499.06	359	2962	44714.7	13.893531	21.206894	252.459	1.7725488
10704000	1488.16	390	3043	44783.0	12.521088	18.365395	248.65526	1.0970031
10720000	1377.54	258	2945	44849.98	15.857583	26.206142	306.91144	2.2967007
10736000	1164.6	263	2945	44916.02	16.428638	24.771082	252.55412	2.6240752
10752000	1586.06	365	3054	44982.65	19.091976	27.642033	311.9016	2.5276802
10768000	1863.18	365	3054	45048.14	20.73045	32.058422	343.4656	2.671095
10784000	1923.28	449	2849	45115.57	18.304653	25.118855	260.22226	1.8528948
10800000	1762.52	263	3011	45181.97	17.847609	25.136194	269.4734	2.4375615
10816000	1806.32	263	3011	45247.76	17.221848	27.708841	308.8315	2.1445165
10832000	1815.04	263	2767	45315.18	13.348702	20.753756	223.38329	1.6680087
10848000	1938.28	365	2767	45382.13	12.922961	21.816242	269.42514	1.3454046
10864000	1928.86	407	3051	45449.61	11.223135	17.76566	219.76778	0.92541254
10880000	1692.9	365	3037	45516.54	10.936353	19.75147	380.28174	0.8786727
10896000	1655.94	365	3049	45582.35	12.721344	24.532265	502.2273	1.2176696
10912000	1757.78	263	3049	45649.24	14.029337	29.624096	539.01904	1.394397
10928000	1717.38	388	2673	45715.9	13.972467	32.478565	562.6359	1.0947983
10944000	2039.1	625	3052	45784.92	11.511234	16.666546	165.7251	1.2049161
10960000	2235.44	556	3052	45850.63	9.341427	12.735179	132.79663	0.7768073
10976000	2312.78	556	3052	45918.43	9.708045	14.499291	203.64107	1.4319134
10992000	1753.9	365	3039	45985.32	8.90041	14.046666	160.01805	0.94485617
11008000	1375.26	365	3050	46051.79	15.30044	43.620625	631.6196	0.86644375
11024000	1352.82	257	3050	46117.85	16.419172	41.831413	399.50165	1.3813982
11040000	1379.58	365	3048	46185.39	16.33557	35.693794	437.27457	1.3995337
11056000	1680.34	365	3054	46252.94	19.197367	36.635662	346.9331	1.1926539
11072000	1447.74	365	2833	46320.51	21.548265	41.518684	628.42395	1.1997242
11088000	1624.84	365	2833	46386.97	23.750864	40.71758	510.556	1.2416422
11104000	1277.58	257	2814	46453.86	29.076817	48.603817	412.88293	1.2866067
11120000	1678.94	257	3053	46519.67	25.573666	42.012875	333.44864	1.5330976
11136000	1469.46	263	3022	46586.65	25.31179	38.34329	272.3119	1.6240678
11152000	1918.4	263	2832	46653.75	25.312414	44.49167	448.237	2.2370985
11168000	2212.98	445	3053	46720.54	21.034824	33.647305	358.94092	1.9982991
11184000	2208.66	629	3053	46787.46	17.153393	27.07002	355.99902	2.222238
11200000	2065.1	359	3050	46853.67	17.271563	26.221203	381.5087	1.9402053
11216000	2027.36	359	3050	46919.73	15.629123	26.599817	528.11975	1.8667026
11232000	1993.82	436	3050	46986.43	13.885877	22.562023	476.08923	2.3330314
11248000	2012.42	436	2669	47051.85	10.745072	13.04953	150.44318	1.2126262
11264000	2026.5	367	2673	47118.7	9.118637	11.345111	142.83284	1.1857119
11280000	2152.2	240	3039	47184.4	10.131303	15.825041	234.50327	0.9621
11296000	2129.7	240	3039	47252.42	8.924046	13.202926	203.22508	0.93130577
11312000	2143.26	240	2831	47318.4	8.8344345	13.433985	188.1107	1.2913239
11328000	2007.78	556	2829	47384.63	7.4608135	8.961739	100.87785	1.0445752
11344000	2105.9	263	3037	47449.74	8.453103	18.671028	299.72205	1.2287109
11360000	2236.0	263	3037	47515.94	7.7490683	11.423071	162.08482	1.0161915
11376000	1982.78	363	2863	47583.7	9.993758	17.612843	272.85272	1.4215133
11392000	2064.72	444	2863	47650.18	10.394168	19.62022	303.96783	1.4969773
11408000	2078.04	263	2782	47717.35	11.580104	20.678312	263.65527	1.8891695
11424000	2228.6	365	3052	47783.54	9.967498	18.59994	338.73584	1.5972459
11440000	1957.42	365	3051	47850.25	11.223296	21.74257	220.34341	1.6532989
11456000	2062.78	458	3052	47916.77	10.391428	17.740181	275.77286	1.5707749
11472000	2296.62	458	3052	47983.68	9.286455	15.778722	233.20924	1.4437716
11488000	2247.54	447	2770	48050.32	9.848359	17.067163	210.15611	1.3282881
11504000	2055.22	240	2831	48117.19	9.996353	16.700499	239.30573	1.3047373
11520000	2035.58	240	3050	48183.32	9.813597	15.170258	220.97354	1.2882634
11536000	2177.72	365	3050	48249.23	9.085194	14.880431	214.05757	1.4279827
11552000	2268.46	365	3050	48316.11	8.3941965	13.169757	252.66454	0.9943971
11568000	2177.24	365	3051	48383.13	9.004493	12.404411	185.1625	1.3538284
11584000	2176.06	447	3051	48449.57	8.765459	16.544638	248.3665	0.9586319
11600000	2282.58	651	3051	48515.5	7.197627	10.40743	214.171	1.2556512
11616000	2071.54	632	2805	48581.32	8.923952	18.093292	310.37973	1.23895
11632000	1802.7	365	3042	48647.64	8.020905	12.983488	173.07303	1.1742635
11648000	1713.54	365	3042	48714.75	10.503305	22.237474	320.30975	1.2238026
11664000	1985.7	359	3051	48781.94	12.029585	28.12499	325.9461	1.1638784
11680000	2089.66	365	3038	48847.67	13.932313	25.605648	263.2944	1.2836034
11696000	1924.88	351	2827	48914.57	19.426672	30.589506	295.6548	1.4670465
11712000	1513.74	365	2824	48981.58	22.36876	37.7607	411.48096	2.1969748
11728000	1888.92	365	2764	49048.39	24.327435	36.133327	342.29	2.072804
11744000	1998.56	263	3050	49115.12	24.590086	35.14045	390.75668	2.0645757
11760000	1885.02	365	3049	49182.08	23.464216	35.56935	452.1214	1.8355422
11776000	1164.48	263	3049	49249.03	24.691084	35.007275	358.70087	2.415258
11792000	864.82	263	2828	49315.64	27.313887	38.06441	355.4163	2.0010462
11808000	1461.84	365	2766	49382.63	23.6945	30.048521	269.40836	2.7793248
11824000	1640.7	383	2762	49449.3	22.762873	27.104767	259.9816	2.7789664
11840000	1502.86	263	2767	49516.17	23.650322	34.691864	408.62796	1.9962478
11856000	1994.72	263	2768	49584.42	21.318264	26.040556	292.56757	3.5633423
11872000	2018.92	365	3048	49650.33	22.550545	29.364086	365.2328	2.8487377
11888000	1557.0	365	2766	49717.71	20.866388	30.371475	365.1357	3.2292733
11904000	1970.62	263	2768	49784.69	19.256784	20.282673	248.735	3.249064
11920000	2321.76	365	2830	49852.39	18.268784	25.029308	301.7679	3.2932081
11936000	2338.64	392	3035	49920.1	15.26949	21.083496	281.20172	2.331185
11952000	2284.44	631	3050	49986.61	13.592281	21.243614	267.49948	2.232151
11968000	2160.56	740	3052	50054.96	13.118122	21.838232	310.06137	1.68403
11984000	2167.12	630	3052	50120.95	12.929393	20.620642	244.80373	1.9825842
12000000	2282.12	365	3051	50187.86	9.288404	13.687799	140.70079	1.1583436
12016000	2093.68	365	3052	50254.44	8.855524	14.337381	188.77576	1.772603
12032000	1892.38	257	3054	50321.2	9.193903	14.634028	257.78134	0.9546347
12048000	2182.0	257	3054	50388.38	8.620039	14.916937	250.41481	1.496095
12064000	2390.5	731	3054	50454.28	7.737613	10.594626	142.10168	1.449691
12080000	2210.18	731	3054	50520.74	6.771696	10.885693	200.35385	1.159072
12096000	2194.3	388	3054	50587.07	7.5970383	11.338379	128.19359	1.0678573
12112000	2007.48	263	3052	50653.74	8.424305	13.699862	192.53111	1.4201267
12128000	2042.9	263	2767	50721.63	8.475638	13.007849	184.49031	1.2043358
12144000	2117.0	363	2971	50789.26	8.437392	11.298619	197.74817	1.5441878
12160000	1896.56	363	3046	50854.82	12.331215	19.146318	241.54855	1.7970545
12176000	1875.92	363	3046	50922.33	10.33467	12.017547	158.3765	1.553518
12192000	2030.92	365	3046	50989.37	10.027672	14.156882	186.50716	1.2410111
12208000	2241.98	263	3052	51055.62	9.5916815	12.3582945	209.77151	1.6093107
12224000	2207.18	365	3052	51121.9	9.309326	11.515079	165.01251	1.5077121
12240000	2042.06	365	2862	51189.28	10.084662	13.397668	193.3295	1.6801937
12256000	1890.66	365	3051	51254.29	8.762595	12.692178	192.06216	1.4666554
12272000	874.66	365	3042	51321.11	20.131039	40.956696	508.59448	1.7361825
12288000	1492.34	359	3043	51387.72	23.0114	42.64246	434.86993	2.130937
12304000	1795.68	363	3040	51455.21	24.00965	39.636837	434.28983	2.797369
12320000	2027.24	394	3040	51522.37	21.49123	32.78642	336.1011	2.403382
12336000	1793.86	257	3048	51588.53	22.914808	41.344894	524.62024	3.4635386
12352000	1741.54	257	3048	51654.25	23.408983	37.143723	471.66483	2.849872
12368000	1705.18	240	2765	51721.7	20.023455	29.717323	421.13922	2.7467027
12384000	1708.52	240	2766	51790.32	16.757954	19.338037	248.73212	2.7861164
12400000	1556.96	240	3046	51856.42	19.008957	23.142769	297.33563	3.4341917
12416000	1749.7	240	2680	51923.3	19.79098	25.61796	328.29593	2.4584394
12432000	1415.4	240	2765	51990.25	17.83148	22.924578	336.1244	2.6878154
12448000	1546.52	240	2765	52056.55	21.012184	32.73395	534.07153	2.943592
12464000	1775.54	240	3052	52123.84	22.296656	47.359474	1216.4121	3.6031377
12480000	1782.68	240	3051	52189.59	22.181074	37.672108	493.17804	3.4502566
12496000	1863.44	240	3051	52256.31	18.502869	31.139471	385.76797	1.9669318
12512000	1757.62	257	3049	52323.24	15.732881	25.507866	329.99567	2.1517193
12528000	1991.12	257	2768	52390.71	16.910753	34.092495	405.45297	1.8195937
12544000	2090.68	257	3049	52457.39	14.285184	28.860224	410.47778	2.0051255
12560000	1973.12	257	3051	52524.19	13.893206	27.67409	556.9935	1.8196374
12576000	1920.88	263	3051	52591.07	14.419926	23.866821	256.99692	1.9996581
12592000	2036.14	263	3051	52657.99	12.928083	23.044409	358.18295	1.4379919
12608000	2218.08	914	3050	52724.79	14.657388	28.756346	334.75476	1.6382129
12624000	2041.18	443	3049	52791.91	10.732751	19.344336	297.2162	1.6293917
12640000	2015.08	443	3050	52858.39	11.847871	22.073486	239.15253	1.8295327
12656000	2021.36	257	3050	52925.77	9.162504	19.218258	359.7481	1.241137
12672000	1867.34	240	3051	52991.35	9.190131	19.733667	413.20563	1.2593426
12688000	1805.02	240	3052	53058.06	8.566156	14.073513	230.60945	1.1507149
12704000	2027.08	416	3052	53124.95	8.02017	12.460983	202.61908	1.3802276
12720000	1551.62	263	3053	53191.83	11.189826	18.743422	362.0697	1.2881926
12736000	397.46	258	2237	53258.46	26.357891	50.130566	373.39127	1.4691658
12752000	1163.2	258	3051	53326.71	35.537197	57.684494	426.4249	1.7509247
12768000	988.94	263	2762	53393.94	35.759064	55.089237	417.35928	1.7773399
12784000	1229.98	263	3051	53462.79	35.751373	60.53273	464.7397	2.6288319
12800000	1798.22	263	3051	53529.86	32.31611	56.095387	290.33728	3.1217766
12816000	1725.5	240	3049	53596.9	35.868477	67.10356	625.02954	3.4760633
12832000	1800.86	240	3053	53662.82	34.43387	62.181908	568.4686	4.013668
12848000	1286.04	240	3041	53730.39	28.011147	48.34367	451.49918	2.7433023
12864000	1390.72	241	3049	53797.44	29.692509	45.726902	396.44547	2.9453487
12880000	1707.94	240	3051	53863.63	27.939035	40.28117	417.58398	4.1962667
12896000	1895.5	240	3051	53929.81	25.98541	38.12245	356.32336	3.7098975
12912000	1761.0	253	3048	53995.29	22.059563	33.368996	312.9721	3.8438532
12928000	1686.12	253	2752	54062.09	21.612633	27.618303	280.83267	2.8268352
12944000	1718.24	240	2827	54129.15	19.174969	27.397717	327.2541	3.8791375
12960000	1510.46	240	2827	54195.96	21.892925	36.263454	552.5192	3.6404004
12976000	1661.74	240	3047	54263.28	16.460453	20.700106	360.4274	2.648447
12992000	1748.52	240	3047	54329.91	15.546732	20.880495	267.7943	2.124352
13008000	1845.54	240	3046	54396.09	14.504597	19.80576	262.23593	1.778357
13024000	1869.76	257	3048	54462.52	18.377926	32.7595	502.7547	1.7803335
13040000	1925.0	550	3048	54530.57	16.661676	27.180565	375.10934	2.2117064
13056000	1995.16	545	3053	54597.99	13.9724455	19.760937	248.50676	2.2357302
13072000	2061.08	263	3053	54664.34	15.644554	26.302433	350.19186	1.989495
13088000	2055.3	263	3053	54730.59	14.792084	25.652317	397.82886	2.1431935
13104000	1928.82	263	3010	54798.31	13.772191	22.909136	402.4059	2.2970276
13120000	1837.1	263	3046	54864.45	18.175913	29.52038	286.51584	2.6888578
13136000	1896.7	263	3046	54930.8	14.808185	22.944431	326.9571	2.0279574
13152000	2067.52	391	3052	54997.69	13.703213	20.094032	248.46938	2.2278829
13168000	2233.84	554	3052	55065.19	12.072057	18.016815	181.90118	2.0041866
13184000	1972.16	379	3043	55132.53	11.399275	22.685371	398.786	1.3874284
13200000	1725.78	257	3041	55199.94	12.290209	23.99689	360.09644	1.9779129
13216000	1922.78	737	3041	55266.86	10.638958	18.477028	276.5275	1.465038
13232000	2035.64	445	3052	55334.06	10.093893	17.583437	223.92838	1.4869504
13248000	2040.32	263	3053	55400.81	9.923282	16.180685	258.43106	1.4702344
13264000	2001.38	263	3053	55468.02	10.974194	18.478308	214.08075	1.2836795
13280000	2046.4	367	3052	55534.22	11.032644	17.784369	250.14204	1.4090242
13296000	1953.24	444	3053	55600.17	11.033701	18.224726	206.9703	1.5934834
13312000	1851.24	257	3053	55668.05	12.525284	22.831177	292.08466	1.685499
13328000	1802.0	241	3052	55735.2	12.774858	25.319338	298.6357	1.5600479
13344000	1804.72	241	3051	55802.94	13.653744	26.409883	421.68073	1.5716927
13360000	2048.78	241	3051	55869.58	15.070115	28.360315	332.64325	1.8775924
13376000	2213.32	445	3055	55936.29	15.389645	30.8012	524.6198	1.8573933
13392000	2196.3	445	3055	56003.66	12.290752	16.9692	181.90294	1.6023908
13408000	2208.96	444	3055	56070.36	11.551567	20.138952	317.08	1.575751
13424000	2230.94	444	2833	56136.45	11.36709	22.8607	276.40878	1.3044211
13440000	2335.16	978	2826	56203.57	8.508127	16.197666	256.11435	1.2459934
13456000	2131.78	820	3052	56271.3	7.483887	13.895454	281.95038	1.049515
13472000	1814.7	366	3052	56338.0	8.118869	16.780006	294.29105	0.9015395
13488000	1855.26	444	3053	56405.38	9.75569	18.778181	222.5441	1.3581915
13504000	2014.64	444	3053	56471.28	9.689934	16.879993	251.58415	1.1863993
13520000	2116.04	363	3053	56538.08	10.937611	19.89159	268.53113	1.5824096
13536000	2044.18	363	3043	56603.54	12.464658	23.306509	382.24207	1.6415386
13552000	1873.46	263	3050	56670.03	13.754031	21.878145	230.46268	2.0840364
13568000	2075.78	263	3050	56737.6	14.895248	21.236511	236.11044	2.2565875
13584000	2148.82	366	3050	56804.98	12.706255	17.690619	210.33017	2.2754626
13600000	2014.16	366	3034	56871.72	11.674285	15.932123	220.64235	1.5721115
13616000	2109.0	366	2767	56937.91	11.519244	17.573143	197.10674	1.2666223
13632000	2131.94	624	2768	57004.85	10.086842	14.928659	198.55862	1.4292748
13648000	2109.66	554	2833	57072.26	10.185276	16.896482	256.85043	1.049194
13664000	2153.1	364	3050	57139.15	10.229212	20.52637	350.89737	1.1326342
13680000	1800.14	631	2832	57204.99	12.138565	26.17181	368.58682	1.4864099
13696000	1885.52	624	2834	57271.38	12.234556	23.201773	319.63333	1.7343442
13712000	2064.22	624	2834	57337.72	12.715509	20.750614	465.52042	1.6229043
13728000	1766.18	257	2759	57403.94	13.878465	19.928179	204.22783	1.5900013
13744000	1720.64	257	2766	57470.93	15.371187	20.934639	296.89835	1.666708
13760000	1951.14	445	2766	57537.57	16.258444	21.356354	226.05968	2.3782437
13776000	1781.84	651	2904	57604.53	15.460783	18.849878	223.27312	1.6309783
13792000	1788.36	574	2904	57671.03	12.46132	16.114546	211.31342	1.52959
13808000	1815.14	257	3048	57737.11	11.972836	17.578144	307.62585	1.4642805
13824000	1782.88	257	3048	57804.44	11.231028	16.896734	346.4927	1.5538931
13840000	1757.72	257	2768	57870.12	9.790416	16.743874	336.8608	1.351094
13856000	1887.56	240	2768	57936.3	11.377785	21.084259	338.4112	0.98565143
13872000	1914.46	240	3050	58002.77	12.216976	21.24944	267.4722	1.3463866
13888000	1720.34	240	3054	58069.0	12.456564	22.04667	320.22675	1.2139258
13904000	1628.44	240	3041	58135.7	14.440896	23.828138	326.71616	1.6409906
13920000	1990.46	559	3041	58200.6	15.131923	28.679947	389.4549	1.5630634
13936000	2029.94	363	3038	58267.81	14.5720625	23.091633	302.37408	1.4645469
13952000	2041.34	363	3038	58333.5	14.571881	21.74412	299.75037	2.443167
13968000	2115.02	378	3038	58400.7	12.780316	21.015741	332.71127	1.9888117
13984000	2129.68	378	3053	58466.83	13.875494	21.132975	220.69107	1.4021943
14000000	2034.2	378	3053	58532.99	12.238642	20.80278	273.56473	1.6526952
14016000	2025.08	650	2765	58599.6	11.261315	23.391933	340.92892	1.6658964
14032000	2090.92	263	2765	58666.82	11.464306	22.219797	255.8715	1.5538452
14048000	1900.2	263	2767	58732.82	11.715815	20.255058	254.79787	1.505119
14064000	1841.7	257	3033	58799.35	11.065657	19.884537	266.58856	1.5655371
14080000	1739.76	257	3049	58865.84	11.901374	16.614578	192.42953	2.0421526
14096000	1864.94	449	3050	58932.43	11.952378	18.440783	216.92125	1.7559801
14112000	1997.28	389	3050	58998.98	13.658569	19.96322	226.7695	1.8141742
14128000	2020.1	371	2767	59065.6	14.491103	20.503822	225.6593	2.1995935
14144000	2012.54	263	2989	59131.96	13.927181	17.185715	172.56845	2.3876915
14160000	2200.4	983	3049	59198.87	15.497007	21.337051	242.11191	2.1427267
14176000	2115.04	820	3049	59264.98	14.739202	21.8953	230.27051	2.0230572
14192000	1963.4	820	2972	59332.64	12.562729	22.751953	289.4744	1.553929
14208000	2027.16	240	3035	59399.41	14.040524	27.32446	365.90253	2.1450486
14224000	1875.02	240	2769	59465.82	12.523324	21.928616	294.3337	2.2376232
14240000	1886.88	240	2771	59534.02	13.424335	26.699284	294.2313	1.0809344
14256000	2053.36	240	3051	59599.61	14.099186	29.665682	318.44952	1.9564347
14272000	2092.64	240	3051	59666.5	12.803551	26.444962	357.8412	1.9752619
14288000	2071.1	240	3005	59733.75	12.20574	25.208956	341.02637	1.6664499
14304000	2117.3	263	3054	59800.77	13.812601	24.75196	287.65488	1.843467
14320000	1966.82	263	2766	59866.43	13.083629	22.214903	258.4542	1.501719
14336000	2049.42	257	2765	59932.54	11.370923	19.721909	269.70587	2.0256498
14352000	2341.4	257	3056	60000.35	11.911101	22.224586	450.60077	1.3942585
14368000	2309.3	257	3055	60068.56	11.860857	21.281921	238.43028	1.7935259
14384000	2089.26	371	3055	60135.62	10.503772	17.652033	258.52484	1.4055032
14400000	1940.92	371	3023	60202.69	9.944505	16.68661	301.58295	1.6340891
14416000	1945.14	257	3056	60268.07	8.206551	14.964705	293.09964	1.3162961
14432000	2043.24	257	3056	60335.89	9.610141	20.937302	289.8222	1.2748885
14448000	2027.3	257	3051	60403.64	6.5236244	11.064742	186.14485	1.0759933
14464000	1755.72	240	3053	60470.83	6.661892	10.448771	136.55473	1.0710485
14480000	1903.88	240	2832	60538.22	7.7148623	15.052426	256.0301	0.89942825
14496000	2176.68	378	3056	60606.1	7.6017246	14.121367	256.594	0.6310092
14512000	1962.4	358	3056	60672.66	8.943255	14.851446	230.36101	1.1717987
14528000	1683.08	241	3054	60738.95	9.786006	16.625149	235.25027	0.810699
14544000	1709.46	241	3011	60804.74	14.243053	22.391258	291.55307	1.3951563
14560000	1807.78	379	2769	60871.17	14.420697	23.07794	269.0291	1.3789216
14576000	1880.26	379	3053	60937.89	14.157551	22.038054	209.83093	1.5937144
14592000	1972.84	257	3053	61004.96	15.989446	24.670326	291.08676	1.5504974
14608000	1917.86	241	3054	61071.32	17.63532	29.47274	299.23044	1.4749277
14624000	1959.44	241	3054	61137.55	17.18384	28.88849	349.04297	1.9734503
14640000	1911.18	554	3053	61203.44	17.202356	34.997395	474.81512	1.9065766
14656000	1678.36	240	3056	61271.25	17.039038	34.655132	421.79297	1.4627819
14672000	1877.98	240	2790	61337.69	18.884743	36.152935	411.5128	1.5830848
14688000	2048.98	241	2790	61404.94	15.071436	25.384556	285.7976	1.5237598
14704000	1911.22	358	3051	61471.21	18.50403	31.07289	328.38043	1.7249191
14720000	1374.68	241	3055	61536.8	21.225668	36.726006	440.15842	2.0816307
14736000	1513.62	241	2748	61603.09	24.713066	42.94932	467.57413	2.4396818
14752000	1747.88	240	2769	61670.13	20.548828	39.60067	509.82678	1.8237531
14768000	2028.76	240	2861	61736.22	17.297018	31.710638	449.9651	1.7611623
14784000	2096.94	257	2861	61803.12	18.058426	30.213722	293.54858	1.8820194
14800000	1915.0	240	2816	61869.05	17.51082	26.982977	342.52582	2.1595435
14816000	2099.76	240	3046	61934.87	15.77813	30.422318	396.11783	2.134809
14832000	2359.18	985	3050	62002.24	16.65229	34.175583	456.72104	2.2868948
14848000	2288.04	257	3050	62069.43	10.539313	17.528994	244.24124	1.6550097
14864000	2034.5	257	3054	62135.57	11.106957	22.783745	258.1207	1.1834211
14880000	2284.34	388	3043	62201.51	12.0105915	23.447601	357.3285	1.7243938
14896000	2351.34	363	3043	62267.87	10.448328	23.143755	342.37717	1.0139202
14912000	2334.68	363	3047	62334.75	10.064306	21.34247	265.27713	1.3171562
14928000	2386.52	444	3047	62400.69	7.652299	14.481887	281.18372	1.2035631
14944000	2340.5	444	2834	62466.02	8.115316	16.365046	262.77716	1.0432029
14960000	2298.32	257	2833	62532.37	7.8684444	13.684903	245.02637	1.3431442
14976000	2163.8	257	3052	62598.26	6.3565736	12.738293	196.90767	0.9586064
14992000	2324.1	263	3052	62664.12	6.9717274	12.926736	201.55005	1.2146997
15008000	2216.48	263	3043	62730.45	7.113454	15.636508	284.75266	0.87630874
15024000	2169.88	263	3052	62796.37	8.293463	14.411466	159.1325	1.0937328
15040000	2201.2	263	3052	62863.45	8.35613	13.056751	163.5572	1.2618936
15056000	2203.62	257	3049	62930.55	8.701779	14.044731	208.95462	1.0802237
15072000	2404.0	379	3049	62998.79	8.418731	14.579694	161.13332	1.0454595
15088000	2335.14	263	3046	63065.05	7.8940845	13.12237	199.65544	1.0032113
15104000	2143.36	257	2863	63132.04	9.391353	17.539408	267.73755	0.96742445
15120000	2329.94	257	2856	63197.34	9.641305	20.012177	369.7298	1.4357362
15136000	2287.7	257	2856	63263.3	8.081271	13.833137	142.14775	0.70490134
15152000	2212.6	735	2834	63329.34	9.230615	17.09593	236.09142	1.0404525
15168000	2170.08	263	2769	63395.51	10.047012	17.096022	224.5346	1.2391996
15184000	2239.24	263	3053	63462.84	8.808057	14.435995	201.52986	1.0563314
15200000	2286.66	632	3053	63528.52	7.6061964	14.408412	215.16791	0.77303386
15216000	2334.88	632	3044	63594.96	9.9959135	23.212185	349.90906	1.0014888
15232000	1964.16	367	3052	63660.75	10.165858	24.347965	344.36075	0.9083612
15248000	1939.6	367	3052	63727.16	10.4750185	26.29238	462.4575	1.0116584
15264000	2060.72	371	3048	63793.28	10.014663	27.093311	392.70096	0.842492
15280000	2090.18	257	2996	63860.07	11.352025	27.30698	371.48718	0.9642482
15296000	2158.96	257	3051	63927.29	11.523974	26.68138	360.31467	0.7793759
15312000	2311.4	558	3051	63992.7	10.318024	20.401731	251.51657	1.084574
15328000	2377.5	559	3056	64059.04	9.36003	23.583345	412.75378	1.0823008
15344000	2373.16	559	3056	64124.77	7.1141896	13.101171	144.17407	0.6267332
15360000	2282.96	263	3056	64189.87	7.6552954	16.045708	211.14093	0.6109777
15376000	2155.76	263	3054	64256.88	6.018411	10.838011	180.61046	0.8278127
15392000	2183.72	263	2863	64322.69	5.647708	10.931011	196.07547	0.80254287
15408000	2156.2	379	3036	64389.28	5.9434023	10.893195	185.19417	0.70592165
15424000	1984.24	456	3051	64456.9	6.598219	11.754842	163.55214	0.7964309
15440000	1874.42	456	2767	64522.8	8.467898	15.534408	169.57588	0.9589223
15456000	1971.1	456	3000	64590.75	9.007391	13.84116	151.10042	0.88023263
15472000	2179.88	456	3024	64657.24	8.650539	13.155879	163.33415	0.6929485
15488000	2262.76	374	3036	64723.2	9.095653	16.589235	217.2827	1.1985705
15504000	2322.7	263	3053	64789.63	8.521235	12.696053	125.08987	1.3505
15520000	2246.28	263	3053	64855.91	7.7289186	14.375828	306.6106	1.129559
15536000	1982.16	449	2767	64921.86	9.042477	21.77589	298.5353	1.2446069
15552000	1899.34	257	3048	64988.7	10.550869	22.756077	328.2861	1.3061538
15568000	2104.42	257	3048	65054.63	10.395686	20.224869	251.91542	1.2092068
15584000	2229.98	257	3052	65121.41	8.869037	15.802291	198.59827	1.324471
15600000	2184.72	359	3052	65188.91	9.746062	18.031084	334.58047	1.2577925
15616000	2165.4	363	3029	65255.67	10.059338	16.784557	282.62262	1.4526786
15632000	2150.6	363	3029	65321.8	10.265271	18.369642	274.41138	1.3648291
15648000	2289.44	734	3051	65387.02	8.054556	14.1564	159.68127	1.1320566
15664000	2389.68	973	3051	65453.46	8.086898	20.449594	289.70126	0.92487895
15680000	2309.74	390	2975	65520.44	7.086445	15.678269	259.01788	0.69379944
15696000	2326.54	257	2862	65587.63	7.282798	17.80679	241.71526	0.94737124
15712000	2365.04	257	2968	65653.3	5.3785615	13.400643	261.6129	0.7099211
15728000	2236.68	734	3049	65720.25	6.361142	14.536329	190.99265	0.6230571
15744000	2049.4	390	3049	65788.2	5.2557173	10.144702	161.9834	0.84276253
15760000	1947.3	390	3047	65855.41	6.322466	11.376862	158.74965	0.6255599
15776000	2198.68	395	3047	65922.78	5.5430226	9.428308	114.35564	0.77794975
15792000	2229.44	388	3054	65988.95	6.5868874	10.854384	122.009544	0.44703484
15808000	2240.72	388	3054	66054.85	6.3939953	13.328456	246.92252	0.6616741
15824000	2254.3	388	3054	66121.35	6.3517365	13.2611885	207.10446	0.8264104
15840000	2266.64	388	3054	66187.74	6.3565617	13.436158	168.14218	0.6496974
15856000	2346.58	388	3054	66254.59	5.5748343	18.022688	338.13687	0.46549177
15872000	2437.2	554	3054	66321.1	4.9501553	13.804967	281.02585	0.5666721
15888000	2440.36	1074	3052	66387.43	5.4015546	17.84549	260.16754	0.52438337
15904000	2421.0	1074	3053	66454.38	4.7971535	11.392704	122.8661	0.47917515
15920000	2389.96	554	3053	66520.88	3.7809253	9.549618	220.09412	0.442764
15936000	2392.38	240	3053	66587.45	3.9205737	9.56403	203.1962	0.46760172
15952000	2407.14	240	3053	66653.91	3.5147886	6.316574	108.34422	0.3250339
15968000	2352.56	240	3053	66721.18	3.7713041	9.568586	189.06526	0.48422575
15984000	2307.14	371	3054	66788.25	5.2796893	10.859071	164.96315	0.5320745
16000000	2252.3	368	3054	66854.8	6.7101493	16.00092	328.40875	0.6509193
16016000	2329.26	368	3049	66920.77	6.737497	15.656452	209.59499	0.70645285
16032000	2384.32	820	3053	66988.39	7.3744836	16.50391	162.51062	0.6022508
16048000	2275.16	368	3053	67054.72	7.5196733	16.733845	166.55452	0.7172686
16064000	2076.94	368	3053	67121.62	8.8841095	20.960299	241.00278	0.64554876
16080000	2144.62	368	3053	67189.2	11.212173	24.92743	195.21324	0.80968106
16096000	2071.54	240	3050	67255.0	8.478256	19.96301	167.4903	0.6983329
16112000	2014.0	371	3054	67321.44	10.172645	24.62869	266.06143	0.77632844
16128000	2114.96	368	3054	67388.1	11.374199	22.718676	217.3406	0.8960785
16144000	2278.16	368	3054	67455.14	8.97942	17.984364	184.51088	0.9862404
16160000	2106.3	444	3054	67522.05	9.816435	19.62598	239.38235	0.7512777
16176000	2062.36	444	3022	67588.25	9.997467	20.276821	272.1462	1.067262
16192000	2096.4	444	3028	67655.14	9.52118	15.039233	186.71979	1.154118
16208000	2097.2	444	3049	67721.81	8.946041	15.779981	256.53076	1.0819517
16224000	1947.92	365	3017	67788.37	11.148135	22.808893	312.3859	1.4038408
16240000	1815.04	365	3044	67854.94	9.926813	17.742493	246.75879	1.3158481
16256000	1695.32	365	2827	67922.85	12.172877	17.842106	256.58044	1.3032627
16272000	1880.66	365	3047	67989.27	15.039756	23.502413	206.46992	1.1157899
16288000	1985.32	444	3001	68055.98	14.116994	21.6001	251.09703	1.9222498
16304000	2232.16	371	3050	68123.47	15.381554	22.18575	211.83319	1.7149122
16320000	1988.36	240	3051	68190.37	17.342583	26.559011	442.237	2.2119017
16336000	2041.74	241	3048	68256.1	17.329199	25.18653	220.39072	2.0469127
16352000	2109.86	241	3048	68322.46	15.3428	22.776402	291.88657	1.6838549
16368000	2058.02	241	3047	68388.23	12.231865	18.457048	202.53732	1.5021307
16384000	2096.36	553	3047	68455.31	12.037432	15.6306095	156.08868	1.7390778
16400000	2062.8	553	3035	68522.21	11.608383	17.860651	229.54056	1.3910155
16416000	2310.94	553	3034	68588.36	9.132121	14.7597475	186.61777	1.3521643
16432000	2088.16	444	3034	68656.92	6.2212086	10.129134	179.66528	0.93695164
16448000	1763.56	371	2767	68723.6	8.172602	13.114446	147.40709	1.0577049
16464000	1702.36	371	2764	68791.23	9.405574	15.107262	222.4943	1.1933454
16480000	2058.84	444	3050	68857.81	9.619284	13.508707	147.7722	1.1190722
16496000	1879.0	443	3048	68923.86	13.712699	23.025913	278.5038	1.1641197
16512000	1763.56	443	2973	68989.9	16.548445	23.830551	391.32922	1.7111157
16528000	1987.08	388	3026	69057.11	19.036383	32.180695	404.3277	1.9050391
16544000	2126.44	444	3026	69123.81	20.284477	31.38584	393.92932	2.0885332
16560000	2087.36	444	3055	69189.94	15.825251	26.32867	382.1389	1.1870408
16576000	1961.4	388	3055	69255.57	17.690933	31.031662	304.7851	2.2317681
16592000	2072.62	388	3040	69321.99	15.280313	22.559181	371.6885	1.4830724
16608000	2144.28	731	3053	69389.14	11.945344	17.115759	200.98709	1.4947428
16624000	1980.32	372	3053	69456.13	12.708924	18.514132	272.67722	1.5543009
16640000	2224.54	372	3051	69522.03	11.66781	17.65085	241.5382	1.6981249
16656000	2425.58	961	3050	69589.61	11.105374	14.886873	190.94754	1.5286796
16672000	2429.92	733	3050	69655.45	9.487628	15.801584	260.7559	1.1877148
16688000	2442.92	371	3050	69722.23	7.622503	9.722075	138.34274	0.9446635
16704000	2470.44	371	3050	69788.34	7.5707293	10.676618	177.976	1.0468922
16720000	2212.54	444	3049	69855.97	6.552362	11.932062	233.5436	1.0896063
16736000	2078.66	444	3051	69923.11	6.0447445	9.337028	143.43073	1.0260168
16752000	2320.62	731	3051	69989.38	5.9708257	9.02713	126.64492	0.86678904
16768000	2354.46	978	3050	70054.97	6.366202	12.864489	192.68817	0.7362204
16784000	2315.2	257	3047	70122.18	5.1758018	6.571307	80.1366	0.8723459
16800000	2239.26	257	3036	70188.19	5.862699	10.563197	195.24687	0.61024356
16816000	2332.84	257	3048	70254.84	5.0390563	11.122065	208.67575	0.69103205
16832000	2338.22	731	3048	70321.2	7.012757	14.819326	252.57184	0.962225
16848000	2365.16	731	3042	70387.19	4.9515305	8.690799	163.27328	0.87166095
16864000	2427.02	632	3040	70453.16	5.4269357	12.40989	254.8681	0.8120763
16880000	2363.28	257	3050	70518.76	5.2239237	10.459505	163.67183	0.7771532
16896000	2022.3	257	3048	70584.75	6.6171303	11.308978	137.27649	0.68218035
16912000	2213.82	371	3053	70651.36	7.792123	11.314936	120.83982	1.089791
16928000	2321.6	444	3053	70718.7	8.464235	19.162024	346.67923	1.1421766
16944000	2246.7	371	3054	70784.3	7.4715796	17.644217	361.86896	1.1039544
16960000	2201.08	371	3054	70850.43	7.278158	12.912971	203.56879	1.0176308
16976000	1941.08	257	3053	70917.71	10.344635	19.377089	299.05103	1.279973
16992000	2254.74	257	3053	70983.93	9.721726	24.114822	368.63092	0.85981584
17008000	2497.16	416	3049	71049.83	8.07535	13.460395	183.85341	1.1143813
17024000	2378.82	554	3049	71115.32	8.445062	15.237834	218.31802	1.0868547
17040000	2264.1	257	3047	71180.39	6.3066425	8.623134	100.3381	0.9935895
17056000	2270.34	257	3048	71244.96	7.292953	15.641116	236.46828	0.8441998
17072000	2176.04	257	3048	71311.11	8.431678	19.528587	271.46893	0.8872324
17088000	877.22	371	2991	71375.97	7.9048605	15.692627	252.00124	0.7981007
17104000	1695.42	368	3051	71441.11	12.700795	24.630138	320.30084	1.0663632
17120000	1800.36	242	3051	71505.96	11.953938	21.372517	240.4698	1.2104197
17136000	1852.86	242	3051	71571.56	16.840899	30.006672	317.8083	1.769649
17152000	2190.26	404	3051	71636.61	15.348182	25.276663	287.81927	1.9017717
17168000	2270.16	404	3051	71702.45	15.366127	25.785276	243.44354	2.387523
17184000	2233.12	429	3053	71768.1	15.274735	25.526688	268.7277	1.6950768
17200000	2168.68	444	3050	71834.75	14.278398	25.863243	396.6767	2.120914
17216000	2276.18	816	3050	71899.65	11.157107	18.64316	258.3898	1.7113826
17232000	2201.36	410	3052	71964.52	11.005374	22.426758	324.1282	1.6029255
17248000	2331.28	410	3052	72028.57	8.357493	14.508536	225.7011	1.2979746
17264000	2309.96	961	3051	72093.71	7.9991684	15.221533	252.47362	1.2431161
17280000	2148.54	554	3051	72160.06	8.23685	14.919717	208.4501	1.3065622
17296000	2185.06	554	3051	72224.07	7.5860376	20.702904	484.7088	0.81097484
17312000	2298.74	711	3042	72288.68	6.32629	13.153261	198.9207	0.676476
17328000	2147.66	445	3042	72354.0	5.6334767	8.948548	135.7233	0.8066214
17344000	2025.2	445	3042	72419.21	7.4321713	19.33823	301.65088	1.0007077
17360000	2235.12	810	3049	72484.48	6.5710187	12.592372	189.76863	0.87306577
17376000	2216.44	968	3049	72549.83	7.9050994	16.132301	226.19504	0.89494616
17392000	2096.02	554	3041	72615.28	8.70149	15.919185	220.20444	1.3100278
17408000	2127.7	258	3052	72679.19	8.129097	15.464567	238.98245	1.112412
17424000	2047.54	258	3052	72744.91	8.213216	19.52844	427.0538	1.2302613
17440000	1890.12	257	3048	72811.15	7.10984	12.349519	175.26962	0.8746758
17456000	1825.0	257	3044	72877.47	8.975297	18.707027	233.35828	1.0930938
17472000	2087.22	554	3046	72942.58	8.758061	18.034891	320.05017	1.0287572
17488000	2276.96	711	3046	73007.01	8.809254	14.1420355	214.9592	0.9987692
17504000	1902.42	257	3039	73072.34	8.95434	15.1448145	238.44618	0.96662897
17520000	1963.64	257	3048	73136.74	9.247029	15.450583	199.11008	0.9238612
17536000	2154.4	368	3051	73202.32	9.645273	14.668453	152.23529	0.9112587
17552000	2271.12	368	3051	73267.75	9.45947	16.216387	288.64563	1.4201832
17568000	2293.78	444	3051	73335.25	12.289514	22.110119	245.48506	1.4145263
17584000	1924.7	257	3049	73400.26	12.656076	20.48217	256.36395	1.5961608
17600000	1710.66	444	2958	73465.16	13.2428665	21.829847	245.2958	1.519743
17616000	1521.52	366	2814	73530.09	15.704222	26.744743	358.25107	1.6210997
17632000	1465.1	366	2819	73595.38	15.44647	20.453264	252.93872	2.3777823
17648000	1665.7	444	3038	73661.21	19.16542	26.190334	219.39876	1.0047555
17664000	1650.28	257	3038	73729.13	19.917946	26.353966	249.18384	1.5903256
17680000	1827.74	257	2829	73795.65	19.130707	23.940928	208.5636	2.0944736
17696000	2241.42	444	2773	73862.52	19.213446	25.609755	272.42767	2.0632179
17712000	2274.64	444	2773	73930.54	17.557114	27.728481	291.4051	1.9662976
17728000	2273.56	444	3013	74000.73	17.08852	28.856653	349.68723	1.4284332
17744000	2391.6	556	3046	74068.11	12.44175	20.951874	209.61217	1.4155056
17760000	2099.16	346	3042	74136.86	11.420525	19.909882	192.25783	1.0548354
17776000	1905.2	346	2768	74203.32	11.674539	18.746773	245.5514	1.4900596
17792000	2148.52	379	2768	74269.01	9.840575	13.924064	196.16272	1.2722528
17808000	2232.8	378	2766	74336.02	10.916507	17.5588	223.30751	1.035737
17824000	2174.58	378	2859	74403.96	10.979347	16.196684	206.16553	1.6096735
17840000	2087.1	240	3051	74470.68	13.1480255	20.003428	214.65118	1.7097287
17856000	1789.48	240	3051	74538.35	15.563474	24.079378	255.1008	1.387821
17872000	1967.84	240	2826	74605.98	10.597198	15.488699	282.96353	1.312453
17888000	2308.38	445	3026	74671.69	9.396024	15.151494	196.53645	1.3254712
17904000	2249.48	445	3029	74744.83	9.2412405	12.939405	160.18076	1.1080282
17920000	2098.74	379	3047	74809.42	8.617805	13.414547	146.55716	1.4802827
17936000	2010.96	379	3051	74876.72	8.329315	12.428956	160.85085	1.1747286
17952000	2070.1	366	3051	74944.79	8.3562565	12.819463	182.4982	1.213649
17968000	2086.7	257	3049	75014.16	8.274761	13.079928	190.49681	0.96689886
17984000	2078.84	257	3049	75082.68	8.899235	15.789614	172.603	0.92393255
18000000	1950.76	379	2860	75151.1	10.310133	17.919495	165.43146	0.8248883
18016000	2063.24	240	2862	75224.81	9.531578	15.07194	155.82121	0.8347445
18032000	2105.6	240	2862	75298.24	7.800088	13.284131	174.73161	0.92765415
18048000	2125.64	240	2831	75372.29	8.098615	14.244075	208.90166	1.000664
18064000	2148.3	632	2831	75446.87	7.1638837	10.954854	119.36019	0.9815626
18080000	2158.34	257	3037	75517.47	7.2077665	13.797979	219.40578	0.9228082
18096000	2108.64	257	3037	75586.7	7.1006947	10.055366	123.81272	1.090034
18112000	2245.98	444	2830	75654.47	6.0565443	8.006144	123.73786	0.9578129
18128000	2507.66	456	3052	75723.23	5.768419	8.280641	104.97641	0.85007465
18144000	2487.06	257	3052	75791.49	6.1819725	9.7449665	103.25211	0.6834834
18160000	2384.3	257	3049	75859.75	5.213326	8.309178	132.53137	0.6367531
18176000	2395.28	820	3050	75928.76	4.513783	6.407598	79.35988	0.5641514
18192000	2463.32	820	3050	75997.32	3.5100563	5.2436705	84.369705	0.4471233
18208000	2376.56	394	3040	76066.91	4.1582685	9.937432	189.51387	0.591688
18224000	2362.2	366	3051	76135.45	4.2959647	10.746487	222.92973	0.47014153
18240000	2399.88	366	3051	76204.75	5.286902	13.430173	221.128	0.6121295
18256000	2371.8	366	3051	76275.22	5.266731	12.266598	192.49286	0.76216775
18272000	2277.5	257	3051	76344.51	6.0630293	16.319302	251.27682	0.7378232
18288000	2072.88	257	3041	76412.64	7.1073594	15.581857	274.22064	0.68476963
18304000	2105.84	366	3041	76481.55	7.2843127	15.130316	237.31046	0.85401535
18320000	2101.48	366	3034	76550.09	7.381579	14.757555	230.01303	1.0239418
18336000	2160.24	366	3031	76618.81	9.344248	26.93686	446.6215	0.9783013
18352000	2170.88	366	3031	76687.45	9.845551	23.08137	282.21982	1.0318643
18368000	1814.54	366	2974	76755.89	10.929853	21.47797	242.12616	0.9830649
18384000	1563.52	454	3054	76824.89	11.814066	21.828407	263.35806	1.2671704
18400000	1539.24	552	3054	76893.85	16.377813	27.007334	256.8601	1.4585607
18416000	1841.58	366	2766	76960.6	18.575548	31.305662	329.5065	1.2019296
18432000	1926.18	366	3048	77028.4	17.01986	26.804722	259.1856	1.4401218
18448000	1890.48	366	3054	77098.23	16.87342	28.033583	281.80896	1.5339191
18464000	2214.16	554	3054	77167.23	16.433332	26.28003	217.31508	1.4499624
18480000	2285.22	554	2861	77234.22	17.0165	27.689579	276.1062	1.255521
18496000	2161.6	554	3041	77300.99	13.349317	22.206442	292.53275	1.5328912
18512000	2223.24	444	3041	77366.39	10.90707	15.905685	207.64505	1.3529903
18528000	2292.04	444	3032	77433.17	9.293203	14.26666	226.98001	1.2556059
18544000	1894.24	444	2787	77500.03	11.230329	19.006054	233.08856	1.6890142
18560000	1677.36	444	2767	77565.32	13.798858	25.738874	349.05353	1.9168389
18576000	1821.82	263	2768	77631.86	14.92555	24.470232	333.33	1.6777561
18592000	2098.92	263	3049	77697.01	13.607874	20.192217	277.6215	1.6124873
18608000	2213.7	258	3049	77762.62	12.48045	20.70683	323.1124	1.4701263
18624000	1994.68	258	2822	77829.25	13.70173	20.4032	264.67606	1.4341292
18640000	1912.32	542	3026	77894.28	14.8314905	21.944302	280.52005	1.6769068
18656000	1959.76	445	3026	77959.9	12.568115	20.293976	355.935	1.2002132
18672000	1875.98	366	3033	78025.93	11.527101	19.62253	247.70175	1.4562016
18688000	1950.82	366	2988	78091.41	13.864007	26.236872	277.27478	1.7026292
18704000	2434.32	576	3037	78156.78	11.14819	19.291365	322.8718	1.5913413
18720000	2276.5	379	3037	78223.33	11.741821	25.836914	443.81937	0.92448354
18736000	1953.36	257	2832	78289.08	9.792376	18.278896	232.3243	1.164107
18752000	1830.18	257	3033	78354.6	10.766922	21.7584	217.41817	1.0162523
18768000	1741.76	444	2842	78419.28	13.146923	24.386986	316.1106	1.4919031
18784000	1924.6	366	3046	78485.06	11.322382	19.845425	217.00366	1.2783966
18800000	2137.6	366	3046	78551.35	13.167169	25.066454	268.13495	1.4478114
18816000	2156.74	544	3038	78617.48	12.198338	21.135386	251.64052	1.3568835
18832000	2227.64	444	3052	78682.59	11.751833	21.717392	245.01611	1.517543
18848000	2047.58	444	3052	78747.69	10.375445	17.882038	199.62373	0.80514956
18864000	1973.32	385	3038	78813.19	9.360342	15.707106	215.2042	1.4346246
18880000	2037.98	385	3046	78878.4	10.037489	16.329317	221.4828	0.8893322
18896000	2074.46	449	3046	78944.05	10.216009	17.92132	207.30858	1.4096146
18912000	2219.46	449	2832	79010.19	9.984107	15.730566	266.23865	1.2374365
18928000	2185.94	378	3030	79076.56	9.573584	13.775747	186.81563	0.71339154
18944000	2215.32	378	3053	79141.74	11.116724	21.57636	301.04767	1.1455464
18960000	2148.0	378	3053	79207.2	9.724381	19.870972	252.51422	1.1213498
18976000	2175.66	366	3053	79272.64	8.287685	15.027274	223.0203	1.2118355
18992000	2124.26	257	3053	79338.47	8.593143	17.531433	262.41312	1.1731973
19008000	1980.4	257	3040	79404.04	10.419475	21.825253	243.77802	1.3665178
19024000	1993.56	388	3040	79470.26	11.293237	20.403717	214.29712	1.3478181
19040000	2023.68	427	3040	79536.06	8.699754	16.959766	330.09808	0.74934673
19056000	2152.68	366	3050	79601.96	8.989924	18.481062	207.26474	1.1430058
19072000	2179.84	366	3050	79667.23	9.418235	17.799362	262.66544	0.9858628
19088000	2250.18	366	3050	79733.24	7.160161	12.283855	162.15076	0.8476259
19104000	2219.7	366	3049	79798.05	8.3671875	16.80912	254.90192	0.9735156
19120000	2258.02	366	3049	79863.31	5.763142	10.883889	159.31071	0.5510427
19136000	2416.76	366	3049	79929.41	6.2593274	13.430199	245.93953	0.80652314
19152000	2512.66	630	3050	79995.67	6.3287144	11.843402	164.57358	0.66226804
19168000	2335.18	619	3051	80061.25	8.260508	16.848463	225.58806	0.70432985
19184000	2184.14	619	3051	80126.25	8.702415	16.30462	194.42503	1.0091727
19200000	2051.2	379	3051	80192.45	9.310018	16.995382	216.96835	1.0483916
19216000	1996.18	240	3052	80258.14	11.0194645	23.536802	295.26898	1.1374202
19232000	2242.44	240	3053	80323.41	9.68851	18.797796	232.66023	1.0518987
19248000	2304.24	240	3053	80388.33	12.556443	25.02187	287.9729	1.3247323
19264000	2207.88	818	2767	80453.85	10.933594	21.505545	334.2925	1.3605113
19280000	2256.68	366	3053	80519.1	10.060459	20.264734	289.18857	1.0489936
19296000	1968.52	366	3052	80585.18	9.969851	22.175877	407.1446	1.3102832
19312000	1967.6	366	3047	80651.19	13.605517	28.902205	424.65616	1.5140328
19328000	1883.42	257	3049	80717.38	14.602733	30.437843	434.69458	1.7373531
19344000	1933.84	257	3033	80783.77	11.659718	21.08325	243.87288	1.1819628
19360000	2155.88	257	3033	80849.3	13.724387	29.37165	376.53442	1.3122047
19376000	2432.08	257	3051	80915.14	13.298228	29.50319	389.2066	1.0316206
19392000	2401.5	366	3051	80980.45	11.385369	21.444141	259.9384	1.4045784
19408000	2152.98	366	3051	81046.47	11.831019	28.883793	376.98087	1.1561382
19424000	1980.0	257	2766	81111.56	10.03816	19.712578	204.12933	1.1515952
19440000	2168.8	257	2766	81177.43	9.541791	20.271606	269.0505	0.9710053
19456000	2368.32	257	3051	81242.25	8.694133	18.204603	276.6757	0.9101457
19472000	2267.76	549	3053	81308.89	9.327461	20.67391	300.97165	0.89153796
19488000	2309.94	549	3053	81375.56	7.963752	20.008007	279.11975	0.8191931
19504000	2315.5	366	3047	81441.84	7.7190914	16.473799	223.86296	0.8132974
19520000	2249.62	366	3044	81507.72	8.461238	18.095787	322.9982	1.1715842
19536000	1920.2	257	3046	81574.17	10.316506	20.463364	247.65936	1.0909835
19552000	2026.96	448	3046	81640.45	10.584199	20.832855	268.2198	1.6724265
19568000	2280.3	366	3053	81706.21	10.219642	20.160378	238.87674	1.4309168
19584000	2292.02	959	3050	81771.26	10.858328	24.01175	352.40305	1.5286882
19600000	1976.22	439	3035	81836.21	11.501047	22.915966	284.22278	1.4467863
19616000	2044.52	445	3035	81902.31	10.980754	22.512644	260.7508	1.1953677
19632000	2160.78	733	3050	81966.86	11.570934	23.486746	287.09125	1.6330484
19648000	2062.44	632	3049	82033.03	10.48056	16.615288	189.7438	1.4056823
19664000	2155.44	632	3044	82099.51	11.488618	22.576008	264.47363	1.4665792
19680000	2186.2	366	3053	82164.39	10.039185	19.07558	257.1864	0.99593997
19696000	2309.08	366	3053	82230.14	9.297861	15.159396	217.39189	1.1604754
19712000	2267.0	366	3043	82296.03	7.5611596	13.317101	303.43356	1.0757034
19728000	2265.88	387	3051	82361.98	6.6435304	12.393136	233.20422	0.7251801
19744000	2059.12	240	3051	82427.78	5.6687446	11.583305	190.54865	0.6958393
19760000	1726.62	240	3048	82494.15	7.688087	17.50161	240.53648	0.7672137
19776000	1923.78	240	3048	82559.75	8.024658	16.611046	255.13597	0.77070606
19792000	2101.04	366	3053	82624.71	7.331826	12.73829	182.20168	1.0148759
19808000	1908.2	240	3013	82690.27	10.47169	22.916533	310.35977	1.1215516
19824000	1558.1	240	3045	82755.5	14.527113	26.417141	320.9236	1.5202184
19840000	1497.84	240	3045	82822.03	13.573264	19.505123	238.97743	1.4822543
19856000	1738.36	240	3017	82887.37	17.928934	28.256123	296.47177	1.7582061
19872000	1627.62	241	3046	82952.89	17.91502	32.35218	334.44574	1.8866675
19888000	1580.66	240	3046	83018.44	20.431997	32.553925	306.24246	2.2166123
19904000	1833.0	240	3013	83084.1	23.037617	36.58022	373.36874	2.1723685
19920000	1906.34	368	2773	83150.81	20.252598	30.253761	403.05737	2.3654108
19936000	1523.5	368	2968	83216.06	21.283653	39.635452	540.65515	2.1629133
19952000	1644.9	368	2963	83282.52	17.340258	30.68639	385.0527	1.7049003
19968000	1475.58	366	3042	83348.43	19.383532	32.53211	351.90976	1.8901869
19984000	1518.16	241	3042	83414.44	22.090302	37.30151	362.86517	1.1792223
20000000	1537.7	241	2765	83479.5	20.90991	36.153942	378.58276	2.269443
