TotalEnvInteracts	AverageEpRet	MinEpRet	MaxEpRet	time	Averageloss	Stdloss	Maxloss	Minloss
16000	489.82	105	1149	58.14	0.37917954	0.26711044	2.0809124	0.05267965
32000	424.67	105	1216	122.88	1.5037929	0.9535429	6.553638	0.2291336
48000	482.37	105	1094	194.13	3.372171	1.7718142	14.6734085	0.8479855
64000	426.83	111	1037	265.33	5.018333	2.860476	19.598839	1.0230117
80000	404.34	111	1210	335.46	6.2432666	3.392422	19.461077	0.83804286
96000	402.5	111	1089	406.09	7.3411903	4.210873	27.66401	1.5014701
112000	324.44	111	1075	478.97	8.292935	4.7872005	42.994377	1.4825864
128000	402.97	111	1032	551.28	9.280758	5.1720724	37.248604	1.7955173
144000	397.03	113	1080	624.3	9.683466	5.604824	37.549286	1.7303743
160000	398.2	113	1010	697.14	9.318336	5.695914	41.18568	1.4287553
176000	502.02	120	1068	770.32	8.955236	5.509523	39.819004	1.7035508
192000	488.84	120	1022	843.31	8.07506	4.881486	38.149986	1.2349242
208000	542.76	120	1083	915.68	7.5189824	5.107278	36.15565	1.4213383
224000	594.91	120	1010	988.74	7.101361	4.5765457	33.737427	1.6464043
240000	644.3	120	1052	1061.84	6.765596	4.117804	39.972187	1.348507
256000	638.6	120	1017	1133.75	5.7303486	3.621009	32.341484	1.1373823
272000	617.72	120	1017	1207.58	5.2318006	3.5598903	43.076534	0.868917
288000	638.33	120	966	1281.61	4.7519584	3.3436458	33.81504	1.0807132
304000	675.68	120	842	1354.99	4.121687	2.9108968	24.383842	0.8040768
320000	646.26	120	1014	1429.75	4.0556583	2.7570586	21.684444	0.6572843
336000	654.48	120	1182	1503.47	3.9792645	2.538459	30.58624	0.7637898
352000	728.51	120	1510	1576.58	4.0354013	2.491055	18.277948	0.5206392
368000	779.83	194	1543	1650.72	4.1866045	2.6306977	38.621952	0.5980494
384000	756.8	194	1543	1724.18	4.1012	2.654401	31.69246	0.52395535
400000	689.51	120	1210	1798.08	4.3021536	3.006024	31.402102	0.5767616
416000	680.18	120	1068	1871.26	4.1965513	2.9867527	18.131706	0.41022295
432000	690.1	120	1068	1945.36	4.3031793	3.427775	26.637728	0.6947698
448000	709.77	120	827	2019.25	4.172559	3.4813151	21.171663	0.51820946
464000	712.73	27	837	2092.92	4.013247	4.0945535	29.724472	0.5139584
480000	738.11	120	851	2165.89	3.97633	4.41366	34.184055	0.3744403
496000	781.7	120	1207	2239.45	4.8023553	5.457975	35.011513	0.46721503
512000	782.28	120	1207	2313.53	5.36425	6.37813	39.460697	0.52305454
528000	756.75	120	1207	2388.0	5.7145615	7.2365847	58.973564	0.65185475
544000	724.86	120	1038	2460.9	5.541293	7.30514	64.9363	0.61502564
560000	791.82	120	1216	2534.57	6.4008694	8.485005	64.78308	0.63150823
576000	747.28	120	1216	2608.25	6.3779354	9.1372595	59.804962	0.49784827
592000	745.08	-133	1216	2681.92	5.6076493	8.896735	72.516235	0.45720404
608000	656.11	-133	1066	2755.55	5.2332616	8.535403	58.397476	0.3868867
624000	762.26	-133	1189	2829.59	5.9595466	9.740008	76.441864	0.34944645
640000	775.92	27	1189	2903.19	5.6965	9.188702	68.84366	0.3608541
656000	684.38	120	1199	2977.67	5.9582787	9.586923	82.99466	0.3611042
672000	537.4	120	1524	3050.77	6.6382704	9.705565	54.230732	0.55082566
688000	411.21	120	1275	3127.86	6.9775925	9.167655	66.69998	0.52570134
704000	793.42	120	1275	3203.97	8.782134	10.506259	66.99324	0.77870107
720000	764.48	120	1216	3298.79	7.9648886	9.277301	52.53134	0.7981547
736000	775.22	120	1526	3372.65	7.706635	8.995864	70.368706	0.83322
752000	807.6	120	1905	3446.45	7.4874363	7.8604035	49.58164	0.6099302
768000	816.75	120	1092	3521.12	7.0427847	7.291228	47.09717	0.6850248
784000	805.4	120	1033	3595.57	6.623613	7.4522314	60.630806	0.45696315
800000	787.53	120	1275	3669.34	6.1040635	6.5359745	38.64405	0.49590856
816000	809.44	120	1453	3743.17	5.290087	5.1511874	34.58934	0.48386896
832000	838.2	120	1711	3816.9	5.000448	5.0242424	36.269993	0.5101315
848000	847.41	771	1717	3891.05	4.27809	4.182191	30.791172	0.50116074
864000	809.38	120	1233	3965.61	3.663964	3.5362508	30.34829	0.49531102
880000	806.06	120	1515	4038.13	3.2792406	2.9424665	23.512562	0.3657221
896000	811.27	120	1515	4111.99	3.685493	3.717649	37.372753	0.486266
912000	825.52	403	1214	4185.23	4.1082644	4.0880013	35.92133	0.47783482
928000	838.14	120	1720	4259.04	5.090593	5.2492404	38.980255	0.58844376
944000	824.0	120	1657	4332.5	5.7871766	5.4007206	33.126503	0.48174083
960000	836.94	120	1772	4406.7	6.033203	6.2641883	51.88926	0.47983074
976000	837.67	120	1834	4480.54	6.1774135	6.888394	58.738094	0.59369767
992000	846.62	629	1821	4554.67	6.3170614	6.8322444	48.207947	0.5236161
1008000	834.95	756	1810	4628.31	5.6211257	6.290532	53.42331	0.43269092
1024000	863.7	120	1811	4702.0	5.2025056	5.589008	43.771534	0.4057808
1040000	889.85	774	1837	4775.71	5.3237286	5.9113135	48.547234	0.45989305
1056000	885.53	120	1616	4849.62	5.358951	5.7150154	54.726883	0.44728348
1072000	815.04	120	1213	4923.45	5.5185995	5.833234	41.12721	0.43871027
1088000	840.86	120	1976	4997.53	5.6261525	5.773771	44.08767	0.5470672
1104000	856.32	717	1224	5070.99	6.0606666	6.515456	60.198093	0.43218598
1120000	827.74	120	1462	5145.08	5.9706225	6.113097	45.372326	0.5334441
1136000	831.85	120	1796	5218.6	6.6864004	7.590335	59.98375	0.6109354
1152000	813.5	120	1796	5292.4	6.0925183	6.449495	41.741623	0.61445737
1168000	877.75	120	1798	5366.16	6.36617	6.4513545	51.94289	0.7213858
1184000	884.21	120	1827	5439.55	7.0063663	7.664507	63.09948	0.6758208
1200000	859.87	120	1784	5514.49	5.9017706	6.1095185	61.886032	0.57507086
1216000	905.02	120	1839	5587.48	6.00984	6.1142564	44.033997	0.58885384
1232000	901.66	120	1825	5660.89	5.668627	5.8555675	45.196213	0.6464991
1248000	877.32	559	1837	5734.36	6.4501414	6.801372	47.68148	0.73177004
1264000	892.78	688	1811	5808.08	5.9907365	6.613415	53.007854	0.49345776
1280000	1013.24	120	1999	5881.82	6.2206593	6.911477	43.971798	0.46064976
1296000	979.59	120	1839	5954.95	6.842875	7.2530804	43.83291	0.5607816
1312000	963.21	120	1838	6028.33	8.164084	8.698948	59.644257	0.81658995
1328000	976.71	274	1837	6101.88	8.428428	9.260897	66.66579	0.69019735
1344000	990.56	120	1838	6175.22	8.430658	9.326609	63.709095	0.80362046
1360000	1094.77	120	1838	6248.81	8.541914	8.864562	58.457054	0.69845617
1376000	1050.87	120	1837	6322.12	9.155762	8.77458	58.9386	0.7666706
1392000	964.1	120	1819	6395.6	8.497135	8.475738	86.26498	0.84035575
1408000	1042.82	120	1825	6468.91	8.173033	7.502821	46.573303	1.0567118
1424000	1022.22	120	1833	6542.24	7.976275	7.722843	68.55157	0.6576818
1440000	1064.52	582	1835	6615.09	8.187522	7.673913	58.239	1.0205241
1456000	1009.9	120	1836	6688.6	7.7343116	7.1734858	56.11669	0.9221893
1472000	991.15	120	1833	6762.13	7.4371433	7.116849	46.720505	0.8511105
1488000	989.75	120	2021	6835.27	8.353975	7.521809	55.634155	1.0281273
1504000	900.48	120	2132	6909.12	7.5648565	6.8635216	62.33145	0.9173336
1520000	1006.88	120	1995	6982.62	7.7458463	7.2911196	70.842674	0.82799697
1536000	1045.07	582	2022	7056.02	7.261677	6.7996683	73.59674	0.8205995
1552000	1043.12	120	2000	7129.22	7.487261	7.5566244	68.72647	1.0172029
1568000	894.86	120	1839	7202.6	8.063998	8.023366	58.52118	0.9415209
1584000	951.14	120	2001	7276.01	7.6875944	7.485681	71.318855	0.84419054
1600000	998.24	120	2164	7349.68	7.3371286	7.117925	70.85132	0.9204151
1616000	986.38	120	2164	7423.36	7.225751	7.48619	70.54045	0.96549255
1632000	1033.31	120	1836	7496.96	7.0430427	8.526765	91.297646	0.90320516
1648000	1095.69	120	2111	7570.21	6.8183975	7.029988	80.82669	0.8501654
1664000	1142.39	589	2111	7643.76	6.9003544	6.7155433	57.926926	0.9661035
1680000	1229.54	120	2172	7717.32	6.930299	7.487937	68.877014	0.7440138
1696000	1192.81	120	2172	7790.8	6.181516	6.21266	58.22306	0.9718431
1712000	1299.83	120	1989	7864.07	6.35546	6.8204684	106.95741	0.9563806
1728000	1295.6	120	1999	7937.5	6.6177545	6.3678193	67.64497	1.0004869
1744000	1170.18	120	1999	8011.02	6.6174793	6.0439234	59.378902	0.761419
1760000	1208.51	120	2015	8084.73	7.009161	7.587409	107.28449	1.1439316
1776000	1097.47	288	2015	8158.54	7.8591433	8.529919	79.95207	1.0687261
1792000	1139.56	743	2118	8232.22	8.0717535	9.189797	90.99387	1.036438
1808000	1155.14	120	2118	8306.05	7.771377	10.87003	224.32632	1.0789274
1824000	1281.7	120	2019	8379.49	7.4410725	9.264729	91.476425	0.9821984
1840000	1080.06	776	2019	8452.96	6.876873	6.98309	79.070885	1.0124364
1856000	917.21	120	1837	8526.78	7.1415353	7.8761535	100.608505	1.0959835
1872000	993.01	120	1838	8600.09	7.262534	7.281615	73.66179	1.0537766
1888000	943.2	120	1836	8673.52	7.0980897	6.999669	77.52072	0.89821994
1904000	839.57	120	1836	8747.1	7.039413	8.096514	136.26366	0.973204
1920000	1044.42	120	2132	8820.83	6.3199873	5.880918	72.781555	0.952535
1936000	1188.25	120	2134	8894.41	6.24757	6.0124416	81.64163	0.66127944
1952000	1234.44	120	2134	8967.8	6.5638537	7.0062637	99.60025	0.863522
1968000	1121.7	120	2154	9041.36	5.60951	5.3440013	88.77651	0.8609576
1984000	1078.69	120	2350	9114.9	5.5273113	4.2116685	40.633286	0.83481264
2000000	1087.81	120	2350	9188.42	6.0620303	5.3999796	68.63475	0.92852294
2016000	1055.99	120	2344	9261.89	6.5283575	6.5051436	93.50948	1.0315561
2032000	1155.19	582	2344	9335.2	6.597753	6.2189245	65.84447	1.0143354
2048000	1009.73	120	2162	9408.9	5.870537	5.2719355	63.2025	1.0167665
2064000	1141.94	120	2186	9482.22	6.8600607	7.357669	79.72589	0.95610815
2080000	1261.07	120	2349	9555.52	6.675829	6.1301346	66.51535	0.7179177
2096000	1238.94	582	2349	9629.0	7.3569956	7.612571	86.34005	1.300202
2112000	1189.89	120	2352	9702.21	6.972442	6.447034	64.56288	0.813622
2128000	1154.73	120	2148	9775.55	7.4499583	7.871409	119.51236	0.9694391
2144000	1134.26	120	2191	9848.91	7.4333797	7.7990313	79.201126	1.2004496
2160000	1138.04	582	2165	9922.49	7.1003213	7.0934124	75.870636	1.2126217
2176000	1149.56	120	2170	9996.48	6.9724684	5.8364453	74.08386	1.261864
2192000	1125.97	582	2348	10069.66	6.8151417	6.523733	80.94881	1.0380708
2208000	1201.54	381	2351	10143.39	7.3899283	7.3994384	81.61713	1.2618254
2224000	1290.27	120	2351	10216.68	7.1484056	6.703798	81.47797	1.1907232
2240000	1252.16	120	2194	10289.78	6.8949513	5.5477576	47.264877	1.3560003
2256000	1246.37	120	2195	10363.29	7.0908957	5.5762424	55.152153	1.4514196
2272000	1178.22	120	2337	10437.17	7.171353	6.0076423	61.069298	1.401046
2288000	1040.0	120	2186	10510.92	7.3606844	6.327274	59.198914	1.4875753
2304000	1055.1	120	2411	10584.59	7.301757	6.290542	56.495094	1.0384237
2320000	1270.46	667	2411	10658.11	7.843948	7.4072804	75.1473	1.2145216
2336000	1191.16	338	2190	10731.68	7.6008453	7.9404798	128.40407	1.6136082
2352000	1234.27	120	2336	10805.08	8.343044	10.391669	124.0764	1.2854946
2368000	1160.26	120	2219	10878.62	8.389236	10.208068	105.19553	1.6637039
2384000	1304.2	120	2352	10952.05	8.347836	9.552178	107.84523	1.5036563
2400000	1474.74	120	2403	11025.76	8.468182	10.280622	155.18138	1.2593455
2416000	1366.97	120	2403	11099.74	8.224862	9.765561	118.70001	1.4636372
2432000	1493.3	120	2339	11173.41	7.6435323	8.679851	69.06238	1.1428396
2448000	1296.53	120	2339	11247.24	7.3311467	10.098518	177.30843	1.0894599
2464000	1332.47	778	2333	11320.7	6.5566397	7.459947	112.641396	0.97573614
2480000	1424.7	120	2337	11394.03	6.835998	7.679727	121.3952	0.97917867
2496000	1399.89	120	2348	11467.51	7.503756	7.5674725	91.96221	1.35055
2512000	1385.9	120	2348	11540.97	7.655828	8.827039	106.53413	1.1921444
2528000	1469.16	120	2341	11614.69	6.9725947	6.950701	80.34981	0.8121288
2544000	1523.33	523	2361	11688.19	7.1841264	7.8523564	105.91264	1.0902336
2560000	1589.94	740	2361	11761.52	7.5209484	7.7012095	78.25644	1.2227836
2576000	1569.59	523	2347	11835.02	6.6932063	6.374887	55.17495	1.1244619
2592000	1497.21	523	2342	11908.7	6.7741103	6.655736	54.992268	1.2449814
2608000	1378.2	120	2342	11982.55	7.176428	7.578997	79.029396	0.907253
2624000	1352.85	120	2414	12056.32	7.698656	16.135914	454.62057	1.0515583
2640000	1481.9	120	2527	12129.69	6.9561915	8.91042	131.1161	0.97478116
2656000	1558.64	-69	2527	12203.18	6.026849	6.3183374	82.72251	0.840326
2672000	1499.57	-69	2340	12276.87	7.174377	10.581779	235.31891	0.7442817
2688000	1461.6	387	2794	12349.95	7.132454	8.360929	101.03854	1.0217522
2704000	1581.36	120	2794	12423.63	7.199337	8.753129	118.92673	1.0237896
2720000	1543.19	120	2777	12497.45	7.378263	8.859989	129.97705	0.87969387
2736000	1496.77	587	2346	12571.03	8.321033	11.145211	139.046	1.1664829
2752000	1588.27	706	2413	12644.55	7.3690066	8.153143	101.32932	0.93781483
2768000	1547.45	706	2413	12718.18	7.821453	9.517503	112.97217	1.0884078
2784000	1495.02	782	2351	12791.92	7.459113	9.543527	116.59768	0.835136
2800000	1428.13	120	2351	12865.64	8.012084	11.567257	103.58511	1.0506351
2816000	1408.58	120	2365	12939.38	7.62984	10.477931	142.98334	1.0000713
2832000	1457.25	120	2394	13013.49	7.1373982	10.794734	112.67041	1.0898283
2848000	1510.08	120	2417	13087.09	7.0999093	9.571087	103.28816	0.6804394
2864000	1541.43	120	2417	13160.73	7.573794	9.589323	135.11504	1.0139425
2880000	1453.65	120	2417	13234.05	6.7185097	7.5801516	82.5514	0.93700004
2896000	1450.24	120	2417	13307.68	7.166498	8.844473	97.977455	1.0508648
2912000	1527.76	120	2417	13380.6	6.654209	7.506859	95.57997	1.1844733
2928000	1336.88	120	2355	13454.27	6.5809455	7.1904864	109.69936	1.1647744
2944000	1369.7	120	2413	13527.44	7.1838975	8.817185	103.752014	1.0669225
2960000	1489.02	587	2413	13600.94	6.717393	7.3515353	82.88388	1.1121856
2976000	1340.86	120	2355	13674.58	6.6310887	6.9004645	62.09517	0.84165823
2992000	1156.79	120	2333	13747.92	7.095683	7.933279	74.40006	1.092673
3008000	1225.69	412	2419	13821.42	6.60492	6.352587	66.79117	1.193155
3024000	1185.23	412	2419	13894.83	6.9043465	6.495356	76.161896	1.2174897
3040000	1414.37	582	2355	13968.31	7.1852393	6.4111214	61.444454	1.3783134
3056000	1411.55	120	2357	14041.7	7.625184	7.404671	100.57054	1.151685
3072000	1404.58	120	2357	14115.49	7.5498843	8.38378	101.81275	0.8312487
3088000	1423.43	575	2412	14189.26	6.870948	6.1213484	78.67878	1.0556362
3104000	1402.11	778	2419	14263.02	7.3101106	8.412441	113.586426	1.3385392
3120000	1674.18	778	2419	14336.47	6.2450333	5.910021	81.301926	0.9391576
3136000	1752.24	120	2357	14410.21	6.4925685	8.379686	130.55092	1.0206053
3152000	1464.22	120	2356	14484.2	6.0051866	5.802792	67.616714	1.0645106
3168000	1507.26	120	2357	14557.54	6.476779	6.805946	93.2519	0.9742794
3184000	1683.01	120	2414	14630.92	5.9473066	6.490194	75.14673	0.75789905
3200000	1742.62	120	2419	14704.41	5.7788687	5.9854517	58.834553	0.9986899
3216000	1748.51	783	2419	14778.03	5.6021485	6.298554	99.13558	0.83645844
3232000	1516.86	120	2357	14851.44	5.5297194	5.629652	59.928585	1.00391
3248000	1306.01	120	2800	14925.24	5.91463	6.775257	104.52836	0.9565817
3264000	1299.16	120	2800	14999.26	6.487952	7.553663	88.23204	0.8431161
3280000	1501.24	120	2412	15073.0	5.879472	6.996989	90.2864	0.98337185
3296000	1719.12	120	2795	15147.22	6.354908	6.8708434	95.17356	1.0788391
3312000	1704.61	120	2795	15220.97	6.2918506	6.663037	65.951195	1.0587293
3328000	1742.09	754	2802	15295.16	6.16415	6.8758774	113.59948	0.90603065
3344000	1667.01	578	2802	15368.84	6.1545677	7.0117106	94.26404	1.141298
3360000	1597.46	578	2799	15442.27	6.765555	8.629791	108.23026	1.2962028
3376000	1616.58	770	2787	15516.25	6.708132	8.868586	115.789375	1.069369
3392000	1714.93	603	2787	15589.47	6.1772227	7.7029943	101.64802	0.9382304
3408000	1873.44	603	2805	15663.74	5.9870543	7.469789	97.30812	0.89527893
3424000	2023.97	782	2805	15737.29	5.5504737	7.232822	95.34171	0.8058872
3440000	1998.54	619	2805	15811.29	4.795037	5.6074653	72.33938	0.7736458
3456000	1907.95	120	2798	15884.71	4.671897	6.4657073	92.52872	0.63761866
3472000	1834.14	120	2798	15958.84	4.3036633	5.6641026	80.69582	0.82576895
3488000	1840.49	120	2804	16033.0	3.872315	4.7878203	78.89663	0.7157991
3504000	1908.15	733	2804	16107.98	3.6451044	4.5686755	55.53724	0.6006316
3520000	1739.6	783	2802	16182.18	4.529104	6.3350587	73.91665	0.6604808
3536000	1581.16	120	2802	16257.38	5.0244064	6.3847814	81.30941	0.8087564
3552000	1755.09	120	2803	16332.94	5.153367	6.2382298	90.55902	0.77583945
3568000	1979.05	133	2803	16409.97	5.413104	6.9360037	85.82277	0.7780218
3584000	1943.72	120	2802	16484.6	5.1390967	7.1654696	140.74962	0.89692885
3600000	1886.05	120	2802	16558.3	5.3522353	8.704871	156.6197	0.8503214
3616000	1970.99	120	2802	16633.0	4.386671	4.480885	45.37302	0.9707188
3632000	2006.82	120	2802	16708.6	5.3868146	10.129568	133.03822	0.65077794
3648000	1905.08	120	2803	16784.49	5.8252554	10.726847	134.50058	0.8276491
3664000	1959.85	133	2803	16860.21	4.8470116	7.0486016	81.479095	0.7947003
3680000	2064.54	762	2803	16936.33	5.1470985	8.679771	169.89874	0.6139354
3696000	1887.01	394	2803	17011.28	5.053203	7.1832314	69.34828	0.69209564
3712000	2024.81	120	2802	17087.1	5.274139	8.255881	167.24788	0.847746
3728000	2010.78	120	2803	17162.19	5.0446887	7.169551	88.3186	0.92824876
3744000	2199.47	120	2803	17239.18	4.303654	5.007565	42.184425	0.7490485
3760000	2171.82	120	2803	17314.16	4.659203	7.4369025	99.87144	0.76691794
3776000	2148.78	120	2803	17389.33	3.4827476	4.4092107	51.377724	0.68044025
3792000	2157.72	786	2804	17463.92	4.4340177	7.770247	108.007965	0.6403354
3808000	2201.39	582	2804	17540.57	3.603205	7.698354	132.96153	0.51918817
3824000	2152.0	582	2805	17617.28	3.4391832	6.0862474	107.63766	0.6403489
3840000	2140.56	120	2805	17694.61	3.815472	5.1374583	72.92931	0.42063284
3856000	2045.9	120	2805	17770.8	3.9737656	6.286006	106.84098	0.68570524
3872000	1928.15	120	2804	17847.52	4.790564	8.163889	131.87573	0.62782365
3888000	1751.52	120	2804	17924.07	6.0251756	12.400607	189.95406	0.9185021
3904000	1907.24	120	2804	18000.93	5.9048142	8.990038	133.56908	0.7988825
3920000	2080.1	120	2804	18076.42	6.512465	11.343775	148.30809	0.9679947
3936000	2057.96	120	2802	18152.33	6.7528205	10.483822	101.58061	0.9597328
3952000	1984.98	120	2804	18228.86	6.543999	9.720965	98.60073	1.0179229
3968000	1952.03	120	2804	18304.51	6.505718	9.012691	82.051956	0.94722503
3984000	1992.75	120	2804	18381.75	6.621284	10.781911	154.58336	1.0371263
4000000	2075.61	120	2804	18457.74	5.55833	7.7121387	103.936966	0.64479584
4016000	2059.31	783	2801	18533.93	5.448759	7.173114	75.31152	0.7889576
4032000	2071.2	120	2804	18611.67	5.775953	10.020447	164.62912	0.99363726
4048000	2032.93	120	2805	18687.42	6.3807344	10.003431	131.47112	0.75676167
4064000	2054.13	120	2805	18763.26	5.586855	10.042423	145.08182	0.9296704
4080000	2181.47	120	2805	18838.09	5.686969	12.097292	185.69662	0.78854877
4096000	2044.07	120	2803	18913.05	5.22701	9.878628	161.11415	0.83331877
4112000	1834.33	120	2803	18988.72	6.4435167	10.349034	119.56751	0.9073299
4128000	1891.01	120	2803	19065.08	5.656893	10.580035	158.48563	0.80665153
4144000	2102.25	744	2803	19141.37	6.0351458	9.619648	103.403046	0.7322232
4160000	2154.33	744	2803	19218.43	5.520624	10.3386965	136.32681	0.7130737
4176000	2143.08	783	2803	19294.5	5.707041	8.798915	113.32265	0.83829415
4192000	2119.75	120	2803	19371.48	5.7464647	8.293342	133.11171	0.79781604
4208000	2211.08	120	2804	19449.53	5.1011133	7.174645	85.81784	0.52458936
4224000	2287.27	120	2804	19526.59	4.4198194	6.4555798	123.26342	0.6403722
4240000	2092.74	582	2804	19603.3	4.6459885	7.608042	115.70682	0.65078974
4256000	2118.72	582	2803	19680.98	5.3506894	9.326033	115.70137	0.8495667
4272000	2136.28	787	2805	19758.26	4.919587	7.548397	77.26964	0.6335068
4288000	2305.33	787	2805	19836.33	4.4253683	6.577699	113.81185	0.6983531
4304000	2177.84	120	2802	19911.65	5.2302938	9.044996	115.87093	0.90921736
4320000	2227.51	120	2806	19987.69	5.037177	7.9260335	100.785	0.8960681
4336000	2000.7	795	2806	20064.41	5.3487363	10.531394	146.02525	0.8004374
4352000	2037.97	795	2806	20143.24	6.068253	11.353734	160.67819	0.65294665
4368000	2110.79	581	2804	20221.28	4.7547073	7.4146247	81.77508	0.64046276
4384000	2270.55	120	2804	20298.96	5.594337	10.459015	155.01701	0.66413546
4400000	2310.28	120	2804	20377.28	4.8848343	9.947474	139.32549	0.66180134
4416000	2406.0	120	2804	20455.61	5.007901	10.683088	121.37035	0.61437154
4432000	2401.1	120	2804	20534.14	5.228417	11.592008	168.18399	0.708032
4448000	2261.14	588	2804	20609.93	4.090441	9.388437	136.41264	0.44918656
4464000	2041.83	588	2804	20687.53	4.504882	8.462371	105.60877	0.704224
4480000	2165.62	589	2804	20765.23	4.0351086	5.8293333	53.75239	0.7400419
4496000	2267.7	589	2804	20843.48	5.1007032	9.002269	90.720566	0.5308509
4512000	2300.82	120	2804	20921.61	4.697167	8.56141	101.54786	0.69967586
4528000	2245.17	120	2804	20998.51	5.020926	8.660585	97.53019	0.581982
4544000	2098.3	734	2804	21074.81	4.885003	8.493928	122.159256	0.7138392
4560000	2131.7	773	2804	21151.84	4.9870877	9.448285	148.04207	0.7251142
4576000	2129.82	776	2804	21228.17	4.419836	7.2996016	90.1384	0.47407228
4592000	2322.94	776	2804	21305.71	4.2741885	7.8571367	125.50782	0.67440903
4608000	2382.47	789	2803	21383.92	4.234376	6.7276115	84.61022	0.7838153
4624000	2333.23	120	2804	21460.57	4.192548	7.1384053	96.559235	0.6216184
4640000	2203.86	120	2804	21537.5	4.5959964	7.703982	106.29324	0.60943764
4656000	2267.56	120	2804	21617.03	4.053368	7.5827303	99.43602	0.52438617
4672000	2345.69	523	2804	21696.35	3.9156144	6.9172864	88.93956	0.51316774
4688000	2270.13	395	2804	21773.93	4.5524483	8.278736	100.73113	0.50613827
4704000	2158.16	395	2803	21851.49	4.3932853	7.652248	92.099594	0.6281214
4720000	2284.83	120	2803	21929.42	4.513596	7.6179485	73.69945	0.60682464
4736000	2359.8	120	2803	22007.45	4.2083464	6.9444075	97.11544	0.6257968
4752000	2251.63	120	2803	22084.58	5.0694737	8.132876	85.52774	0.54280317
4768000	2143.46	772	2803	22162.79	5.3863378	10.269928	125.44449	0.65807116
4784000	2140.06	774	2803	22239.98	6.1107907	12.355065	141.59187	0.77194166
4800000	2315.58	587	2804	22318.09	5.7128787	10.389372	113.94857	0.7880371
4816000	2428.15	587	2804	22396.06	4.5654144	7.6148725	91.52692	0.71490765
4832000	2427.87	579	2804	22473.88	5.6060634	9.497407	92.8256	0.72593653
4848000	2411.07	120	2804	22553.18	4.665562	8.262245	107.28595	0.58338505
4864000	2451.71	120	2803	22632.06	4.1084657	6.5615654	73.58393	0.4901972
4880000	2339.6	120	2803	22708.74	3.6199746	6.263019	58.175552	0.5490478
4896000	2344.77	582	2804	22787.45	3.4531825	6.742381	109.9826	0.44527152
4912000	2351.93	120	2804	22865.98	3.2679594	6.7664037	104.8604	0.40779957
4928000	2460.77	120	2804	22942.53	2.7636402	4.8847322	59.531475	0.4477878
4944000	2296.95	120	2803	23019.49	2.8748863	6.2779756	96.14787	0.40615022
4960000	2256.65	786	2803	23098.0	3.2054815	7.7611523	153.89238	0.5104252
4976000	2266.49	794	2804	23176.67	3.6236656	8.118394	139.36101	0.4505759
4992000	2339.59	794	2804	23254.65	3.1622992	8.081756	159.1829	0.383479
5008000	2388.94	579	2804	23333.87	3.3671794	7.778091	158.54681	0.38480306
5024000	2306.13	579	2803	23411.16	3.815546	8.938626	132.65154	0.4879707
5040000	2219.28	120	2803	23489.11	4.147076	8.837973	148.41199	0.5785076
5056000	2273.35	120	2804	23567.83	4.046765	9.074849	152.68448	0.45752448
5072000	2202.55	120	2804	23645.9	3.820335	7.550245	147.59593	0.3422259
5088000	2143.13	120	2804	23723.54	4.6076884	7.6053677	107.25877	0.6068223
5104000	2228.58	120	2804	23801.08	4.2739697	5.910484	81.786026	0.47872034
5120000	2317.3	120	2803	23878.97	4.1740336	6.5603156	62.859825	0.5610848
5136000	2428.06	589	2803	23958.2	3.8303838	5.69253	72.58856	0.616645
5152000	2384.54	786	2805	24035.85	3.976906	7.2970004	141.50461	0.6003652
5168000	2348.31	120	2805	24114.48	3.8974967	7.073952	112.63154	0.62277865
5184000	2321.27	120	2803	24193.13	3.0911865	4.614724	55.279934	0.50947714
5200000	2476.95	120	2805	24272.75	3.8686771	7.6807384	138.19966	0.6418187
5216000	2367.77	120	2805	24351.46	3.721589	8.608648	141.78458	0.6078297
5232000	2331.58	576	2805	24428.71	4.083805	8.687712	165.70316	0.5752202
5248000	2354.54	797	2805	24506.06	3.6876817	7.0361924	114.84683	0.5371274
5264000	2476.71	797	2805	24584.06	3.1558506	5.4073796	80.71804	0.5232837
5280000	2511.83	780	2805	24662.85	3.4016244	6.5068917	82.02463	0.52353716
5296000	2301.77	582	2804	24741.24	4.2638907	9.590405	121.831345	0.57322097
5312000	2203.48	582	2804	24819.56	3.7200649	7.072468	112.35148	0.5545385
5328000	1918.82	589	2804	24896.5	3.3917472	5.243992	105.36695	0.49731153
5344000	1935.84	557	2803	24973.65	3.3196683	5.5335913	82.747765	0.52561724
5360000	1923.08	412	2803	25050.95	3.7674868	8.032949	119.26242	0.58576465
5376000	2284.66	412	2803	25129.35	3.5906806	6.21387	103.05632	0.49419177
5392000	2398.45	794	2803	25207.4	3.9115093	6.924008	93.6019	0.5404062
5408000	2399.78	120	2803	25284.83	3.6653078	6.5242147	80.51167	0.6057129
5424000	2270.18	120	2803	25364.48	4.065163	8.5509815	136.08838	0.47575593
5440000	2266.18	120	2803	25444.39	4.036628	7.8826027	131.6182	0.5151748
5456000	2274.99	120	2803	25521.69	4.2521515	9.296707	150.13094	0.57993793
5472000	2254.12	120	2804	25599.03	4.1338134	9.216011	144.50873	0.51593447
5488000	2291.11	120	2804	25677.4	3.8646815	8.299285	131.03918	0.35448718
5504000	2299.37	120	2804	25755.32	4.0188212	8.783247	125.14015	0.4154467
5520000	2367.32	120	2804	25833.1	3.4377284	7.573759	147.90881	0.43144304
5536000	2259.35	120	2805	25911.04	3.400418	6.8783765	99.8688	0.43011525
5552000	2296.2	120	2805	25989.4	3.7010696	7.6592445	88.87131	0.37226933
5568000	2162.95	120	2805	26065.23	3.4768527	10.68869	179.96947	0.25767088
5584000	2205.74	120	2805	26142.72	3.2302568	6.1941	59.550087	0.39033708
5600000	2323.54	773	2805	26220.86	3.799432	9.16456	151.28737	0.41779646
5616000	2454.92	773	2805	26300.55	3.445103	7.9358826	149.09377	0.26166117
5632000	2378.53	120	2805	26379.74	4.627964	12.766166	147.29352	0.42970234
5648000	2410.12	120	2805	26459.05	3.7334623	8.955839	140.80434	0.3780665
5664000	2417.31	120	2805	26537.9	3.3389962	6.8833337	108.91372	0.3325664
5680000	2507.85	120	2805	26616.25	3.3055859	8.929155	164.84422	0.35722017
5696000	2511.85	798	2805	26694.2	3.5587747	11.751072	152.33902	0.37293667
5712000	2369.35	589	2805	26771.84	3.4492514	11.583799	149.79196	0.2644226
5728000	2423.08	589	2805	26850.31	3.3650513	10.625306	162.24666	0.2595544
5744000	2277.61	120	2805	26927.43	3.2296982	8.741651	154.62535	0.21448801
5760000	2182.93	120	2804	27004.92	3.661505	8.334482	104.291245	0.32009217
5776000	2181.25	120	2805	27082.6	4.091248	9.769185	150.88185	0.36375555
5792000	2191.45	120	2805	27158.82	4.273286	11.436358	169.26443	0.4029262
5808000	2153.01	120	2804	27235.87	4.015539	8.387076	107.49911	0.42760947
5824000	2224.35	120	2803	27314.38	4.63883	10.245544	139.15384	0.3845493
5840000	2307.03	120	2804	27392.03	4.552923	8.412935	90.41428	0.4015052
5856000	2252.66	120	2804	27467.97	3.775829	7.043736	70.62205	0.4212678
5872000	2160.69	120	2804	27543.29	4.2744393	8.42392	76.055145	0.45242238
5888000	2080.6	120	2803	27621.07	4.588481	7.694312	73.20968	0.47185552
5904000	2175.39	120	2803	27699.15	4.7136397	10.098496	153.59094	0.580765
5920000	2227.58	120	2803	27776.8	4.826872	9.791833	131.29362	0.4967597
5936000	2325.32	120	2803	27854.62	5.5595703	10.339315	98.42214	0.5647024
5952000	2363.1	120	2805	27932.42	4.721216	8.533412	126.73575	0.6692314
5968000	2365.85	120	2805	28009.5	5.1451554	11.676351	165.60555	0.60235476
5984000	2405.98	120	2805	28086.48	3.9360473	7.044173	65.16952	0.58893144
6000000	2268.3	120	2804	28162.72	3.868329	7.5246153	138.33609	0.57816297
6016000	2226.26	392	2804	28239.72	4.163657	7.6843123	111.239204	0.5542185
6032000	2295.76	392	2805	28317.13	4.257013	9.448118	147.81828	0.52810013
6048000	2251.72	120	2805	28393.51	3.7674747	7.7458677	142.27257	0.45358256
6064000	2253.99	120	2805	28470.94	4.494292	9.153783	147.42317	0.6942957
6080000	2192.04	120	2803	28548.37	4.6764092	9.844155	156.82504	0.5680786
6096000	2269.09	398	2804	28626.53	4.477254	8.645292	159.4353	0.54447174
6112000	2301.39	398	2804	28704.09	4.4349413	8.816518	150.14026	0.5216494
6128000	2213.11	585	2804	28780.27	4.384471	9.187909	161.39375	0.5870548
6144000	2358.87	783	2803	28858.94	3.977271	7.0150156	160.91826	0.6060288
6160000	2256.75	120	2803	28936.0	4.353826	8.908065	141.36208	0.5664755
6176000	2330.4	120	2802	29012.87	3.8960629	8.944886	164.84169	0.5744548
6192000	2301.85	120	2803	29091.3	3.5136693	7.37982	153.93875	0.34337404
6208000	2278.36	120	2803	29168.57	3.4982085	5.927921	80.466995	0.46500543
6224000	2290.33	120	2803	29245.13	3.66273	7.0023494	119.66098	0.44765186
6240000	2333.13	120	2802	29323.65	4.015561	9.009122	151.48868	0.5229884
6256000	2332.77	120	2802	29401.1	4.1057987	8.1378765	96.244804	0.45287502
6272000	2362.34	120	2802	29479.99	2.9375136	4.6254883	59.87982	0.44608277
6288000	2440.54	120	2803	29559.85	3.7566502	10.108188	179.3294	0.45417643
6304000	2463.78	120	2803	29637.46	3.103779	6.3543806	76.2642	0.47131133
6320000	2466.16	780	2803	29715.56	2.9011598	6.176868	97.045906	0.36368376
6336000	2392.9	589	2804	29794.35	2.8554244	6.03181	85.450226	0.33681944
6352000	2313.5	120	2804	29873.34	2.7448483	5.745496	79.44183	0.480737
6368000	2313.26	120	2804	29951.77	3.0093403	6.02463	95.20173	0.42609572
6384000	2228.77	120	2803	30028.98	2.8795478	5.6104336	82.95613	0.33569145
6400000	2287.76	120	2803	30107.09	2.771344	5.2031837	74.49952	0.33080184
6416000	2332.84	589	2803	30184.58	3.6511343	7.7002115	89.14703	0.321544
6432000	2293.91	120	2804	30263.13	3.0399575	7.289907	115.378235	0.27055016
6448000	2254.74	120	2805	30341.11	4.1161847	9.721788	148.06665	0.3701787
6464000	2392.12	589	2805	30418.92	3.6288786	9.3926935	151.7311	0.27568105
6480000	2413.39	589	2806	30496.49	3.2234282	8.014266	148.02545	0.32221824
6496000	2302.03	589	2806	30573.26	3.2831943	7.4031873	84.3754	0.34294093
6512000	2252.18	589	2806	30650.25	4.3175597	11.000007	144.41331	0.35798877
6528000	2074.48	589	2805	30726.9	4.1082187	9.3494835	149.31648	0.38996077
6544000	2035.03	113	2805	30804.16	4.6448426	14.19978	150.02797	0.32145017
6560000	2035.73	113	2803	30882.52	5.3602076	14.646601	158.9734	0.44703364
6576000	2148.54	113	2805	30958.69	6.1115556	15.328326	127.69895	0.44899914
6592000	2317.65	120	2805	31036.43	5.2461376	12.992001	131.20883	0.47118193
6608000	2335.13	120	2804	31113.9	4.9868584	11.5492325	133.40404	0.6028328
6624000	2454.95	771	2804	31191.36	4.852585	12.73159	166.51907	0.5849911
6640000	2503.73	771	2804	31267.52	3.5976982	7.9574943	82.88605	0.5324397
6656000	2567.86	794	2804	31344.22	2.8015277	7.2076807	125.39667	0.4218115
6672000	2494.28	779	2804	31420.96	2.546869	4.8241587	76.4592	0.43672305
6688000	2308.34	120	2804	31497.99	2.7245395	5.748874	89.04302	0.27888212
6704000	2037.27	120	2804	31573.8	2.9773235	6.768274	96.53202	0.46287283
6720000	2039.38	120	2803	31651.65	4.226838	13.134424	196.42479	0.4054379
6736000	2205.35	120	2805	31729.15	4.3727107	10.645491	123.60907	0.3972203
6752000	2242.61	120	2805	31805.07	4.8562117	10.166763	129.63684	0.5636227
6768000	2351.42	120	2805	31882.54	5.1428814	11.493019	148.72878	0.49650103
6784000	2302.63	120	2804	31959.25	4.642525	11.004689	198.3949	0.5553989
6800000	2366.7	412	2804	32036.66	4.3833575	7.896939	133.83675	0.5284285
6816000	2386.7	412	2804	32114.48	3.9316614	6.457913	59.59819	0.49831933
6832000	2379.93	798	2803	32191.48	3.396208	5.2300367	61.736397	0.47663522
6848000	2436.47	120	2803	32268.45	3.3817716	5.7119994	75.89643	0.41928372
6864000	2384.26	120	2803	32345.61	3.366595	6.601771	80.91814	0.4197005
6880000	2399.76	120	2803	32422.76	3.63143	7.8063407	95.51161	0.48805043
6896000	2301.37	120	2804	32499.59	4.0604887	8.134947	85.815674	0.43291655
6912000	2409.18	120	2805	32577.08	3.9810414	7.382662	71.65471	0.52788156
6928000	2463.55	120	2805	32654.94	3.438876	5.500628	54.46295	0.48920727
6944000	2506.27	778	2805	32732.77	3.264149	6.932017	139.71753	0.50370854
6960000	2422.7	778	2805	32810.79	3.2766664	6.67078	109.6332	0.44279453
6976000	2371.0	-101	2805	32888.19	3.486928	6.7754865	124.50519	0.3665434
6992000	2272.38	-101	2805	32965.54	3.6962354	6.9964724	81.05362	0.33160216
7008000	2224.22	-101	2805	33042.68	3.8330464	6.9288793	111.93642	0.43612018
7024000	2272.07	120	2805	33119.18	3.6068265	6.5637236	93.33609	0.51992655
7040000	2288.7	579	2806	33196.22	3.5171924	5.6708384	62.813633	0.43600047
7056000	2252.08	579	2806	33273.51	3.3854654	6.633102	103.19534	0.43284264
7072000	2290.74	497	2806	33350.44	3.3845482	5.2657733	58.696373	0.33585814
7088000	2336.71	120	2805	33427.6	3.7845502	9.169265	153.28346	0.32676744
7104000	2437.42	120	2803	33505.72	3.4767237	5.6170774	51.52745	0.4082442
7120000	2429.34	120	2803	33583.62	3.772836	7.3438416	145.81026	0.38336086
7136000	2482.54	120	2803	33662.08	2.9807105	5.105616	72.84561	0.28478336
7152000	2456.57	120	2803	33739.58	3.4732108	8.333905	145.99408	0.3692835
7168000	2434.83	783	2803	33817.05	3.0700278	6.8083153	96.00603	0.44526064
7184000	2495.45	800	2805	33895.86	2.948715	6.3141723	70.3526	0.28195196
7200000	2512.68	579	2805	33973.63	2.65655	4.764079	60.20112	0.3834353
7216000	2500.06	579	2804	34051.75	3.0172663	6.991057	105.77279	0.30676645
7232000	2450.58	120	2804	34130.93	2.2941763	4.4005146	51.241066	0.27610028
7248000	2473.68	120	2803	34209.89	2.1616151	3.918782	57.92058	0.22897092
7264000	2409.76	120	2803	34287.38	2.485394	6.6368413	101.15135	0.28881568
7280000	2371.79	120	2804	34365.91	2.960665	6.9511824	93.209984	0.2948625
7296000	2462.16	579	2804	34445.25	3.373779	8.862134	86.41372	0.3636166
7312000	2560.98	582	2804	34524.24	2.9522657	8.073499	152.9786	0.30256176
7328000	2562.0	582	2804	34602.39	3.4811409	10.7807045	175.60158	0.29680532
7344000	2446.62	120	2804	34679.0	2.8144717	6.7951455	80.94988	0.29334015
7360000	2332.26	-69	2804	34756.41	3.2483542	6.548301	75.171555	0.43518084
7376000	2353.59	-69	2804	34834.61	3.144941	6.617551	79.34805	0.37103617
7392000	2405.1	-69	2804	34911.37	3.323079	7.427212	98.647644	0.4095485
7408000	2399.21	120	2805	34988.55	3.3474998	7.810076	162.6709	0.48359913
7424000	2276.01	120	2805	35065.02	3.223689	6.6560793	92.376175	0.34709686
7440000	2206.1	120	2805	35142.01	3.3976393	6.856576	87.7496	0.44046766
7456000	2174.03	523	2804	35220.32	3.903349	6.7320547	82.43462	0.39519635
7472000	2228.68	523	2803	35297.35	3.9153929	7.3624144	114.26896	0.48532227
7488000	2319.3	523	2805	35374.06	4.192365	8.176091	96.0862	0.50514936
7504000	2363.67	120	2805	35451.91	4.2504363	8.735542	134.8753	0.3751037
7520000	2452.99	120	2805	35529.63	4.101924	9.231939	154.49637	0.4428056
7536000	2425.98	120	2805	35607.37	3.5474236	6.982979	126.67812	0.3111559
7552000	2335.45	120	2803	35684.89	3.5424483	7.8562946	98.48471	0.43962657
7568000	2365.03	120	2805	35763.63	3.4304726	9.820648	141.09526	0.46109682
7584000	2458.52	755	2805	35841.82	3.3400292	9.909525	149.66309	0.341597
7600000	2404.01	120	2805	35919.76	3.1907012	7.2396555	107.95174	0.34269416
7616000	2347.81	120	2805	35997.23	3.8259003	10.129646	148.75482	0.44037986
7632000	2287.83	120	2805	36075.43	3.9676695	11.5915985	156.30481	0.350974
7648000	2251.1	120	2804	36152.39	3.8247674	7.8838367	86.61912	0.44748032
7664000	2352.78	120	2804	36230.22	3.8158495	8.434367	148.42816	0.3570638
7680000	2456.43	120	2805	36308.16	3.8732438	7.169846	81.1891	0.4737955
7696000	2545.82	798	2805	36384.72	3.6451497	6.8807645	87.6742	0.39067644
7712000	2478.93	783	2805	36461.39	3.208332	5.696958	82.082405	0.45075724
7728000	2552.48	783	2804	36540.16	3.0360966	5.253817	91.58249	0.4048547
7744000	2578.45	783	2805	36617.73	2.7044299	4.9807706	60.05179	0.35041237
7760000	2518.81	796	2805	36693.78	2.313081	4.0225987	65.35448	0.33284828
7776000	2388.34	120	2805	36770.67	2.6956186	4.266511	65.90022	0.36074737
7792000	2363.59	120	2805	36848.21	2.8227158	4.8757987	72.171005	0.34005833
7808000	2408.72	120	2805	36926.18	3.4702532	8.366017	130.30956	0.38657394
7824000	2413.0	575	2804	37002.27	3.5684314	8.71982	150.84612	0.42843503
7840000	2234.34	-101	2804	37077.75	4.074299	11.560282	153.638	0.42469138
7856000	2139.46	-101	2804	37153.98	5.1326604	14.440777	162.81355	0.56288373
7872000	2253.95	770	2803	37231.2	4.813239	11.048961	138.81099	0.49000454
7888000	2408.44	770	2804	37309.47	5.9946113	14.685947	168.93475	0.53302926
7904000	2404.05	585	2804	37386.21	6.464591	14.880409	126.080734	0.51073456
7920000	2329.08	585	2805	37462.5	5.2657146	12.078749	173.69914	0.4145947
7936000	2288.75	120	2805	37539.87	6.1635385	14.145762	149.7952	0.49690437
7952000	2363.02	120	2804	37617.93	6.0914097	14.602542	143.33313	0.41418624
7968000	2428.61	120	2804	37696.36	3.7489297	7.042965	78.143166	0.39959127
7984000	2516.44	790	2804	37774.82	4.462317	10.225608	136.56871	0.3811363
8000000	2515.38	579	2804	37853.24	3.4975421	9.3882065	156.5869	0.28410962
8016000	2518.96	579	2804	37932.21	2.8820708	7.956177	146.98613	0.3962859
8032000	2572.55	579	2804	38011.71	2.3580456	4.368306	58.638985	0.3276644
8048000	2538.64	582	2804	38088.7	2.3526418	4.7971625	85.10261	0.35739118
8064000	2419.82	-101	2804	38165.64	2.6957207	5.99683	93.126175	0.2963547
8080000	2349.32	-101	2804	38241.99	3.2650745	8.816594	110.26936	0.32554197
8096000	2411.5	-101	2805	38320.32	2.6703188	7.1829543	131.30615	0.36203897
8112000	2462.21	120	2805	38396.61	3.1260478	8.082654	110.674774	0.3487855
8128000	2481.93	797	2805	38473.46	3.725478	8.98948	141.68582	0.3200575
8144000	2462.02	797	2803	38551.22	3.014958	7.1714573	126.841644	0.36482912
8160000	2487.99	797	2803	38629.35	3.433627	7.4599423	94.89687	0.3348726
8176000	2468.04	120	2805	38708.23	3.3978355	7.2347455	78.133064	0.38198832
8192000	2395.29	120	2805	38785.56	3.3603544	7.0274787	76.427025	0.3683539
8208000	2326.85	120	2805	38862.75	4.098044	9.002228	108.0384	0.53995985
8224000	2348.47	120	2804	38940.63	3.507921	8.22001	154.93694	0.3313911
8240000	2312.69	120	2804	39017.68	4.682222	11.59199	155.32832	0.4702225
8256000	2335.91	586	2805	39095.16	3.2974527	7.429383	154.09177	0.36633998
8272000	2315.18	586	2805	39172.31	3.874475	10.253897	161.44572	0.30991924
8288000	2312.49	749	2805	39249.26	3.253571	6.3843985	73.95594	0.36474812
8304000	2365.9	749	2805	39327.88	3.535897	9.508696	160.36826	0.30816895
8320000	2432.99	582	2804	39404.25	3.710694	9.012284	139.2289	0.3917539
8336000	2510.15	582	2806	39481.42	3.6907475	9.333871	155.19016	0.3069744
8352000	2325.15	120	2806	39557.31	3.5236015	8.663229	157.60576	0.22399971
8368000	2242.24	120	2806	39633.97	3.0414674	7.1399035	138.29895	0.36154428
8384000	2316.9	120	2805	39711.04	3.088858	6.351918	77.27603	0.35679576
8400000	2327.06	-101	2805	39788.99	3.723975	7.879534	96.78647	0.33070397
8416000	2425.08	-101	2804	39866.93	2.7124174	4.2869906	57.4656	0.32814294
8432000	2441.05	798	2804	39943.71	3.3667657	6.407849	80.60969	0.33400092
8448000	2476.0	779	2805	40021.15	2.875815	5.337134	73.15172	0.26311076
8464000	2405.78	120	2805	40099.39	3.2316122	6.5660634	100.66254	0.35388476
8480000	2434.87	120	2805	40177.13	3.032981	5.508793	53.246037	0.31748873
8496000	2431.98	120	2804	40254.24	3.3260205	8.738499	139.6174	0.32083017
8512000	2330.53	120	2804	40330.99	3.2626572	8.087561	126.91863	0.2859105
8528000	2353.48	789	2804	40407.91	3.8542073	10.817753	137.73303	0.20915437
8544000	2326.94	120	2804	40485.64	3.0769582	7.210737	95.27886	0.32510394
8560000	2358.73	120	2804	40562.49	2.8169868	8.555499	124.90815	0.25113684
8576000	2384.26	120	2804	40640.83	3.3635077	8.69051	105.89257	0.35517186
8592000	2438.01	120	2805	40720.13	3.196497	7.8807983	147.46132	0.30028588
8608000	2484.02	792	2805	40797.33	2.9186947	7.873161	142.68915	0.3078845
8624000	2497.32	-101	2805	40875.0	2.5325644	6.356321	140.76611	0.24715813
8640000	2374.51	-101	2804	40951.77	2.6475341	8.614662	147.68413	0.31676984
8656000	2351.26	-101	2804	41029.21	2.9603643	7.1005507	137.49983	0.29225138
8672000	2331.07	582	2804	41106.26	2.7816932	6.571508	102.78873	0.35123035
8688000	2416.3	523	2804	41183.88	2.9847193	8.455783	155.27042	0.38048017
8704000	2470.98	523	2804	41263.39	2.803596	5.6215525	64.57966	0.3101257
8720000	2483.19	523	2804	41341.89	2.608082	5.5173078	77.416664	0.28113067
8736000	2400.9	575	2804	41418.79	2.3580346	4.8160543	74.60986	0.24934813
8752000	2356.69	575	2804	41496.53	3.29417	8.589242	111.14019	0.29739887
8768000	2421.22	575	2804	41575.92	3.3187482	7.142907	75.455605	0.37395647
8784000	2549.32	792	2803	41654.23	3.102704	6.5596614	108.394325	0.38184875
8800000	2556.1	797	2803	41731.3	2.8842819	6.9068236	89.90231	0.26492864
8816000	2489.76	789	2803	41809.33	2.6619358	7.228707	156.30128	0.23551051
8832000	2510.61	789	2803	41887.56	2.6396642	9.579696	152.61757	0.275465
8848000	2558.94	789	2804	41964.93	2.354256	8.478519	142.1638	0.27141285
8864000	2577.22	789	2804	42043.52	2.2255287	6.9319963	150.23532	0.22021869
8880000	2571.22	120	2804	42121.54	1.5137774	2.5269432	31.49767	0.22667986
8896000	2610.99	120	2804	42200.23	2.2366164	5.534873	97.03096	0.2235799
8912000	2609.89	120	2804	42277.75	2.0645616	4.9380226	79.0934	0.26666003
8928000	2458.18	589	2804	42356.03	2.4936748	8.687223	150.19669	0.25428858
8944000	2386.58	589	2804	42432.97	2.6617646	9.034987	137.27713	0.2432934
8960000	2426.6	589	2804	42510.48	2.5694005	9.296967	124.210754	0.2150589
8976000	2606.16	785	2804	42589.73	2.5896013	8.760303	129.11887	0.22463427
8992000	2590.21	785	2804	42668.4	2.5664666	7.443847	95.68081	0.18486863
9008000	2563.76	789	2804	42746.5	2.130318	5.566736	113.82297	0.2751416
9024000	2549.59	789	2804	42824.91	2.0728862	5.688904	83.27567	0.2040343
9040000	2539.99	120	2805	42903.42	1.7566149	4.5505223	91.57646	0.2365112
9056000	2522.78	120	2805	42980.5	1.8543098	4.3540215	55.60294	0.2870933
9072000	2383.63	120	2805	43058.19	1.6666975	3.2310984	53.06775	0.27211055
9088000	2409.73	523	2804	43136.68	2.320895	7.190332	152.78511	0.23846856
9104000	2480.89	523	2804	43214.38	2.2180412	7.2511034	152.6203	0.22592346
9120000	2391.01	120	2803	43290.6	2.7609808	8.480452	143.95905	0.27772492
9136000	2303.63	120	2804	43369.23	3.021019	8.645135	144.19456	0.3552677
9152000	2386.87	564	2804	43447.15	3.7093546	8.570199	93.44315	0.40150732
9168000	2483.01	564	2804	43524.02	3.102333	7.641148	154.26575	0.34466863
9184000	2513.02	792	2804	43601.23	2.9054863	5.0883265	60.639256	0.38872606
9200000	2535.36	523	2805	43679.3	2.9496481	6.7039566	120.39497	0.35578305
9216000	2511.85	523	2805	43757.59	2.8466094	6.872357	119.272766	0.31077012
9232000	2497.06	523	2805	43836.74	3.0098023	6.986749	117.33572	0.29198188
9248000	2529.09	523	2804	43915.85	2.563422	5.275757	59.075077	0.26395723
9264000	2488.03	523	2804	43993.41	2.5538461	6.9934278	110.38887	0.2887489
9280000	2513.76	523	2803	44071.2	2.5370786	7.1974225	154.99017	0.2240805
9296000	2492.35	783	2803	44149.05	2.7062964	8.989003	164.08557	0.22170827
9312000	2466.32	783	2803	44226.91	3.0505674	11.089477	182.31053	0.2386995
9328000	2492.95	783	2803	44305.9	2.0812407	6.278601	150.38864	0.27050692
9344000	2542.6	120	2803	44384.31	1.9570441	5.8977113	156.5296	0.22240949
9360000	2545.47	120	2804	44462.01	2.3722007	8.502222	156.02515	0.20720965
9376000	2541.42	120	2804	44539.33	2.7514377	9.10269	158.4819	0.2642197
9392000	2539.53	120	2804	44616.4	2.0489259	6.0691	127.17447	0.24533787
9408000	2522.25	783	2804	44694.78	2.1322317	5.0113654	73.021225	0.2368855
9424000	2466.31	783	2804	44771.86	2.2113345	6.70187	125.76971	0.23420988
9440000	2504.95	783	2804	44851.01	2.1397712	6.426527	114.38215	0.26208287
9456000	2481.45	523	2804	44928.07	2.407254	7.1266994	114.14166	0.2620929
9472000	2522.39	523	2804	45006.55	2.4939733	7.0414724	119.72273	0.23535675
9488000	2529.93	523	2804	45083.96	2.4715033	5.244402	76.678955	0.30656815
9504000	2451.37	120	2803	45162.87	2.5828435	6.6042757	148.48311	0.2884423
9520000	2526.86	120	2803	45241.28	2.3640277	6.190933	102.79293	0.2954559
9536000	2548.82	120	2803	45319.46	2.24127	7.219538	154.96132	0.22203447
9552000	2613.84	523	2804	45398.63	1.8630977	4.3350654	57.895565	0.19606479
9568000	2585.48	523	2804	45478.09	1.6218984	4.000418	62.008907	0.19347247
9584000	2634.68	582	2804	45556.86	1.5189579	4.564029	95.85675	0.20115033
9600000	2477.35	582	2804	45634.17	2.2593765	7.2271023	110.07768	0.26359493
9616000	2397.55	523	2804	45711.42	2.165716	5.725593	80.28585	0.21531825
9632000	2298.02	523	2804	45788.1	2.6992357	7.534396	87.330284	0.26470542
9648000	2308.97	120	2804	45865.23	3.1812162	10.227632	150.14705	0.28333548
9664000	2283.2	120	2804	45941.77	2.8447764	7.633993	102.92868	0.2733479
9680000	2303.79	120	2804	46018.24	2.6797595	6.33864	82.88746	0.33412328
9696000	2304.08	589	2804	46095.8	2.9949393	8.170717	106.42927	0.21669158
9712000	2323.41	579	2804	46171.69	2.5284293	5.719139	70.29373	0.26530027
9728000	2312.09	113	2804	46249.14	3.5555658	12.503882	243.34279	0.24942973
9744000	2490.03	113	2803	46326.68	3.204275	8.630141	139.83461	0.2869189
9760000	2526.96	113	2803	46403.45	2.9806588	8.0407915	136.03076	0.28892773
9776000	2573.24	397	2803	46481.68	2.746467	6.414918	104.66383	0.24534538
9792000	2481.79	397	2804	46559.38	2.5835752	6.3703976	100.91653	0.26538604
9808000	2408.59	523	2804	46637.46	2.4253736	6.601591	132.53554	0.32888347
9824000	2360.83	579	2804	46715.07	2.0021331	4.5975213	77.421524	0.23244105
9840000	2420.16	579	2804	46793.85	2.3321273	5.751883	89.96358	0.21635589
9856000	2463.76	579	2804	46872.03	1.8924114	5.251308	103.49949	0.25021973
9872000	2525.09	582	2804	46950.46	2.605869	7.368163	109.52569	0.19982299
9888000	2554.04	798	2803	47027.25	2.3661382	7.0795703	144.50893	0.22189686
9904000	2560.42	120	2803	47105.38	2.2958336	7.4728527	131.7368	0.25647515
9920000	2527.9	120	2803	47183.18	1.9653747	6.483897	119.22045	0.14358324
9936000	2527.55	120	2803	47261.73	1.8365952	4.2398252	74.76209	0.2369753
9952000	2530.33	120	2803	47339.94	2.4263594	8.319326	128.56938	0.21148942
9968000	2450.2	120	2803	47416.62	1.9346653	5.505862	104.11599	0.22062641
9984000	2391.79	354	2803	47492.9	2.2786908	5.3243275	90.9776	0.25692594
10000000	2378.62	354	2803	47570.21	2.3234055	5.2135854	77.24924	0.27811387
10016000	2428.89	568	2804	47649.31	2.4476933	5.7608104	91.392136	0.29853866
10032000	2435.13	579	2804	47726.08	2.3851767	5.296062	79.802795	0.3269209
10048000	2404.94	579	2804	47803.65	2.9551744	8.487558	168.92856	0.31289384
10064000	2415.26	787	2804	47880.93	2.6545956	5.6467304	88.37456	0.37125117
10080000	2379.02	120	2803	47959.56	2.7815287	6.405798	81.08628	0.3497768
10096000	2378.32	120	2803	48037.57	2.9647496	6.4589586	94.97069	0.35222727
10112000	2316.31	120	2803	48116.0	2.7717817	7.5630565	157.21278	0.3581862
10128000	2389.53	120	2803	48193.53	2.8784044	5.998146	78.638954	0.4031592
10144000	2425.98	797	2803	48271.49	2.7512658	5.8912497	91.42712	0.3360209
10160000	2351.49	783	2803	48348.03	2.5804722	5.1489396	82.570595	0.3076425
10176000	2254.9	783	2803	48424.97	3.1162553	7.2647696	159.20999	0.41609183
10192000	2185.96	120	2803	48502.15	3.1478684	8.946971	152.3989	0.3029185
10208000	2198.38	120	2803	48578.6	3.4371119	7.7493753	150.85895	0.35165706
10224000	2258.98	120	2803	48656.17	2.8612423	5.904597	89.72639	0.31305653
10240000	2322.15	120	2803	48734.52	2.8397002	5.4050384	86.37595	0.33143908
10256000	2350.87	523	2803	48812.26	2.8563967	4.8791623	65.768234	0.24207902
10272000	2214.75	120	2802	48890.01	3.561206	7.194595	127.26565	0.3246715
10288000	1975.64	120	2802	48966.5	3.6548872	5.9995265	103.95892	0.3846696
10304000	2076.54	575	2803	49045.4	3.6641138	5.6410866	70.801926	0.3050413
10320000	2284.6	575	2804	49123.7	3.6018224	7.1030016	132.32152	0.30177158
10336000	2473.12	784	2804	49202.69	3.8939333	5.3747754	54.98552	0.3920051
10352000	2465.28	784	2804	49281.88	3.9901764	8.535441	115.55568	0.38144815
10368000	2431.37	784	2804	49359.21	3.3826354	5.848864	97.98199	0.42767465
10384000	2470.47	586	2804	49437.0	3.227382	5.715676	84.56004	0.38675195
10400000	2370.72	120	2804	49515.42	2.5882638	5.604595	89.37899	0.30724788
10416000	2396.69	120	2804	49593.38	2.9442585	8.387952	133.82555	0.3468998
10432000	2374.82	120	2804	49670.95	2.7670102	9.194972	161.61943	0.33711082
10448000	2369.81	582	2804	49749.09	2.9742668	9.445705	145.36784	0.30302432
10464000	2375.92	582	2804	49826.81	2.9582472	8.447901	144.05875	0.27822834
10480000	2455.68	789	2804	49904.49	2.5412354	7.6418047	138.37566	0.28858376
10496000	2587.18	120	2804	49982.87	2.1575289	4.1700573	65.46946	0.2840063
10512000	2407.91	120	2803	50058.93	2.7383137	9.184234	205.51685	0.25586396
10528000	2120.98	120	2803	50136.33	2.9501114	9.051326	144.35295	0.3180321
10544000	2180.73	384	2804	50214.62	2.8163736	7.9036193	132.59163	0.35741615
10560000	2310.43	384	2804	50292.32	3.091097	6.8255963	103.6488	0.31371966
10576000	2360.97	776	2804	50369.45	3.0931993	5.616137	109.861336	0.37768653
10592000	2329.45	776	2804	50446.86	3.3272076	6.7810307	146.81377	0.42299753
10608000	2438.43	775	2804	50523.96	3.7639742	8.314817	158.42502	0.34208322
10624000	2572.41	775	2804	50602.59	3.3556283	6.0188713	131.13222	0.39300895
10640000	2592.6	775	2805	50680.3	2.6084049	3.0534315	33.227757	0.42531824
10656000	2603.83	771	2805	50758.98	2.3139067	4.3172536	60.369793	0.35551873
10672000	2527.76	771	2805	50836.79	2.7025561	6.6983066	119.30036	0.3051723
10688000	2349.09	120	2804	50915.39	2.31467	4.9427285	96.49882	0.31682873
10704000	2321.8	120	2804	50993.27	3.0462172	7.9900417	120.72415	0.3943263
10720000	2181.99	120	2805	51071.4	3.385525	10.274541	156.12154	0.371376
10736000	1894.08	585	2805	51148.59	4.184189	10.695837	159.15236	0.39770606
10752000	1862.78	779	2803	51224.79	5.972972	17.100748	159.17291	0.32379025
10768000	1960.07	586	2803	51302.21	5.8455734	15.95943	258.54843	0.4074605
10784000	2274.7	120	2804	51380.52	5.4212604	13.1331215	165.87123	0.5067561
10800000	2401.38	120	2805	51458.54	5.955615	14.369561	136.93106	0.55019987
10816000	2355.18	783	2805	51535.77	5.0381036	12.958292	210.19418	0.45878625
10832000	2407.66	589	2805	51613.9	4.2380605	10.130967	160.77399	0.52483666
10848000	2399.75	120	2804	51691.37	3.4662812	9.204764	150.16261	0.38517612
10864000	2400.52	120	2804	51768.72	3.4103212	9.249911	145.63356	0.3744936
10880000	2468.88	120	2804	51847.71	2.5093033	5.689671	95.11247	0.28681746
10896000	2547.79	120	2804	51926.2	2.4111063	6.0354424	88.13774	0.23321794
10912000	2537.79	120	2804	52004.82	2.4099689	6.3837924	115.81714	0.277404
10928000	2551.01	397	2804	52083.49	2.4887364	5.645321	72.83637	0.27583444
10944000	2548.89	397	2804	52162.41	2.0273778	4.5089073	77.53178	0.26791093
10960000	2557.85	766	2804	52241.19	2.0402117	6.1316752	162.10422	0.2992872
10976000	2623.62	766	2803	52320.24	1.9893322	4.713844	109.76005	0.28139
10992000	2560.83	796	2803	52397.34	2.0499585	4.5656824	75.88456	0.3175847
11008000	2579.27	796	2803	52475.09	2.0715313	5.4372153	107.805176	0.26408172
11024000	2517.65	785	2804	52552.97	2.2493346	8.462458	171.32788	0.26339287
11040000	2335.67	120	2805	52629.59	2.2871642	5.360535	65.264145	0.25392732
11056000	2264.32	120	2805	52706.62	3.0454278	6.5054135	62.6577	0.33418268
11072000	2329.18	120	2805	52784.85	3.3476582	8.073658	113.43782	0.31220275
11088000	2471.93	120	2804	52864.02	2.903858	7.33074	90.812225	0.30310676
11104000	2545.29	579	2804	52942.77	3.0100508	7.571626	83.21921	0.2710322
11120000	2576.64	579	2804	53019.77	3.0051363	6.6176977	74.760864	0.26989484
11136000	2520.0	120	2804	53097.84	2.5925658	5.433581	67.42721	0.23344406
11152000	2260.06	120	2804	53172.99	2.8611875	7.317443	111.93933	0.26814863
11168000	1782.61	120	2803	53247.29	4.060284	9.4331	120.15528	0.34770688
11184000	1951.97	782	2804	53324.71	4.31463	7.997614	76.08771	0.36264956
11200000	2165.06	773	2804	53400.99	4.762488	8.80482	94.50632	0.39137307
11216000	2256.42	539	2804	53477.28	5.1595273	9.189637	126.084236	0.4362806
11232000	2367.52	539	2803	53554.39	4.8777704	8.888786	132.56876	0.3441155
11248000	2424.73	120	2803	53632.37	5.0376406	8.751289	100.814064	0.44676065
11264000	2410.41	120	2803	53710.38	4.524408	7.829528	85.577675	0.541205
11280000	2421.06	120	2803	53787.88	4.0738354	8.446926	117.0158	0.4061111
11296000	2469.71	120	2803	53865.18	3.5761034	8.353264	76.816055	0.29784054
11312000	2432.72	120	2804	53942.26	2.491478	5.457167	75.76247	0.31323192
11328000	2475.68	120	2804	54020.69	2.6743047	7.8273664	186.44954	0.2477245
11344000	2531.75	798	2804	54099.16	2.355662	6.577982	117.92227	0.2918157
11360000	2600.5	791	2804	54168.32	1.8941666	4.3146853	73.86047	0.17332064
11376000	2625.36	791	2804	54236.45	1.7931553	3.926894	61.746338	0.2338394
11392000	2559.91	120	2804	54304.12	2.2511158	6.9159937	138.24207	0.2906287
11408000	2518.6	120	2803	54372.06	2.097273	4.5851097	72.8885	0.2592526
11424000	2472.13	120	2803	54440.26	2.3702834	5.0882573	67.14162	0.34964514
11440000	2485.9	120	2803	54507.19	2.7897987	5.988485	68.217964	0.39313063
11456000	2543.33	120	2803	54575.53	2.6099248	5.214152	64.565544	0.21878079
11472000	2481.71	582	2803	54643.48	3.1583307	7.0283065	88.21987	0.32654402
11488000	2499.26	120	2803	54711.02	3.5447447	9.519688	161.01494	0.37967175
11504000	2413.55	120	2803	54778.63	2.8494282	6.800113	73.72732	0.3781825
11520000	2487.98	120	2803	54846.74	2.5463836	5.18046	63.70392	0.29682955
11536000	2417.8	120	2803	54913.19	2.8417726	7.267036	151.61757	0.3079063
11552000	2476.75	120	2804	54980.54	3.1860476	9.151354	155.17369	0.2951069
11568000	2373.91	120	2804	55047.89	2.8215322	7.5080447	150.09492	0.36876535
11584000	2478.5	775	2804	55115.24	2.9735532	5.8763466	63.563866	0.43623075
11600000	2428.72	120	2803	55184.03	2.622313	6.9164653	153.99078	0.36343932
11616000	2494.13	120	2803	55251.79	2.8048518	6.541007	144.72273	0.36156324
11632000	2485.68	763	2804	55320.62	2.47689	4.70294	67.28093	0.32583892
11648000	2488.41	768	2804	55388.39	2.8536153	6.243628	70.55454	0.33619794
11664000	2489.13	768	2804	55455.93	2.1477175	4.996155	80.767586	0.20922141
11680000	2543.18	796	2804	55523.62	2.7954495	9.565715	149.03604	0.31948978
11696000	2385.57	773	2805	55592.69	3.0200672	10.526523	161.63814	0.23194167
11712000	1930.87	120	2805	55661.05	4.5133243	15.044113	174.86215	0.31637624
11728000	1940.02	120	2805	55728.28	5.071587	14.660815	140.37242	0.32866973
11744000	2154.01	113	2805	55796.76	5.314153	15.772639	168.57762	0.3886997
11760000	2305.35	113	2805	55864.83	4.8391504	12.369249	141.48656	0.41840088
11776000	2264.96	113	2804	55932.5	5.4788113	16.186758	226.72711	0.36163944
11792000	2238.92	120	2804	55999.83	5.841794	14.044785	118.36925	0.37922445
11808000	2088.99	120	2804	56067.55	6.947494	15.799572	143.2556	0.49597037
11824000	2001.91	120	2804	56135.45	6.122158	14.225	131.60068	0.5924579
11840000	2117.48	120	2804	56202.59	6.123262	13.49133	143.73518	0.46898448
11856000	2172.35	120	2804	56268.04	6.1474185	15.497216	180.18576	0.39046293
11872000	1917.96	120	2803	56333.9	6.6692324	13.637335	101.907936	0.48843938
11888000	1923.25	767	2803	56400.28	5.872337	12.214765	126.229485	0.40558422
11904000	2140.42	783	2803	56467.2	5.859123	13.897405	128.3956	0.44396675
11920000	2275.76	120	2803	56535.57	4.981092	11.149897	119.87202	0.31400055
11936000	2304.66	120	2803	56604.07	5.7077255	12.516595	140.33528	0.34109443
11952000	2294.7	120	2803	56671.1	4.699545	10.827796	128.13942	0.38528106
11968000	2337.38	120	2804	56737.75	4.384803	9.090406	99.21417	0.4223604
11984000	2331.59	120	2804	56806.42	3.7211523	9.068589	94.91932	0.4655075
12000000	2427.83	768	2804	56875.18	3.5966299	8.081733	108.83502	0.43014145
12016000	2370.08	768	2804	56943.65	3.5817955	8.975826	111.96398	0.389899
12032000	2453.4	769	2804	57011.83	3.135646	5.5959373	59.481117	0.38305026
12048000	2492.09	398	2804	57080.74	2.6984224	5.239449	74.44546	0.40801102
12064000	2575.39	398	2805	57148.34	3.418955	9.06982	140.06415	0.40088922
12080000	2511.81	398	2805	57216.0	2.5973134	5.8775682	139.15665	0.38138175
12096000	2457.85	767	2805	57284.22	3.1560767	6.835767	88.44915	0.38041812
12112000	2499.12	794	2804	57352.52	2.5279117	4.362201	48.70594	0.24080174
12128000	2524.59	794	2804	57421.12	2.6295135	6.427148	118.83795	0.3500551
12144000	2480.21	767	2804	57489.36	3.008351	8.094606	136.14853	0.402974
12160000	2421.06	767	2804	57558.04	2.6774776	6.4581575	106.47298	0.30886048
12176000	2477.5	775	2804	57625.86	3.0558047	8.184689	151.0298	0.3642339
12192000	2527.31	120	2804	57694.63	2.4511802	6.0597706	76.68195	0.2808754
12208000	2519.44	120	2804	57762.15	3.1279442	9.9950695	132.52385	0.29131073
12224000	2519.24	120	2804	57831.26	2.5153277	8.2309885	109.025406	0.22827192
12240000	2431.46	120	2804	57899.17	2.749837	7.999112	100.309616	0.28533053
12256000	2431.43	120	2804	57967.71	1.8693701	5.1563025	118.446365	0.2844474
12272000	2471.2	120	2804	58036.27	2.4972627	6.1679296	65.59094	0.35123333
12288000	2554.85	786	2804	58104.24	2.1851513	4.7786636	65.96726	0.36229324
12304000	2508.62	786	2805	58171.34	2.873182	8.203577	126.452896	0.38499576
12320000	2432.23	789	2806	58239.15	2.7600577	6.241057	90.33823	0.405166
12336000	2393.88	768	2806	58307.05	2.724689	5.5570545	72.235596	0.32977712
12352000	2366.52	768	2805	58374.59	2.4817195	4.969769	73.2134	0.24920958
12368000	2417.55	768	2805	58442.5	2.6963434	4.6432157	49.461624	0.19968756
12384000	2468.27	797	2806	58510.78	3.138673	9.253856	153.88342	0.3045978
12400000	2581.85	797	2806	58579.3	2.654533	6.0496607	60.080326	0.25339025
12416000	2524.51	582	2806	58647.36	2.6935382	7.74247	151.4519	0.3172592
12432000	2560.5	582	2806	58714.7	2.7179737	6.5279694	75.14081	0.26866674
12448000	2519.47	582	2804	58783.25	2.4203658	7.500165	151.82893	0.26232266
12464000	2605.14	798	2804	58852.28	1.8983986	4.377336	99.892784	0.26174316
12480000	2594.55	582	2804	58921.59	2.2006552	7.1031594	161.39119	0.24797408
12496000	2566.9	120	2804	58990.53	1.6217517	3.2918303	52.19504	0.26070338
12512000	2524.88	120	2804	59059.52	2.142342	5.4232616	86.554756	0.24519658
12528000	2457.75	120	2805	59128.12	2.6317794	8.238853	116.2277	0.2686332
12544000	2433.43	314	2805	59196.19	2.4522042	6.054422	91.70052	0.2636143
12560000	2480.02	314	2805	59263.66	2.6500654	6.023798	89.5904	0.30859762
12576000	2512.15	314	2804	59332.45	2.834605	9.541643	150.15434	0.28552336
12592000	2615.97	778	2804	59401.61	2.9038682	7.3912444	113.29165	0.31710982
12608000	2535.45	776	2804	59469.67	2.9626584	8.473351	149.28723	0.40199465
12624000	2540.12	120	2804	59537.92	3.0177832	6.7575636	114.45923	0.29314896
12640000	2487.34	120	2804	59605.08	3.2078493	9.703551	146.26172	0.33903152
12656000	2535.32	120	2804	59674.34	2.288412	6.299424	149.27422	0.26673046
12672000	2637.12	120	2804	59743.42	2.4261591	7.0001464	139.955	0.28225714
12688000	2599.05	120	2804	59812.82	2.158238	5.017543	92.12833	0.22570422
12704000	2632.52	788	2804	59881.72	2.0107136	5.2122707	70.21617	0.29595292
12720000	2549.51	120	2804	59950.5	1.8371081	5.845245	110.4463	0.26653004
12736000	2473.86	120	2804	60019.29	2.0469043	7.598282	164.95468	0.20213759
12752000	2480.41	120	2804	60088.29	2.8169508	9.5067835	136.6926	0.2354173
12768000	2460.59	120	2804	60155.85	2.0689569	5.891648	77.20378	0.2714897
12784000	2522.71	523	2804	60224.62	2.2979622	7.218474	158.69347	0.22865146
12800000	2482.64	120	2804	60293.09	2.213556	6.50489	92.42455	0.21822679
12816000	2535.18	120	2804	60361.59	2.8774753	9.345957	146.09381	0.22395849
12832000	2114.51	120	2804	60428.26	3.9724507	13.010058	178.777	0.2640927
12848000	1764.7	120	2803	60496.13	5.0516033	16.986746	175.82695	0.29848439
12864000	1973.32	120	2804	60564.23	5.394182	16.779602	181.64005	0.31905156
12880000	2262.07	120	2804	60631.53	5.2872133	15.773293	149.1271	0.25555742
12896000	2267.08	120	2804	60699.01	5.643665	13.982356	128.06747	0.35256028
12912000	2181.82	120	2804	60765.68	5.5564346	14.078088	138.40947	0.36020818
12928000	2267.31	120	2804	60834.04	5.541909	11.753679	120.67689	0.33281496
12944000	2426.55	792	2804	60903.55	4.8021727	9.146262	87.82406	0.41208175
12960000	2535.67	406	2804	60971.71	3.907717	7.216077	76.55956	0.33095938
12976000	2408.13	120	2804	61040.26	4.3836746	8.228401	84.452	0.36333844
12992000	2400.47	120	2804	61108.52	4.660676	9.374865	131.99583	0.5106305
13008000	2402.26	742	2804	61177.55	4.7738576	10.572459	161.75247	0.4445132
13024000	2423.83	120	2804	61245.98	4.287629	8.986342	129.72395	0.50425714
13040000	2262.04	120	2804	61314.51	4.984112	10.873059	149.66257	0.4901176
13056000	2320.0	120	2804	61382.6	4.455847	8.904995	102.293945	0.5323732
13072000	2421.69	120	2804	61450.94	4.7057405	9.796329	167.37552	0.36613762
13088000	2588.41	523	2804	61521.04	4.69937	9.582448	94.562515	0.4899993
13104000	2648.57	798	2804	61590.16	4.46537	9.812012	110.36714	0.49475366
13120000	2582.32	120	2804	61658.15	3.550011	7.7711473	80.28355	0.4010322
13136000	2513.81	120	2804	61727.09	2.6240366	4.617535	55.378445	0.35972393
13152000	2450.0	120	2805	61796.1	2.7579813	5.319416	71.67226	0.25732616
13168000	2480.52	120	2805	61863.91	3.236752	9.568731	146.54259	0.28597465
13184000	2554.49	797	2804	61933.24	2.7935193	6.574019	63.72607	0.26550436
13200000	2521.97	579	2804	62002.39	2.3587227	6.3877745	126.43818	0.22967926
13216000	2425.22	120	2804	62070.1	2.6497295	6.779492	126.70871	0.2537334
13232000	2318.27	120	2804	62138.68	2.3372164	5.021135	93.85105	0.2341071
13248000	2467.31	412	2803	62208.68	2.4812083	6.1444087	86.81268	0.234945
13264000	2495.39	-101	2803	62276.74	2.3264318	5.3507423	62.18311	0.29040262
13280000	2633.04	-101	2803	62344.37	1.97902	4.818928	67.480705	0.3093985
13296000	2506.0	-101	2804	62413.22	2.422672	6.550436	145.77019	0.22390984
13312000	2429.1	703	2804	62481.26	2.0301502	6.141694	103.05891	0.19114026
13328000	2432.88	798	2804	62550.21	2.209348	6.187736	84.7443	0.18958116
13344000	2451.59	798	2803	62617.85	2.6087742	7.4394913	121.81542	0.18405697
13360000	2553.6	798	2803	62686.56	2.442314	6.182006	67.58499	0.19095483
13376000	2527.63	120	2803	62754.9	2.8128133	6.8045745	97.48618	0.27630377
13392000	2510.36	120	2803	62822.18	2.4833212	6.408727	91.96267	0.24714863
13408000	2506.07	120	2803	62890.89	2.8327017	6.366229	70.59159	0.26203877
13424000	2428.8	523	2803	62958.9	2.6373878	8.374687	150.16574	0.29270285
13440000	2458.77	120	2803	63027.71	2.6163979	7.4877205	133.46344	0.22949326
13456000	2436.72	120	2803	63096.72	2.9984071	7.333951	101.83744	0.2783274
13472000	2487.52	120	2803	63164.03	3.9083924	8.891823	154.4026	0.3098775
13488000	2488.26	120	2803	63232.1	3.6307683	8.554949	142.3866	0.26454097
13504000	2544.61	385	2803	63299.9	3.2927096	5.921739	86.62792	0.28320324
13520000	2490.51	385	2803	63368.2	3.452495	7.6629014	140.86584	0.25462124
13536000	2409.31	579	2803	63436.15	4.0109124	8.41311	120.99301	0.34335747
13552000	2404.41	588	2804	63504.34	3.8795404	8.1527405	111.617714	0.28945068
13568000	2456.87	588	2804	63573.61	3.5510876	6.952962	71.15749	0.31793082
13584000	2569.68	582	2804	63642.9	3.8827455	7.4838486	69.91867	0.32260412
13600000	2581.64	582	2803	63710.61	3.4443972	7.289647	72.91421	0.29352546
13616000	2439.07	582	2804	63778.68	3.231947	6.410361	93.17686	0.32411978
13632000	2501.19	783	2804	63847.54	3.481481	7.6112	142.48233	0.27231526
13648000	2512.29	758	2804	63916.24	3.2728834	6.3679204	65.36288	0.3501503
13664000	2607.91	758	2804	63985.04	2.770136	6.1567707	99.229355	0.2956362
13680000	2594.26	788	2804	64054.21	3.1260262	7.1402283	92.88997	0.34283367
13696000	2549.63	783	2804	64122.12	2.8453658	5.665485	76.35864	0.30749246
13712000	2542.85	783	2804	64190.3	2.8437388	6.1824713	95.6327	0.32842594
13728000	2526.06	589	2804	64258.35	2.922494	7.118282	100.93891	0.3427949
13744000	2526.28	27	2804	64327.41	2.8087482	9.332625	158.6357	0.3043341
13760000	2540.01	27	2804	64395.59	2.627127	8.691456	140.40874	0.2243896
13776000	2437.43	27	2804	64464.06	2.8187973	8.279194	134.96663	0.29141378
13792000	2392.39	133	2804	64531.55	2.5659466	6.3740387	83.85809	0.22098684
13808000	2448.68	133	2804	64600.9	2.8233929	8.143656	134.81714	0.23886055
13824000	2548.72	401	2804	64669.72	3.2504458	7.9216533	154.60004	0.28571033
13840000	2621.25	766	2804	64738.99	2.757045	6.756126	163.48846	0.28494424
13856000	2548.27	798	2804	64806.9	3.2598834	9.087627	141.63554	0.2978313
13872000	2194.63	582	2804	64874.53	4.414138	14.982374	176.80057	0.29357693
13888000	1895.39	120	2804	64943.33	5.381178	16.617002	142.99794	0.32152063
13904000	1962.52	120	2804	65010.72	5.3074	15.434611	124.22484	0.29097039
13920000	2031.07	582	2804	65079.51	6.296384	17.475231	173.98859	0.34154812
13936000	2296.69	582	2804	65147.87	6.3807697	16.82924	145.25388	0.2874157
13952000	2121.45	120	2804	65215.34	6.5311937	16.908245	176.2296	0.23997755
13968000	2251.37	120	2803	65283.3	7.37387	17.915447	174.19443	0.33244854
13984000	2308.54	120	2804	65352.52	4.246584	13.094401	159.03036	0.25172222
14000000	2557.61	120	2804	65420.55	4.4794707	13.726816	155.28442	0.25186333
14016000	2587.91	120	2804	65490.26	3.911356	12.9242935	213.64337	0.28008842
14032000	2493.83	120	2803	65559.79	3.49105	11.752139	162.36049	0.33286548
14048000	2544.55	120	2803	65627.87	3.6620007	12.740887	175.95006	0.30734578
14064000	2513.44	120	2803	65696.18	3.0944457	8.87166	130.27667	0.3124804
14080000	2508.34	582	2803	65764.03	2.4916754	6.869566	125.86655	0.29240316
14096000	2387.57	120	2804	65831.92	2.899	9.1421175	124.26335	0.31199428
14112000	2446.91	120	2804	65900.26	2.3815124	7.5535355	137.44275	0.26903197
14128000	2546.82	120	2803	65968.17	2.694733	9.497944	136.46475	0.19395225
14144000	2456.89	789	2804	66035.05	2.1684046	6.9018936	159.82098	0.27294138
14160000	2455.16	768	2804	66103.49	2.0403626	4.8078384	65.303314	0.2185826
14176000	2376.69	582	2803	66171.13	2.4727283	6.5029383	81.81631	0.25210965
14192000	2358.83	582	2803	66238.31	2.4008315	6.7210603	101.03444	0.2511831
14208000	2368.71	582	2804	66305.73	3.1633432	9.550576	156.51984	0.22641812
14224000	2415.82	120	2804	66373.69	3.4190824	8.785816	122.81371	0.1761797
14240000	2463.66	120	2804	66441.19	3.67294	10.696593	150.11322	0.30026624
14256000	2465.3	120	2803	66509.57	2.9773862	7.2372518	112.424034	0.2504009
14272000	2533.96	618	2803	66577.25	3.4371238	7.9347377	90.44794	0.28082424
14288000	2517.55	582	2803	66645.73	3.0165424	6.4527216	76.00507	0.20705158
14304000	2503.17	582	2803	66714.0	3.1861744	7.9812746	157.7267	0.2037816
14320000	2519.15	582	2803	66782.34	2.811436	7.27177	157.02313	0.2640325
14336000	2463.55	582	2803	66850.8	2.7472947	8.563025	177.74036	0.18076514
14352000	2469.76	582	2803	66919.14	2.936593	8.333141	152.40228	0.21413444
14368000	2425.98	582	2803	66987.27	2.1938977	5.6114917	98.29951	0.18067488
14384000	2441.56	797	2803	67055.49	2.9274561	9.001576	156.24243	0.19202766
14400000	2369.48	120	2803	67123.89	2.8715756	8.936025	155.37288	0.23227577
14416000	2323.27	120	2803	67192.85	3.1376514	10.983332	155.74232	0.21233429
14432000	2155.93	120	2802	67261.04	3.3843665	11.78938	153.92886	0.21399504
14448000	2305.44	582	2803	67330.31	3.0000546	8.688852	129.00316	0.21976264
14464000	2351.2	575	2803	67398.66	2.8365402	9.653568	144.65366	0.15735698
14480000	2482.41	575	2803	67467.82	3.1716645	10.139169	143.0432	0.23240094
14496000	2456.2	582	2803	67535.98	2.5087981	7.7363734	152.34404	0.24957332
14512000	2543.57	582	2803	67605.27	2.1447673	5.832096	98.581154	0.2011947
14528000	2481.98	582	2803	67673.26	2.3981836	5.101344	77.3838	0.18050534
14544000	2525.8	795	2803	67742.5	1.9455844	3.6703517	44.328377	0.17799783
14560000	2541.96	795	2803	67811.47	1.8078858	3.674721	45.804684	0.11506027
14576000	2549.73	797	2803	67880.42	2.2088912	6.7110376	150.4689	0.16413271
14592000	2569.89	786	2802	67950.05	1.9258114	4.217819	42.688847	0.16294864
14608000	2635.72	786	2802	68018.66	1.5310671	3.1959689	45.613735	0.1925928
14624000	2604.24	582	2803	68087.79	1.6869028	4.0971155	61.427402	0.17386821
14640000	2577.7	582	2803	68156.5	1.9786658	6.2371426	113.133804	0.14891024
14656000	2505.02	111	2803	68224.29	2.022082	7.5712724	154.13005	0.107376605
14672000	2454.19	111	2803	68291.37	2.2553246	7.462038	135.86612	0.16759616
14688000	2449.09	111	2803	68359.2	2.4897773	8.461985	143.4989	0.21730724
14704000	2532.44	676	2803	68428.26	2.338038	7.489046	160.18678	0.21427016
14720000	2540.37	794	2803	68495.78	2.8967912	8.164466	134.12805	0.22088534
14736000	2527.98	120	2803	68564.22	2.494341	6.7569103	94.633545	0.13257942
14752000	2427.19	120	2803	68632.06	2.6475518	8.995446	155.85133	0.15640435
14768000	2434.29	120	2803	68700.74	2.830419	10.040367	153.47769	0.12035443
14784000	2423.36	120	2803	68767.94	2.9601119	9.702868	151.32715	0.16121599
14800000	2213.53	120	2803	68834.38	3.183551	10.6012	153.46124	0.14481989
14816000	1773.09	120	2802	68900.54	5.5286274	16.693222	162.62883	0.19461393
14832000	1814.35	120	2802	68968.51	5.093084	15.108776	146.89311	0.18974273
14848000	2100.98	120	2802	69036.19	5.291914	13.913018	131.057	0.20645761
14864000	2205.09	120	2802	69104.28	5.308523	13.940865	161.21388	0.1800414
14880000	2099.9	120	2802	69172.17	4.68942	12.764213	159.38458	0.19510762
14896000	1761.92	120	2803	69240.7	6.671315	17.56291	158.26413	0.2630304
14912000	1859.52	120	2803	69308.88	5.5544357	15.79286	176.26398	0.2068549
14928000	2002.54	120	2803	69377.15	7.0454865	17.133226	135.93454	0.22809315
14944000	2016.72	120	2803	69445.08	6.6767354	17.706366	144.66467	0.2360466
14960000	2059.25	359	2804	69512.92	8.534608	16.460014	117.829056	0.28965804
14976000	2027.34	359	2804	69579.42	7.910512	15.944618	134.30621	0.22351363
14992000	2156.97	523	2803	69647.24	6.8108115	14.464922	148.05435	0.35490546
15008000	2148.34	120	2803	69714.76	6.8483586	14.394755	101.74649	0.5026267
15024000	2012.46	120	2803	69782.41	5.9326487	12.098848	95.04069	0.45732576
15040000	2144.57	120	2804	69851.43	5.6043334	12.070565	105.17514	0.47093713
15056000	2242.61	412	2804	69919.56	4.0416617	9.366979	104.820465	0.39605936
15072000	2465.3	797	2804	69985.74	4.9393635	11.518912	136.05182	0.3359738
15088000	2444.68	797	2803	70054.77	3.8042815	8.620801	145.41504	0.41569495
15104000	2406.94	786	2803	70122.94	3.3150163	10.196683	143.38387	0.31154633
15120000	2303.63	786	2803	70189.35	4.097967	14.642191	234.46475	0.30227214
15136000	2288.03	786	2803	70257.41	3.6879935	12.32178	142.1478	0.17966607
15152000	2426.3	794	2803	70324.95	4.4383187	14.140658	139.44872	0.21944311
15168000	2558.84	794	2804	70393.42	4.05096	12.07389	145.79614	0.19036141
15184000	2459.0	794	2804	70461.55	3.6640503	10.535977	120.76381	0.21958773
15200000	2354.08	589	2804	70528.76	4.397922	11.121337	115.39198	0.2223209
15216000	2292.56	589	2804	70597.01	3.5482588	8.367882	163.01419	0.25284338
15232000	2396.45	589	2803	70665.13	2.6790004	6.8305154	132.07329	0.28444797
15248000	2511.79	589	2803	70734.75	3.3234625	8.068897	113.52004	0.27731696
15264000	2554.24	589	2803	70802.6	3.4221022	8.723837	114.46617	0.33220994
15280000	2457.11	791	2803	70870.75	2.7366002	7.428731	150.3584	0.23284946
15296000	2470.57	791	2803	70938.92	3.207951	10.996402	153.66135	0.19457346
15312000	2419.7	791	2802	71006.38	3.3126657	10.946493	152.20071	0.20129398
15328000	2416.33	784	2803	71074.58	3.2879596	10.063662	139.15598	0.232659
15344000	2373.34	-101	2803	71142.38	2.4364698	6.9345956	157.90906	0.13944456
15360000	2447.09	-101	2803	71211.12	2.165197	5.0014615	61.544853	0.20107242
15376000	2408.68	-101	2802	71278.51	2.7347748	9.355046	142.82883	0.2416424
15392000	2410.66	113	2801	71347.06	2.7497175	5.472278	67.628334	0.220914
15408000	2383.59	113	2802	71415.18	3.358329	8.116603	89.939514	0.22520266
15424000	2463.21	113	2803	71482.91	3.052139	6.9960866	92.855865	0.22365402
15440000	2497.05	589	2803	71551.51	3.258395	8.1719675	119.587616	0.30141902
15456000	2600.64	589	2803	71619.93	2.8556721	8.329173	214.22977	0.24345487
15472000	2601.24	582	2803	71688.99	2.9539094	9.05908	158.87392	0.2217728
15488000	2594.47	582	2804	71758.48	2.8541524	9.59937	154.93909	0.2595441
15504000	2474.01	582	2804	71826.92	2.5118408	8.580259	159.7221	0.23880433
15520000	2591.87	794	2804	71895.82	2.1162152	5.326913	65.580345	0.16820478
15536000	2543.14	781	2804	71964.14	1.5898869	5.5894074	138.41277	0.19628307
15552000	2577.37	781	2804	72032.53	2.4510918	9.612261	155.54816	0.16325907
15568000	2564.72	781	2804	72099.88	2.2940102	6.2474656	164.3554	0.23795398
15584000	2540.71	388	2804	72168.35	2.3487806	6.285863	160.75171	0.23559687
15600000	2530.79	120	2803	72237.48	2.833726	9.422646	156.94888	0.2633822
15616000	2449.65	120	2803	72306.66	2.06323	6.458447	162.53381	0.19637817
15632000	2560.68	120	2802	72376.76	2.5209382	6.983612	160.3248	0.22640216
15648000	2579.56	120	2802	72445.56	2.051888	5.1758842	75.184875	0.15722433
15664000	2419.38	111	2803	72513.63	2.4166846	8.942623	191.4915	0.19545808
15680000	2416.38	111	2803	72581.93	2.6467528	10.393883	212.99797	0.21811418
15696000	2369.07	111	2803	72650.1	2.5081193	7.841284	105.94997	0.16855639
15712000	2527.05	120	2802	72719.64	2.49009	6.8658376	122.83686	0.17785883
15728000	2453.76	120	2802	72787.83	2.6738849	7.2530313	113.85083	0.19536501
15744000	2462.68	120	2802	72856.6	2.4177787	8.438778	167.51933	0.21429719
15760000	2513.49	120	2802	72924.58	2.9518538	10.057454	145.25255	0.22437735
15776000	2532.06	120	2802	72992.03	2.12699	6.7669797	129.11008	0.20127705
15792000	2558.53	120	2802	73059.83	2.1327672	4.9535007	90.74327	0.21483842
15808000	2567.79	120	2802	73129.1	2.2963057	6.3545165	86.13918	0.17951743
15824000	2636.55	1221	2802	73197.89	2.4353907	5.3367934	63.651245	0.22788532
15840000	2581.38	120	2802	73265.41	2.1251845	3.410126	37.56853	0.19656658
15856000	2450.55	120	2802	73332.58	2.0638485	4.0532327	51.589115	0.21262258
15872000	2301.33	120	2802	73400.68	2.6515791	8.84765	181.9594	0.15772596
15888000	2269.38	120	2803	73469.78	2.323859	7.6440735	163.72934	0.1394014
15904000	2347.98	120	2803	73537.9	2.3732018	5.6178627	70.47974	0.19545038
15920000	2197.02	120	2802	73606.5	3.6460357	13.69788	156.86528	0.17045303
15936000	2244.24	120	2802	73675.57	3.6169853	13.393879	158.60431	0.15630901
15952000	2152.54	120	2803	73743.9	3.6056004	13.626835	156.55775	0.18671803
15968000	2495.93	406	2803	73812.56	3.5016637	13.693343	169.98044	0.2144236
15984000	2437.19	406	2803	73880.82	2.963189	11.759646	137.62503	0.15517384
16000000	2533.59	406	2803	73949.88	2.8620787	9.801725	102.834045	0.17527062
16016000	2453.02	794	2802	74018.56	2.2989163	7.9135957	103.02412	0.16294946
16032000	2390.99	794	2802	74086.15	2.271942	7.354653	153.12912	0.17997001
16048000	2379.6	582	2802	74154.34	2.7096963	7.158448	77.59873	0.22428884
16064000	1478.9	582	2801	74221.4	4.5071874	15.50147	162.36238	0.24857825
16080000	1278.37	794	2801	74288.37	8.008061	20.888363	203.92474	0.21995981
16096000	1639.52	784	2801	74355.92	8.860514	18.783306	136.59137	0.22867998
16112000	2123.72	582	2801	74424.48	8.655569	17.556648	134.86635	0.23664038
16128000	2301.96	582	2803	74491.46	8.36573	17.152384	160.27505	0.2401069
16144000	2174.13	783	2803	74559.71	8.366276	16.83113	125.05592	0.26987284
16160000	2117.29	778	2803	74628.5	7.121314	15.524788	142.05818	0.22099894
16176000	2100.8	778	2802	74696.05	6.251052	14.541557	114.63907	0.22394086
16192000	2142.25	778	2802	74764.49	5.2464657	13.071253	130.05533	0.32231998
16208000	2163.82	784	2802	74832.28	4.3996034	12.639702	231.3988	0.28300244
16224000	2270.2	786	2802	74899.09	4.9035125	11.952721	126.61154	0.2589522
16240000	2391.91	783	2802	74967.8	4.867953	11.675368	136.26514	0.36058134
16256000	2447.47	783	2802	75036.77	3.5571845	7.3927064	80.1853	0.37727785
16272000	2494.52	582	2802	75104.19	3.2233052	6.950271	78.369804	0.27294818
16288000	2497.11	582	2802	75172.52	3.2903495	8.265786	110.23726	0.23192737
16304000	2502.15	783	2802	75241.18	2.5611925	6.2962217	72.87601	0.2951643
16320000	2409.96	582	2802	75309.86	3.2889702	9.791217	132.54826	0.227179
16336000	2462.24	582	2802	75378.16	2.7904015	8.184873	105.62022	0.22526886
16352000	2479.52	778	2803	75447.01	2.276821	7.29945	98.42456	0.18898894
16368000	2427.54	589	2803	75514.69	2.8873198	7.97316	86.28664	0.17005816
16384000	2403.45	589	2803	75582.2	3.0718827	7.6942263	73.149254	0.25189918
16400000	2345.78	589	2803	75649.42	3.8761168	10.476752	157.12082	0.24845426
16416000	2404.65	784	2802	75717.07	3.9275532	10.512607	158.99475	0.2471801
16432000	2396.92	797	2802	75785.2	2.613126	5.760672	75.26521	0.258547
16448000	2468.78	120	2803	75853.78	3.3636851	9.726559	158.47911	0.24687879
16464000	2411.88	120	2803	75921.19	3.5282145	9.880827	158.9736	0.27804524
16480000	2364.6	120	2803	75989.44	3.0718615	9.708421	151.16501	0.1999315
16496000	2425.8	120	2803	76057.75	2.4889445	7.6148753	117.72094	0.17531657
16512000	2478.73	120	2803	76126.28	2.635901	8.353002	156.12526	0.19500184
16528000	2418.07	120	2802	76193.92	2.2725139	7.431126	149.15503	0.19956884
16544000	1844.01	120	2802	76259.0	4.3625574	16.719282	158.70007	0.23453525
16560000	1600.72	133	2802	76326.36	5.8165264	16.448503	152.24013	0.24790026
16576000	1571.9	133	2803	76393.12	6.452171	17.902092	152.11957	0.23338647
16592000	1783.73	794	2803	76461.56	6.961119	17.457895	159.0932	0.27733117
16608000	2171.33	120	2803	76530.18	6.9321094	15.171757	177.38092	0.2516417
16624000	2206.06	120	2803	76597.13	7.5664086	18.633677	158.6901	0.22681257
16640000	2331.64	120	2802	76664.87	6.475626	16.385023	178.31123	0.23463598
16656000	2334.82	120	2803	76733.04	4.8036366	12.153583	137.51825	0.26896518
16672000	2451.22	592	2803	76802.04	5.294495	12.8714	118.3697	0.32100537
16688000	2498.84	592	2803	76870.51	3.9540792	10.266896	109.86963	0.35877264
16704000	2589.62	592	2803	76939.92	3.9436753	10.174126	117.606094	0.24245596
16720000	2593.43	798	2803	77006.87	3.288572	10.330506	157.1032	0.25923127
16736000	2611.34	798	2803	77075.37	2.614022	8.514289	152.10548	0.21326627
16752000	2508.89	133	2803	77143.33	2.1547494	8.357156	161.12877	0.15791395
16768000	2422.18	133	2803	77212.34	2.457561	9.708239	150.20934	0.17240334
16784000	2470.66	133	2804	77279.93	1.9520468	6.372758	109.02135	0.16952641
16800000	2532.31	133	2804	77348.72	2.2027194	9.207327	149.68013	0.15818937
16816000	2630.43	798	2804	77417.13	1.6313039	5.6706457	79.62499	0.12106433
16832000	2515.14	798	2802	77485.08	2.7279272	11.279524	185.66502	0.14640509
16848000	2478.63	794	2802	77553.94	2.2595353	7.1350775	151.44861	0.13694216
16864000	2476.33	582	2803	77622.88	2.40723	8.129311	139.99379	0.15559784
16880000	1909.8	582	2803	77690.06	3.71071	12.692586	148.99712	0.15926951
16896000	1429.36	120	2803	77756.36	6.3977695	17.537083	114.392586	0.27458364
16912000	1735.47	120	2803	77824.01	7.4850216	17.870415	126.52103	0.2759676
16928000	2125.35	120	2801	77893.01	8.003413	17.1254	122.64062	0.34071797
16944000	2259.33	120	2802	77960.87	7.3936067	15.453331	101.05256	0.29628456
16960000	2228.27	120	2802	78028.76	7.352825	16.787403	196.02126	0.38403887
16976000	2222.94	120	2802	78097.3	8.242316	15.756259	141.66356	0.36545423
16992000	2399.77	579	2802	78165.9	5.5285506	12.6596985	129.94153	0.37522495
17008000	2400.73	579	2802	78234.38	5.253852	13.365973	130.83363	0.3884691
17024000	2443.66	579	2802	78302.87	4.2221	11.146684	127.13106	0.3296612
17040000	2408.42	772	2801	78370.47	2.9012797	6.4239616	88.17864	0.23144835
17056000	2246.98	779	2801	78439.63	3.683329	8.941293	121.983246	0.36963952
17072000	1584.22	779	2801	78506.24	4.4372697	11.625773	99.10955	0.27752015
17088000	1649.76	786	2800	78572.84	4.9108233	11.509135	98.22704	0.30744812
17104000	1820.02	769	2801	78640.95	5.233087	12.214579	121.66239	0.27648968
17120000	2318.31	582	2801	78709.08	5.5279894	10.715045	112.64963	0.25609714
17136000	2408.92	582	2801	78777.68	5.395487	11.390406	179.81853	0.2959352
17152000	2338.48	582	2802	78845.37	4.2916994	8.521425	146.63081	0.2996161
17168000	2357.9	539	2802	78913.13	5.277713	10.847747	149.57997	0.29603148
17184000	2436.49	539	2802	78981.34	3.9671211	7.804236	147.83824	0.2879759
17200000	2429.58	539	2802	79048.9	4.2924333	12.16419	196.2511	0.36310744
17216000	2423.91	780	2802	79116.21	3.5421095	6.794674	74.17801	0.22463928
17232000	2378.73	120	2803	79184.9	2.8020277	5.4204183	77.46078	0.27651462
17248000	2286.46	120	2803	79251.9	3.2309139	6.0083222	70.71251	0.2097352
17264000	2333.94	120	2801	79320.17	3.8572047	8.439221	151.35774	0.30826068
17280000	2451.03	120	2802	79388.97	4.049805	9.365593	179.34955	0.17710657
17296000	2503.03	797	2802	79455.79	3.4409595	9.008458	168.15852	0.21939754
17312000	2521.66	797	2802	79523.93	2.655729	5.493419	61.132538	0.16477638
17328000	2539.77	120	2802	79591.98	2.438684	4.9081893	58.257942	0.1808953
17344000	2558.5	120	2802	79660.81	2.6486723	6.1445556	93.660225	0.1940799
17360000	2612.41	120	2802	79730.08	2.3748827	5.6318655	70.30471	0.20065892
17376000	2613.95	582	2802	79798.91	2.4080577	6.2544556	72.307884	0.21221057
17392000	2573.58	582	2802	79866.79	2.6735365	6.600468	62.764652	0.17180306
17408000	2421.61	120	2802	79935.83	2.8363466	10.106662	156.14534	0.2179946
17424000	2187.49	120	2803	80002.97	3.038315	10.025152	153.63593	0.20514612
17440000	1433.71	582	2803	80069.12	5.8232284	17.192577	155.43904	0.19236472
17456000	1528.52	795	2801	80136.9	7.851684	17.302507	126.37782	0.23630191
17472000	1977.2	782	2801	80205.04	8.059919	19.037647	175.52345	0.26393247
17488000	2218.65	782	2802	80272.91	7.8914247	17.590696	143.33696	0.19927742
17504000	2382.73	797	2802	80342.31	6.9263525	16.972183	145.75981	0.22169358
17520000	2419.56	797	2802	80411.91	6.751498	15.243638	114.18059	0.24500251
17536000	2509.35	582	2802	80480.17	5.866745	15.126115	174.29471	0.24102579
17552000	2559.34	582	2802	80548.7	4.450542	13.440049	118.63554	0.24767782
17568000	2544.19	582	2802	80617.54	2.6639416	9.888842	114.25646	0.1987694
17584000	2495.25	783	2802	80685.36	2.6099393	9.136781	111.33951	0.22472861
17600000	2389.95	783	2802	80753.35	2.5635226	8.33726	131.50983	0.18948391
17616000	2361.91	783	2803	80821.54	2.2132406	6.3614774	96.75975	0.26545274
17632000	2416.43	120	2803	80889.88	2.503543	5.21722	55.444496	0.23843949
17648000	2512.14	120	2803	80958.37	2.51037	6.003233	81.44393	0.28697127
17664000	2474.3	120	2803	81026.37	2.5371888	5.748456	107.89145	0.28722647
17680000	2435.01	780	2802	81095.02	2.8858101	6.456095	98.43736	0.23177421
17696000	2387.22	780	2802	81163.96	3.0043495	8.573822	160.52457	0.30656308
17712000	2457.92	791	2802	81233.2	2.3578882	6.9900603	155.90445	0.31605628
17728000	2432.68	750	2802	81301.21	2.6993225	9.96669	153.31787	0.24348494
17744000	2484.35	750	2802	81369.79	3.2606845	11.6062	158.31523	0.2137509
17760000	2518.65	750	2803	81438.37	2.6198144	10.70877	153.74251	0.2075746
17776000	2611.99	120	2803	81507.1	2.1866212	8.799294	139.96959	0.14567988
17792000	2546.32	120	2803	81575.35	2.273637	9.471386	201.2621	0.17601797
17808000	2482.11	120	2803	81643.41	1.8928869	6.4602885	150.88246	0.13890088
17824000	2378.13	120	2803	81711.97	2.5500548	9.352668	193.0702	0.16198394
17840000	2394.94	120	2803	81780.3	2.8392255	8.353271	98.73122	0.15549594
17856000	2430.19	120	2803	81848.94	2.0879083	6.502937	132.46382	0.112837315
17872000	2481.34	120	2803	81917.35	2.1272035	5.6253185	93.64307	0.20620325
17888000	2521.99	120	2805	81985.76	1.883353	6.285616	138.24072	0.1338037
17904000	2471.69	120	2805	82053.13	2.2124395	8.115008	149.19075	0.14396137
17920000	2542.71	120	2805	82122.23	2.1240292	4.755042	59.086506	0.23567331
17936000	2555.86	768	2802	82191.02	1.974918	6.3310523	151.33687	0.21872005
17952000	2562.75	120	2802	82259.65	1.8272526	4.8120546	78.00818	0.18732549
17968000	2242.23	120	2802	82328.51	2.7629316	9.867953	160.2594	0.17913868
17984000	1783.42	795	2803	82396.25	3.6541724	14.399336	147.52173	0.22438475
18000000	1705.17	795	2804	82465.04	7.006682	18.175295	131.83592	0.22674872
18016000	2079.47	798	2804	82533.51	6.204413	16.878397	175.31926	0.1898205
18032000	2167.63	798	2804	82602.23	7.244725	18.02044	222.97997	0.22974513
18048000	2428.54	120	2803	82670.59	6.544308	15.8410425	200.78543	0.21145746
18064000	2437.59	120	2804	82738.43	6.449096	15.8664055	137.01361	0.18045682
18080000	2505.29	120	2804	82806.96	4.734098	11.909862	127.105156	0.22481391
18096000	2420.52	579	2804	82875.26	4.2691064	11.370221	134.07332	0.22832003
18112000	2427.86	579	2803	82944.33	3.0454106	8.732993	106.640884	0.29376805
18128000	2448.37	579	2803	83012.62	3.0662172	8.304156	82.05071	0.29577088
18144000	2582.94	672	2803	83081.22	2.5422971	9.897214	154.95949	0.23611118
18160000	2574.76	412	2803	83149.36	2.8224819	9.376922	175.85532	0.23695913
18176000	2565.61	412	2803	83218.66	2.3731406	9.067844	172.94423	0.18745983
18192000	2608.2	412	2803	83287.21	2.4355211	8.838671	147.1999	0.28308788
18208000	2519.65	797	2802	83356.55	2.237517	8.687494	148.8669	0.2517947
18224000	1108.04	582	2801	83421.64	5.8381605	17.410408	202.89313	0.21468368
18240000	1430.95	582	2801	83490.64	6.584339	15.4489765	131.35538	0.22028436
18256000	1803.32	582	2802	83557.7	7.626599	16.97421	208.93918	0.27472305
18272000	1638.15	120	2803	83625.23	8.948654	18.039822	139.77232	0.18275729
18288000	1889.15	120	2803	83692.51	9.066168	17.538954	147.96576	0.26315096
18304000	2110.86	786	2803	83761.85	8.088914	16.896711	165.44482	0.19295838
18320000	2351.63	786	2803	83829.97	7.1952972	15.012948	106.71759	0.29676402
18336000	2356.61	773	2802	83898.33	6.8884044	15.710018	141.78775	0.3355763
18352000	2458.6	773	2802	83967.34	5.7739034	13.725254	185.77321	0.31080264
18368000	2494.23	773	2802	84036.03	4.849244	12.468957	169.50117	0.42831388
18384000	2445.04	784	2802	84103.56	3.9951553	8.5756235	86.862816	0.40317786
18400000	2143.75	800	2802	84170.01	4.1527834	10.1586685	139.30331	0.4567739
18416000	2235.4	800	2802	84238.37	4.5774403	11.380126	156.2508	0.42079237
18432000	2238.32	523	2802	84306.23	4.472113	10.349749	156.28253	0.346009
18448000	2296.04	523	2802	84372.71	4.4916954	9.270853	135.57414	0.50260204
18464000	2270.58	523	2802	84440.15	5.0733566	10.311337	122.11009	0.5845919
18480000	2205.73	523	2803	84506.64	4.520178	9.231599	101.09294	0.38010582
18496000	2072.35	133	2803	84571.83	4.870802	10.295705	133.44615	0.45647967
18512000	2099.88	133	2803	84638.71	4.0086775	7.5044656	129.64055	0.37329394
18528000	2258.54	589	2803	84705.41	3.784489	6.736562	89.77163	0.41712722
18544000	2281.42	589	2803	84771.0	3.5362337	6.444073	104.35005	0.42778897
18560000	2173.64	589	2804	84837.83	3.9137778	7.1314883	80.125755	0.34531277
18576000	2114.08	589	2804	84904.43	4.279158	8.308004	128.2022	0.280655
18592000	2147.87	589	2804	84971.32	4.157123	7.642366	85.87342	0.3129623
18608000	2267.87	807	2804	85038.6	3.91714	7.22465	81.479385	0.30528763
18624000	2313.38	789	2804	85106.25	4.107193	7.2770767	83.7322	0.31745392
18640000	2204.22	786	2803	85172.36	4.1582193	8.25531	87.25831	0.3692547
18656000	2196.47	786	2803	85239.8	3.8781362	7.663405	106.82181	0.33212
18672000	2277.44	769	2804	85305.63	3.2702549	5.695635	81.237465	0.21124987
18688000	2466.81	769	2804	85373.72	3.318954	6.0844283	76.18753	0.33576787
18704000	2529.67	769	2804	85441.82	3.1608496	5.349568	71.52201	0.3309623
18720000	2469.78	523	2803	85509.96	3.2604675	6.105864	78.02252	0.34692883
18736000	2331.58	523	2803	85578.59	3.491817	8.328568	126.567535	0.39623767
18752000	2396.37	523	2803	85646.62	3.1200285	7.818671	111.01534	0.30527192
18768000	2387.96	786	2802	85714.62	3.0427027	6.5933104	80.40995	0.3024341
18784000	2412.2	774	2804	85782.45	3.684268	7.8275886	84.95862	0.25748873
18800000	2268.68	133	2804	85850.52	3.3957012	6.8946815	74.84386	0.33646613
18816000	2380.37	133	2804	85918.56	3.928789	7.8444633	128.74113	0.31367216
18832000	2355.67	133	2803	85984.93	4.2211504	10.0169	141.72638	0.36677814
18848000	2427.16	769	2803	86054.08	3.6958842	7.138328	84.26516	0.4011196
18864000	2494.26	769	2803	86122.15	4.0849905	9.716203	144.0039	0.3379413
18880000	2586.97	769	2803	86191.11	3.4274023	8.448718	135.22154	0.22850658
18896000	2630.84	774	2803	86260.66	2.4569044	4.930006	67.534134	0.30702615
18912000	2597.69	774	2803	86329.47	2.0435724	4.234906	64.67984	0.2618184
18928000	2563.83	794	2803	86397.82	1.9984288	5.316896	96.52857	0.18130127
18944000	2498.43	120	2803	86466.71	2.5865893	7.394493	106.39276	0.27260202
18960000	2331.37	120	2803	86534.36	2.4364257	6.6317534	104.49083	0.28304777
18976000	2357.43	120	2803	86602.33	3.223105	8.465163	152.57181	0.28015268
18992000	2347.46	774	2801	86670.94	3.3299432	11.259059	161.62628	0.25562966
19008000	2341.03	120	2801	86738.6	3.3176	10.304435	174.80463	0.2256671
19024000	2374.52	120	2801	86807.21	2.8145008	8.367535	148.66101	0.22386673
19040000	2418.68	120	2802	86875.28	3.5670376	10.650871	157.06387	0.30672067
19056000	2264.93	120	2802	86943.64	4.181436	14.096178	162.42345	0.3036066
19072000	1637.02	582	2803	87010.98	4.6230865	15.870628	154.60193	0.29425785
19088000	1753.45	582	2803	87079.59	6.3820677	17.345135	129.26631	0.25043955
19104000	2094.23	582	2803	87147.33	5.5821066	15.173885	127.41274	0.252226
19120000	2263.95	582	2803	87214.91	6.0499196	14.884785	115.819534	0.30172583
19136000	2401.26	582	2803	87282.65	5.8297715	12.884128	116.66744	0.36923194
19152000	2419.56	133	2803	87351.75	6.099803	12.540532	95.73887	0.396992
19168000	2453.21	133	2803	87419.19	5.025341	11.874572	108.86364	0.34161744
19184000	2437.02	133	2803	87487.2	3.9066868	10.979062	143.18195	0.43045652
19200000	2386.11	412	2803	87554.38	3.6378746	8.649235	139.0378	0.3636896
19216000	2415.0	412	2803	87623.63	2.6961715	4.839288	47.75886	0.2832132
19232000	2433.69	794	2802	87692.7	2.8590367	8.328603	143.12811	0.3592795
19248000	2505.8	794	2802	87761.83	2.4971635	6.197171	71.3852	0.32056636
19264000	2222.21	786	2803	87829.45	2.906932	7.751159	131.23659	0.33520165
19280000	2222.16	786	2803	87897.85	3.2963858	8.764043	156.62383	0.30564398
19296000	2289.46	786	2803	87966.08	2.3701382	5.4220796	72.795586	0.28794742
19312000	2516.66	786	2802	88035.31	2.8930798	6.978871	94.91675	0.29870614
19328000	2573.16	786	2803	88104.36	2.673168	8.144678	153.32515	0.27391514
19344000	2670.14	786	2803	88173.18	2.7463388	7.2559805	77.34539	0.1940178
19360000	2613.12	781	2803	88242.39	2.687479	7.6266184	62.876366	0.19782871
19376000	2579.74	781	2801	88311.25	2.7640386	8.987776	156.9013	0.23368943
19392000	2544.23	781	2802	88380.47	1.8269317	5.764644	107.855576	0.23978555
19408000	2517.74	589	2802	88449.14	1.7802292	4.3090143	70.82823	0.16918759
19424000	2545.54	589	2802	88517.24	1.4770135	3.7110734	54.94723	0.18902826
19440000	2483.9	589	2802	88585.25	2.8635006	8.9523325	94.64763	0.22428718
19456000	2485.25	797	2802	88653.28	2.3784132	7.0353665	105.56268	0.19540413
19472000	2495.99	797	2801	88722.25	1.8337137	5.1122603	74.38127	0.19335978
19488000	2523.51	797	2801	88790.08	1.9877298	4.9931927	51.126358	0.14780301
19504000	2591.93	797	2802	88859.06	2.4453225	8.987123	149.96764	0.1398764
19520000	2449.91	797	2802	88927.97	3.3168962	12.546939	147.18582	0.18056154
19536000	2231.42	786	2802	88995.57	2.7725365	8.250157	140.8102	0.1885938
19552000	2235.54	786	2803	89064.3	2.0559125	4.584133	67.34339	0.19876525
19568000	2328.45	786	2803	89132.73	2.0575454	7.318975	152.79808	0.18679576
19584000	2160.78	589	2801	89199.42	3.2248871	9.64974	149.85918	0.24808863
19600000	2157.43	120	2801	89268.29	2.4774747	5.692805	105.97582	0.22534673
19616000	2233.1	120	2801	89336.79	3.2237558	8.536011	160.02689	0.28150135
19632000	2485.44	120	2801	89405.53	3.2599049	9.944759	135.78499	0.2646794
19648000	2457.52	571	2801	89473.56	2.8749735	8.679586	134.13785	0.26015574
19664000	2495.3	571	2801	89542.16	2.6415126	5.9422994	130.27676	0.40281782
19680000	2469.11	571	2801	89611.13	3.1799207	8.604366	137.92174	0.32032537
19696000	2532.98	784	2801	89677.71	2.346147	5.84248	80.91101	0.31090772
19712000	2509.26	784	2801	89745.98	2.1646397	5.718773	83.4899	0.27868205
19728000	2541.64	133	2801	89814.03	2.6136353	7.0746503	120.31659	0.2405074
19744000	2598.09	133	2801	89882.61	2.6262655	6.9449415	90.975525	0.28588858
19760000	2563.61	133	2801	89951.14	2.385779	6.351287	78.25581	0.259552
19776000	2556.77	589	2801	90020.3	2.4362662	6.399562	83.406075	0.1924608
19792000	2567.79	784	2801	90089.47	2.244244	5.949613	90.41445	0.23211512
19808000	2566.79	572	2800	90157.77	2.1572657	6.7635193	128.85901	0.17762506
19824000	2553.32	572	2801	90226.19	2.1902115	5.092154	62.17188	0.1888126
19840000	2516.51	120	2801	90294.34	2.124879	6.341829	119.49559	0.21266215
19856000	2550.16	120	2801	90364.34	2.1552157	7.394613	151.25151	0.19513103
19872000	2541.19	120	2801	90432.66	2.1030493	9.171722	151.60628	0.16406819
19888000	2514.19	784	2801	90501.02	2.6871145	10.883706	167.68056	0.24428484
19904000	2400.55	784	2801	90568.59	2.451705	10.22524	149.66074	0.20893553
19920000	2385.36	771	2801	90636.38	2.6843402	9.954489	140.1834	0.22238651
19936000	2312.99	771	2801	90703.07	2.8663986	9.527388	135.09253	0.21823448
19952000	2389.55	582	2801	90772.14	3.1064603	10.915926	149.44461	0.20294696
19968000	2349.77	120	2802	90840.48	2.4939578	8.039721	117.93339	0.19120112
19984000	2417.51	120	2802	90909.81	2.6478596	8.601689	138.23645	0.24361281
20000000	2367.51	120	2802	90977.14	1.9850386	4.9184513	64.87469	0.20114353
