TotalEnvInteracts	AverageEpRet	MinEpRet	MaxEpRet	time	Averageloss	Stdloss	Maxloss	Minloss
32000	413.6	105	807	75.62	0.37610014451915635	0.24990064853369484	1.6806865	0.079115555
64000	470.78	105	1050	162.21	1.4992857666015624	0.866196259211881	5.755802	0.24503201
96000	410.61	108	1019	252.08	3.09191943359375	1.7098059186050547	15.659622	0.67378813
128000	436.61	111	1029	342.22	4.8577333984375	2.5289691691663125	17.749744	0.8886123
160000	402.34	108	1208	432.66	6.74340185546875	3.5265390312688303	22.432169	0.99589497
192000	427.3	111	1210	523.59	7.2684423828125	3.910470095421713	26.384462	1.673404
224000	374.51	105	1223	615.95	8.0699375	4.753077128292786	34.250546	1.4723725
256000	368.82	111	1212	707.91	9.0421962890625	5.344886209616628	40.94204	1.557558
288000	364.98	111	1015	798.29	9.056068359375	5.6146754205497045	52.76467	1.2638779
320000	372.64	113	1201	888.46	9.247568359375	5.3643553754155775	36.252357	1.5776162
352000	432.99	113	1220	977.13	8.5766474609375	4.985821890308056	31.918577	1.4299759
384000	499.72	120	1206	1065.85	8.71336328125	5.284590659407784	37.824272	1.4720924
416000	533.86	120	1073	1153.66	7.93452099609375	4.7822870607325525	39.081253	1.6831055
448000	513.51	113	1208	1241.55	8.563599609375	5.266930661566564	36.876083	1.3631794
480000	489.86	120	1069	1330.34	7.70390966796875	5.054439184395238	39.83554	1.7296387
512000	473.4	113	834	1419.07	7.8938955078125	5.309443606090002	40.599297	1.6443317
544000	497.42	113	1068	1506.18	8.0533310546875	5.452990865112466	53.02559	1.5517021
576000	440.43	113	1216	1592.69	8.0630859375	5.598321630464349	54.649883	1.5396461
608000	415.7	120	1194	1678.5	8.275435546875	5.983702475265628	61.93156	1.4491819
640000	397.23	113	1183	1763.64	8.0347314453125	5.916270600006392	43.92182	1.3147287
672000	400.88	113	1141	1848.52	7.61378564453125	5.8581670421514955	53.980545	1.3545896
704000	507.81	120	1069	1933.64	7.4485068359375	6.1174823124999715	53.826656	1.1456184
736000	517.92	120	1177	2018.37	7.4800126953125	5.987314715295998	55.33204	1.6877968
768000	571.57	120	1205	2105.37	6.86940625	5.445071954873508	50.671104	1.4939809
800000	586.55	120	1204	2191.28	6.70783447265625	5.208813707013815	50.88108	0.74957365
832000	604.28	120	1210	2277.07	6.56994873046875	5.314129529494929	41.05501	1.1241901
864000	536.41	120	1171	2362.93	6.1900126953125	4.499834198334423	35.94956	1.2290804
896000	564.2	120	1198	2449.41	6.3214521484375	4.607075697704022	42.03439	0.76143175
928000	541.77	120	1010	2539.23	6.02665576171875	4.6295456968664865	41.51185	1.2500596
960000	651.57	120	1198	2627.31	6.10739013671875	4.38649204946276	36.954975	0.87022066
992000	695.17	120	1212	2714.45	5.97956884765625	4.263676981931207	40.084793	0.7582667
1024000	679.2	120	1203	2801.17	5.78593603515625	4.562338182061913	41.537533	1.0607694
1056000	673.18	120	1215	2888.0	5.78837890625	4.445583306777638	35.466805	0.7965481
1088000	644.52	120	1206	2975.99	5.616966796875	4.302629555719386	30.489845	0.8571205
1120000	630.91	120	873	3061.91	5.8831083984375	4.723440136039622	45.021255	0.8298286
1152000	586.05	120	1079	3149.89	6.1098115234375	5.0143282981123205	44.37198	0.7297716
1184000	679.77	120	1201	3236.58	6.40674951171875	5.134615218056753	35.5027	0.6771143
1216000	658.28	120	1069	3323.23	6.2706689453125	4.876283484888876	36.027935	1.0257192
1248000	685.5	120	1214	3410.45	6.3342421875	5.230949065418244	40.02955	1.0202693
1280000	579.37	120	1212	3497.68	6.717634765625	4.790506358609181	30.257757	0.796052
1312000	644.28	113	1204	3585.22	6.5382822265625	5.04077940712049	33.850616	1.0064508
1344000	676.13	120	1205	3671.25	6.45966796875	4.826491835432854	36.328476	0.8143229
1376000	660.89	120	1208	3757.49	6.7734443359375	5.115335781378384	34.094982	1.0968914
1408000	578.7	120	1079	3844.01	6.29449072265625	4.7668822112178315	35.942383	0.53638613
1440000	635.77	120	807	3929.14	5.88097265625	4.453189253922407	35.58388	0.7576601
1472000	640.98	120	1208	4015.11	5.420845703125	4.028991857850423	33.16877	0.81781924
1504000	647.13	120	1075	4101.01	5.38447412109375	4.053473144261598	28.197437	0.7752501
1536000	640.25	120	1203	4188.01	5.4637802734375	4.21648318729602	46.66398	0.9161544
1568000	662.86	120	1205	4273.08	5.06037451171875	4.028444517971546	33.67119	0.79803085
1600000	671.43	111	1081	4359.65	4.6683857421875	4.045848928801902	35.744884	0.52248085
1632000	687.11	113	1210	4446.02	4.42807666015625	3.8374470680388546	40.95409	0.5026218
1664000	670.81	120	1216	4532.24	4.003797119140625	3.56314920071592	38.0018	0.46484813
1696000	710.82	120	1208	4618.48	4.128736328125	4.250529378795069	40.650707	0.49095434
1728000	700.27	111	1215	4704.64	3.56755419921875	3.3822422296458896	38.12492	0.3984856
1760000	707.29	120	1211	4791.81	3.67955615234375	4.069654757316645	44.877525	0.44423574
1792000	734.77	120	1206	4871.62	3.3924970703125	3.9700173911379153	44.892597	0.32538605
1824000	699.87	120	1201	4949.28	3.263609375	3.6708680800237836	44.02684	0.3966881
1856000	704.79	111	1209	5027.44	3.211586181640625	3.551643545599699	44.60633	0.44749597
1888000	712.38	111	1218	5109.16	3.083271240234375	3.6410088316976106	48.89411	0.46712393
1920000	688.54	111	1211	5187.28	3.355515625	4.218491658756717	44.797256	0.42122874
1952000	732.67	111	1210	5267.23	3.166826904296875	4.116067506583195	55.28116	0.37109867
1984000	725.44	111	1214	5347.72	3.4481416015625	4.4999496524961256	47.965942	0.42645258
2016000	702.56	105	1198	5430.38	2.728609375	3.5685202695322467	45.03658	0.35726804
2048000	646.86	111	1084	5516.41	2.7808837890625	3.6724895762275485	60.465904	0.30634636
2080000	713.29	111	1084	5600.08	3.2278212890625	4.599189806368074	65.78758	0.4244875
2112000	673.4	111	1211	5684.93	3.2117451171875	3.899437810040699	61.23584	0.3373571
2144000	739.57	120	1205	5769.89	3.431705078125	4.843107215414501	60.866005	0.36641818
2176000	709.73	111	1207	5854.15	3.2044501953125	4.118350227184425	51.291035	0.45042214
2208000	757.68	120	1210	5938.82	3.13179541015625	4.083816191688848	51.81442	0.31340846
2240000	724.62	111	1067	6020.43	3.136288330078125	4.095540162023808	52.419872	0.3001153
2272000	695.91	120	1212	6098.34	3.004373291015625	3.5700610551501777	38.559803	0.29891697
2304000	687.19	113	1426	6175.72	3.152403076171875	4.353564676288271	62.860897	0.3525276
2336000	688.49	111	1793	6254.06	3.67381494140625	4.838677585999092	55.59884	0.48394793
2368000	695.1	120	1209	6335.47	3.051087890625	3.4943219847078346	44.062283	0.3919521
2400000	724.64	113	1205	6413.9	3.319777587890625	4.447604911986337	44.12584	0.46219805
2432000	743.26	120	1216	6491.21	3.005441650390625	3.8567161894058266	53.18299	0.44209656
2464000	742.02	111	1213	6568.62	3.04582861328125	3.66141115427167	37.91222	0.31540254
2496000	730.54	120	1219	6648.24	2.94124267578125	3.8755593094336076	52.39972	0.40158576
2528000	731.88	120	1223	6730.11	3.050913330078125	4.028444881596681	52.292072	0.41167498
2560000	717.92	120	1212	6811.97	2.882313232421875	4.031869380712252	46.09259	0.33400157
2592000	745.75	120	1208	6892.27	2.79510302734375	3.672582910483438	50.12588	0.29862523
2624000	772.43	120	1590	6971.39	3.069471435546875	4.970015758589202	66.37037	0.37216365
2656000	749.12	120	1212	7051.73	2.859470703125	4.018626310304928	58.27041	0.25922745
2688000	713.55	120	1141	7132.53	3.08384814453125	4.373616745612263	55.604504	0.2752559
2720000	759.44	120	1433	7215.63	2.8244208984375	3.874775195091968	46.77459	0.306472
2752000	762.55	113	1218	7298.93	2.76449755859375	4.178379526652647	74.65342	0.3740274
2784000	768.06	120	1218	7381.2	2.55596533203125	3.2347831868032517	59.075294	0.30301356
2816000	720.53	113	1433	7464.39	2.519228515625	2.7474577204720094	30.39983	0.4163298
2848000	756.37	113	1227	7548.49	2.81999560546875	3.515831382831094	36.67117	0.2975052
2880000	757.46	120	1220	7631.06	2.735738037109375	3.1239041828695706	49.06806	0.32884878
2912000	830.32	120	1215	7710.86	2.779979736328125	4.182253242870402	93.35136	0.345573
2944000	743.81	113	1214	7789.88	3.1019404296875	4.114439132494246	66.44997	0.3773396
2976000	753.79	113	1741	7872.66	3.22101806640625	4.454994344482942	58.589108	0.35569388
3008000	690.06	113	1801	7962.25	2.9369833984375	4.1450683705911295	69.26376	0.38744366
3040000	756.56	120	1084	8042.89	3.132609130859375	4.030501383978177	39.16779	0.4182343
3072000	786.63	113	1794	8127.7	3.330825927734375	4.087840438804455	53.006577	0.4563461
3104000	766.86	120	1211	8208.78	3.387632080078125	5.053905320084162	68.01688	0.45717624
3136000	798.19	113	1436	8288.57	3.864996337890625	5.293415352468574	60.98559	0.47684515
3168000	749.0	113	1222	8369.26	3.72687353515625	4.803878234692258	68.075874	0.59381497
3200000	716.19	113	1217	8448.91	3.56472802734375	4.82650033344555	57.815556	0.53181285
3232000	701.29	111	1077	8528.59	3.4585625	4.137804935892943	49.89856	0.37261945
3264000	702.53	120	1216	8614.21	3.875552490234375	5.067368800718969	73.590805	0.48372427
3296000	741.35	120	1215	8698.39	3.6935859375	5.172225630108377	87.141075	0.42045817
3328000	759.78	113	1085	8781.99	3.90175	4.953853653028619	66.418205	0.45615488
3360000	736.95	120	1202	8868.39	4.25246728515625	5.3560950240123635	51.85292	0.4027409
3392000	765.81	113	1220	8951.69	3.95232763671875	4.4113675954855545	34.596092	0.63093936
3424000	752.69	120	1227	9030.85	3.7608671875	4.441177613398275	59.891876	0.43410957
3456000	792.35	120	1683	9112.54	4.068364501953125	4.68462390933093	54.964645	0.5182888
3488000	741.83	120	1227	9193.65	4.0783916015625	4.915756315792108	65.3325	0.54438126
3520000	755.04	120	1223	9272.02	3.84253076171875	4.363095186834112	43.908123	0.42376664
3552000	808.25	120	1997	9351.12	4.087015380859375	4.734047843481834	49.164715	0.48327744
3584000	785.5	108	1819	9433.04	3.95496044921875	4.664893194449901	52.33564	0.5051043
3616000	818.55	120	1826	9516.07	3.98678759765625	4.68899517820716	64.58979	0.43721217
3648000	804.01	120	1998	9598.17	4.15304248046875	4.8027941899742075	72.81637	0.60282636
3680000	806.04	113	1737	9677.14	3.932768310546875	3.987154912575507	39.861412	0.30556667
3712000	748.24	108	1219	9755.53	3.91852294921875	4.903606772060745	58.306202	0.5606625
3744000	787.57	120	1214	9833.65	3.92546142578125	4.446597189143627	47.77936	0.56645095
3776000	769.92	108	1201	9912.44	3.9311806640625	4.7749707541643645	66.71892	0.5487431
3808000	785.36	120	1830	9990.67	3.9280986328125	4.596191315575865	56.085335	0.5162027
3840000	761.75	120	1215	10068.39	3.931347412109375	5.150600693123085	68.090164	0.54116386
3872000	751.46	111	1215	10146.91	3.784193603515625	3.8201951030019394	42.648586	0.4335726
3904000	752.16	120	1219	10228.88	3.717406494140625	4.470005068509431	66.23678	0.57823557
3936000	748.82	120	1211	10307.11	3.69605322265625	4.952153493052291	96.21077	0.395357
3968000	769.53	194	1214	10384.28	3.9462685546875	4.503365061262523	50.119484	0.5925542
4000000	788.38	360	1219	10461.23	3.462306884765625	3.0673816322924345	27.263971	0.4503139
4032000	758.26	113	1215	10538.63	3.49206494140625	3.268356214330072	35.864986	0.43811977
4064000	788.64	111	1803	10615.09	3.606578125	3.8249899152236337	48.68265	0.49483603
4096000	774.58	120	1819	10692.57	3.50996240234375	3.8276749735479108	67.36515	0.3890279
4128000	798.96	120	1692	10770.15	3.48753515625	3.7173905078024827	41.220627	0.39890304
4160000	800.17	120	1834	10847.59	3.68800146484375	3.9584061807989714	57.85649	0.51567936
4192000	821.24	120	1819	10924.9	3.6680654296875	3.486456076958736	36.873707	0.45576486
4224000	793.38	111	1823	11006.9	3.77178515625	5.365700166916709	116.777596	0.36690754
4256000	824.24	120	1695	11087.24	3.721025390625	3.8541534768918453	42.127384	0.4479475
4288000	797.0	120	1441	11164.4	3.688714111328125	3.9581315875122822	53.488403	0.38735914
4320000	795.11	120	1808	11245.15	3.8203427734375	4.323331280317875	54.521687	0.5014246
4352000	799.64	120	1716	11327.38	4.3129951171875	5.310941131581577	72.59799	0.4722655
4384000	818.01	120	1219	11406.19	4.047047119140625	4.809766675084146	61.419228	0.4516973
4416000	819.11	120	1222	11486.93	4.2818271484375	5.138591353060681	72.00586	0.3957659
4448000	832.3	111	1813	11567.52	3.78048095703125	3.475860111630645	41.926815	0.5575088
4480000	848.47	120	1824	11647.24	4.3594521484375	5.04582012969646	73.7977	0.5802524
4512000	837.05	113	1218	11725.68	4.40806494140625	5.241492176315348	65.70379	0.5817719
4544000	828.08	387	1434	11804.58	4.3887197265625	4.615625634732522	54.614582	0.51118124
4576000	838.02	120	1675	11884.84	4.89458984375	5.434137969241304	55.423683	0.58234626
4608000	815.47	120	1819	11963.74	4.641966796875	4.587985328551084	49.77582	0.5648587
4640000	885.25	105	1805	12042.61	4.94927001953125	5.488357172517564	81.25981	0.6840886
4672000	881.21	120	1829	12122.09	5.17501318359375	5.427127319079588	59.834946	0.6796682
4704000	877.48	120	1816	12199.48	4.9645751953125	4.68106266314071	56.113647	0.6304236
4736000	834.25	120	1219	12276.78	5.0021748046875	5.11399771766179	75.97374	0.5815394
4768000	833.68	113	1697	12354.29	5.4766572265625	5.929141485071848	60.952347	0.7545647
4800000	864.97	120	1811	12431.65	5.2951171875	6.361226849535394	106.116356	0.7870074
4832000	830.11	120	1228	12509.5	4.9762734375	5.524046509919155	85.30206	0.46836945
4864000	843.41	120	1801	12586.94	4.9901689453125	4.918706718361037	55.76152	0.45881677
4896000	852.56	113	2097	12665.68	5.16621533203125	5.703916383448744	76.05848	0.86392236
4928000	827.62	120	1222	12742.94	4.95461572265625	4.492620033524425	45.225315	0.6499435
4960000	832.62	113	1459	12820.22	5.3556767578125	5.972703206568195	83.49245	0.6856593
4992000	842.8	120	1827	12897.93	5.09874853515625	5.091163453720574	59.180046	0.53175163
5024000	894.26	120	1818	12975.27	5.5216435546875	5.831694784751685	86.35986	0.8110415
5056000	889.77	120	1823	13052.55	5.04921484375	5.580889721014473	82.37929	0.65314996
5088000	883.6	383	1226	13130.95	5.5411064453125	5.921727075988896	56.818596	0.59142005
5120000	871.81	113	1817	13208.3	5.097294921875	6.0832191056627245	82.11689	0.5954552
5152000	902.09	120	1222	13286.26	5.06976171875	5.731853158010941	89.93367	0.7305992
5184000	899.73	574	1223	13364.6	5.049888671875	5.4277909007716945	76.70447	0.7445431
5216000	855.91	120	1222	13441.67	4.6574921875	4.365532166156836	36.95938	0.6336936
5248000	862.24	120	1219	13518.3	5.254333984375	5.705306603286102	82.495285	0.767468
5280000	843.45	120	1223	13594.88	4.744169921875	4.952437057903917	77.93989	0.7047076
5312000	892.24	120	1822	13671.73	5.161	5.334637698569604	96.99021	0.71631956
5344000	828.52	120	1595	13749.4	5.1254033203125	4.850615497349279	38.748093	0.5862097
5376000	880.6	113	1223	13827.22	5.10517333984375	5.315972394585962	65.14103	0.7956889
5408000	894.61	108	1232	13904.73	5.36599853515625	5.178132732341843	46.868263	0.8627907
5440000	801.37	108	1275	13982.25	5.45578125	6.23596361338807	84.032104	0.6362804
5472000	849.64	120	1275	14060.26	5.56595458984375	5.798472994030411	80.267654	0.7102889
5504000	861.1	108	1819	14138.34	5.29855859375	5.505689528796552	91.408516	0.6624441
5536000	806.86	113	1228	14219.1	5.512240234375	5.885800909285838	79.3918	0.8405434
5568000	834.81	120	1232	14296.36	5.16298828125	5.509569976697365	93.32275	0.6445018
5600000	885.14	111	1231	14374.13	5.597533203125	5.954659087114056	74.26557	0.65506876
5632000	854.17	105	1540	14453.68	5.64331640625	5.5010971916973075	70.70914	0.6104582
5664000	876.74	113	1783	14531.65	5.94186181640625	5.73467046241543	52.48079	0.5878726
5696000	892.28	120	1232	14609.37	5.97956103515625	6.4599650492475575	88.03101	0.76521856
5728000	966.96	113	1990	14686.47	6.4910986328125	6.935711481167595	74.17387	0.98173344
5760000	903.84	113	1824	14764.55	6.5896904296875	6.892305492358852	77.38707	0.84234005
5792000	931.83	111	1826	14842.73	6.616724609375	6.949167834622358	97.70807	0.6874523
5824000	948.79	120	1827	14920.37	6.15522998046875	6.508450336389608	67.67279	0.95729065
5856000	851.96	105	2000	14997.96	6.69037890625	7.545334858374411	92.939705	0.9342369
5888000	871.23	120	1825	15074.94	7.09163427734375	7.6774286161611425	82.7538	0.9931855
5920000	945.71	113	2189	15154.06	6.881875	7.417831135176913	68.530464	0.7546725
5952000	946.39	120	1820	15231.41	7.3244443359375	8.626627563828173	115.27469	0.8564333
5984000	879.51	113	2190	15308.87	6.6206484375	7.0700783455701535	70.785904	0.5864576
6016000	843.12	113	1999	15385.72	7.2353828125	8.54685523306672	115.15635	0.70665145
6048000	997.21	113	2008	15462.43	6.7551826171875	7.979106505430291	106.720535	0.9176159
6080000	925.59	113	2187	15539.61	6.4151845703125	6.79848185029202	91.01579	1.0082667
6112000	904.93	120	1999	15620.18	7.00610498046875	8.334925108391797	130.55168	0.6841783
6144000	953.38	113	2150	15697.52	7.351958984375	8.148751821598202	72.11508	1.1160547
6176000	1005.71	111	2187	15773.56	6.820095703125	7.5928872966744345	94.07996	0.9349073
6208000	1051.6	113	2186	15849.68	7.79041259765625	8.04478091684292	96.053665	1.1146588
6240000	1038.84	113	2416	15925.42	7.2892919921875	7.33277477749726	56.582867	1.1260674
6272000	1009.79	120	2189	16001.02	7.887509765625	8.193334753017236	73.61153	0.99053746
6304000	938.99	111	2340	16077.97	7.93737841796875	8.961335785612544	105.44099	1.0738809
6336000	1039.73	113	2183	16153.27	8.518669921875	8.660393863733912	91.82042	1.1039503
6368000	1017.2	113	2332	16230.46	8.892076171875	8.470272925797609	72.707245	1.2082336
6400000	1068.67	113	2163	16305.89	8.757359375	8.217411487962616	84.41726	1.1209276
6432000	1025.58	113	2341	16382.11	9.470599609375	10.023825523471565	87.855804	1.2991933
6464000	998.21	113	2196	16458.98	9.94469921875	10.514695074038048	83.95156	1.384254
6496000	1019.62	113	2002	16535.05	9.804724609375	10.097473384466037	95.25332	1.01997
6528000	1020.39	113	2013	16611.21	9.7444814453125	9.939690403252005	86.67537	1.2024846
6560000	986.91	113	2130	16687.72	10.6081875	10.76348572721681	84.81071	1.3435642
6592000	1006.44	194	2003	16764.28	10.5922412109375	11.369770088924403	113.66373	1.5899796
6624000	1006.65	113	2416	16840.12	10.3948544921875	10.432064452925893	104.62248	0.80030215
6656000	1002.07	113	2148	16916.31	10.91186328125	10.895986933270432	100.10401	1.5159113
6688000	882.26	113	1989	16993.04	10.5833212890625	11.085706591146998	127.28323	1.3513806
6720000	936.41	113	2135	17069.84	12.017380859375	12.940217105983963	97.61283	1.774747
6752000	1016.76	113	2177	17147.77	11.51456640625	11.692220971654615	97.88884	1.5364207
6784000	1016.3	113	1990	17226.96	12.477544921875	13.067091896248376	118.05103	1.733865
6816000	1080.54	120	2311	17305.7	11.5922177734375	12.169401947096661	131.09045	1.5850816
6848000	935.64	113	1839	17382.42	11.8632626953125	12.670959661762009	101.26009	1.92044
6880000	1043.68	113	2174	17459.13	11.685208984375	11.881433783428664	120.57547	1.8431716
6912000	1091.58	523	2152	17537.2	11.71616796875	11.231315386565369	85.82127	1.8730973
6944000	989.08	113	2165	17614.2	11.06284375	11.440550139744156	125.14096	1.8877767
6976000	1003.17	120	2193	17692.86	11.927388671875	13.97323445913651	172.94809	1.8225703
7008000	1066.45	105	2013	17769.8	12.120150390625	12.854165180983166	143.37813	1.7104445
7040000	1035.0	105	2211	17847.57	12.0651220703125	12.179740478557004	113.768555	1.3914409
7072000	997.46	113	2176	17924.05	12.5722900390625	14.716841967623353	112.25314	1.6484594
7104000	1062.39	113	2171	18002.62	12.344146484375	14.343351573987162	112.597946	1.5490992
7136000	1059.54	113	2342	18079.98	12.062376953125	13.52653641920207	173.88245	1.3638244
7168000	1048.16	113	2182	18156.85	13.2031435546875	15.3380220978782	116.56783	1.7823346
7200000	1052.31	113	2187	18232.74	12.916671875	14.427983876827698	126.1819	2.1234033
7232000	1144.43	113	2337	18309.53	12.2431201171875	13.354636367194729	164.53998	1.4781564
7264000	1014.95	-101	2147	18385.39	12.5957744140625	13.24728274024526	102.87054	1.887615
7296000	1117.54	113	2408	18461.44	11.5848720703125	13.543164788925814	110.728775	1.8477435
7328000	1020.13	113	2172	18538.08	12.140134765625	12.810896241091019	117.04154	1.8347555
7360000	1016.31	113	2207	18614.48	12.703208984375	14.489682751875556	131.2917	1.9787477
7392000	1097.0	113	2311	18691.36	12.61940234375	14.586782330246791	121.54346	2.01328
7424000	1187.1	120	2191	18769.45	12.75370703125	14.517854309435675	117.26249	1.9521061
7456000	1201.52	120	2340	18846.09	12.99685546875	14.930825391618509	133.08292	2.079084
7488000	1121.24	113	2141	18923.62	12.3880859375	14.667225900796646	128.51054	1.7906334
7520000	1125.71	120	2205	18999.83	12.8424375	15.882091919832224	146.53963	1.9504298
7552000	1215.45	120	2201	19076.9	12.529978515625	14.358289199970866	129.75203	1.7876997
7584000	1178.66	113	2179	19153.95	12.286376953125	13.473919251650576	109.36495	1.7044312
7616000	1128.41	113	2143	19232.76	11.4255654296875	12.090470808657535	129.13959	1.836979
7648000	1102.62	113	2182	19311.15	13.0040087890625	14.741039121276355	122.64056	1.9934071
7680000	1064.18	113	2150	19387.15	11.16928125	13.021153462731325	151.05711	1.5943244
7712000	1192.32	120	2185	19462.83	12.906880859375	14.38314877730186	143.71983	1.9243942
7744000	1142.64	113	2349	19538.96	11.955109375	12.283163018945894	108.201164	1.8265505
7776000	1143.23	111	2181	19615.06	12.7469296875	14.968386477840555	123.62714	2.1273675
7808000	1236.78	105	2334	19693.4	12.22048828125	13.657204486094509	127.06914	1.9162529
7840000	1172.71	105	2342	19771.02	11.7902529296875	14.029773029169075	162.53683	1.7221999
7872000	1094.07	105	2349	19847.02	12.7617822265625	15.177478174914302	137.86531	2.0106902
7904000	1147.88	105	2182	19923.7	12.9841982421875	15.69365715822797	135.61606	1.8608383
7936000	1129.9	120	2224	20000.99	11.70784375	14.62536110665306	157.53874	1.5492799
7968000	1140.13	105	2396	20077.77	13.1833798828125	15.653658218608198	147.63397	1.7248641
8000000	1242.15	113	2202	20155.26	11.4676533203125	13.539800127771459	132.49242	1.2836885
8032000	1179.32	113	2219	20230.69	12.360365234375	17.439348468334476	319.22168	1.3137698
8064000	1144.15	194	2202	20306.92	12.993609375	15.718843687593562	174.83612	1.5551838
8096000	1195.73	120	2188	20382.55	12.5841953125	14.967812340151783	126.27062	1.6049063
8128000	1138.7	120	2178	20457.97	12.758255859375	15.55670574864743	144.07329	1.8477651
8160000	1272.92	105	2199	20533.13	11.9473974609375	13.849862363937051	135.78683	1.473508
8192000	1136.56	111	2348	20609.05	12.3030888671875	15.14133621910563	137.61731	1.7432048
8224000	1158.18	105	2201	20682.35	11.827693359375	13.314662969823907	113.3079	1.6217468
8256000	1267.96	111	2230	20760.75	12.742494140625	17.441772774004367	260.90793	1.6513047
8288000	1208.81	120	2328	20836.92	12.7802666015625	14.97005865886971	145.82074	1.5517979
8320000	1167.62	579	2407	20910.99	13.366244140625	17.32783526583745	137.32701	1.7380759
8352000	1150.98	111	2345	20984.24	11.929810546875	16.10074144255475	148.54967	1.424022
8384000	1104.88	105	2178	21057.65	12.8258828125	14.240768391312317	126.89471	1.7961392
8416000	1274.37	111	2348	21133.14	12.2427158203125	14.438810546578967	128.87018	1.5722351
8448000	1424.82	582	2345	21207.96	11.8138408203125	14.228989994022767	150.98485	1.8233277
8480000	1248.29	120	2326	21283.41	11.9278193359375	14.622167995034115	151.95273	1.604865
8512000	1258.94	113	2412	21357.4	12.189677734375	14.791128570024668	124.08368	1.7196369
8544000	1244.39	113	2353	21430.92	11.2689326171875	13.603624287299322	171.0248	1.5433829
8576000	1155.18	120	2348	21504.36	11.0039599609375	12.487859729553339	131.90273	1.4558126
8608000	1460.3	111	2348	21579.84	11.923482421875	15.499965725768558	159.817	1.4236038
8640000	1280.41	384	2344	21654.12	11.4708076171875	15.736276759449803	177.75655	1.6902068
8672000	1157.5	113	2327	21727.22	10.24763671875	12.698618281135944	146.18634	1.4652967
8704000	1355.49	411	2758	21800.38	10.980455078125	13.469065251531006	165.8038	1.5797832
8736000	1088.84	133	2769	21873.81	11.88754296875	16.780893152630462	210.04453	1.4971516
8768000	1220.98	120	2200	21946.53	10.947654296875	14.032659450367916	136.22011	1.5120337
8800000	1115.73	120	2179	22020.89	11.6784931640625	15.83780189136106	160.78087	1.2993028
8832000	1166.11	120	2780	22094.45	11.925244140625	15.508814026223927	159.7534	1.5547446
8864000	1312.37	108	2345	22167.65	13.195490234375	19.72964378162971	204.4479	1.6038662
8896000	1420.15	111	2351	22241.19	11.085115234375	14.79695333928576	161.45482	1.5898855
8928000	1138.65	111	2343	22313.79	11.56153515625	14.471681398510679	132.4023	1.4164903
8960000	1245.22	120	2408	22387.85	12.144654296875	16.555508901873118	146.91405	1.475596
8992000	1260.98	111	2356	22460.6	11.774888671875	17.295630770515423	166.30476	1.3086336
9024000	1184.28	111	2404	22532.28	11.869798828125	16.133859969021675	140.4133	1.394814
9056000	1254.05	108	2348	22605.56	10.8706748046875	14.090706156896466	126.9607	1.3808126
9088000	1276.86	111	2347	22677.97	11.753244140625	17.76725481750065	183.9262	1.1316905
9120000	1161.64	111	2378	22751.31	12.3580224609375	18.25639100424835	180.74718	1.4253552
9152000	1300.93	113	2416	22824.46	12.7133583984375	18.426634086289337	185.49695	1.503832
9184000	1296.07	111	2327	22896.86	12.58987890625	17.463528065657293	208.04187	1.3382859
9216000	1191.66	111	2348	22970.58	12.2344580078125	16.286432236680938	141.18657	1.0187393
9248000	1097.53	111	2413	23043.27	12.616193359375	16.99662374561489	135.0303	1.2761135
9280000	1241.72	111	2412	23116.97	11.912427734375	14.966922905193305	167.0254	0.9992285
9312000	1112.63	111	2183	23190.22	12.6807890625	16.96359152715014	123.32626	1.4400518
9344000	1339.97	105	2413	23263.53	12.3401240234375	17.365303049471954	176.51965	1.6066858
9376000	1215.9	133	2349	23337.74	12.3367763671875	18.029985440925902	242.87387	1.0451186
9408000	1250.79	120	2193	23413.02	11.644314453125	16.725988386340582	159.72055	1.1085899
9440000	1277.52	566	2189	23486.4	12.8246220703125	17.90047834556384	147.5195	1.1971616
9472000	1266.61	111	2415	23564.5	12.787171875	17.725305885936073	154.28506	1.2380496
9504000	1296.18	111	2410	23639.24	13.254283203125	18.43851607369747	169.74623	1.3306551
9536000	1242.48	111	2406	23712.38	13.1165400390625	17.359874711529457	162.78235	1.6365607
9568000	1337.92	120	2200	23789.94	12.4398154296875	17.473988704643254	206.758	1.2967386
9600000	1454.69	365	2412	23868.19	11.6040888671875	16.128572278723247	146.81949	1.4108157
9632000	1356.38	381	2351	23942.75	11.921306640625	17.336076906266886	156.7303	1.2659873
9664000	1256.2	111	2350	24017.52	11.047099609375	15.383377798780085	160.48253	1.4454861
9696000	1233.94	113	2344	24091.52	11.27813671875	15.40091007862847	180.8711	1.3598392
9728000	1001.54	111	2190	24170.76	12.700552734375	18.443547313355964	195.70154	1.257693
9760000	1290.81	781	2409	24247.35	11.73894140625	15.595230641128717	156.16931	1.211458
9792000	1295.57	381	2350	24320.75	12.243919921875	16.374414111656026	179.14377	1.5118107
9824000	1235.62	111	2418	24394.15	12.7315234375	19.548456620664457	194.64561	1.3502529
9856000	1142.72	111	2416	24467.77	12.83912109375	17.714536756573683	172.6485	1.4240912
9888000	1339.25	120	2348	24540.1	11.867271484375	17.222987908606335	164.99612	1.5553039
9920000	1069.59	120	2203	24613.47	11.9785634765625	17.379486830743883	168.53683	1.5205152
9952000	1197.07	111	2346	24690.55	12.5335361328125	18.656691158938127	164.32309	1.7162364
9984000	1195.3	120	2190	24768.17	13.075533203125	18.12925467304158	155.87071	1.467354
10016000	1243.37	120	2346	24844.98	12.648921875	17.850954981456876	148.9889	1.4898107
10048000	1194.71	111	2202	24923.09	11.874619140625	17.823109997977344	222.96088	1.5450159
10080000	1217.45	394	2183	24998.78	12.632466796875	16.8302954148167	149.02133	1.0631461
10112000	1163.7	120	2200	25070.86	14.0854521484375	19.531556197599823	183.05142	1.6570505
10144000	1225.92	120	2350	25142.14	12.68147265625	18.627266640599743	144.31302	1.2631044
10176000	1197.65	111	2190	25214.18	14.23698046875	20.40544963974085	246.23796	1.2904279
10208000	1267.96	380	2788	25286.45	12.29026171875	16.711833382367118	140.43726	1.2199044
10240000	1263.07	111	2195	25358.8	13.04272265625	18.634743256884438	141.7644	0.998645
10272000	1184.32	120	2331	25435.62	13.1633251953125	18.928929578821936	163.8257	1.5328021
10304000	1133.12	120	2202	25508.36	13.4199091796875	18.844196719414708	164.40343	1.3729217
10336000	1310.27	113	2356	25580.77	12.986515625	17.27340803084325	187.62021	1.4723785
10368000	1259.91	111	2414	25652.65	12.598599609375	16.06944694132315	139.9954	1.5021504
10400000	1084.12	120	2348	25724.58	13.8548203125	21.189186511048508	238.53168	0.9706556
10432000	1055.41	113	2183	25798.94	13.05775	16.950936552297044	153.26541	1.2904862
10464000	1212.78	113	2412	25872.35	13.1629140625	18.933955939000175	171.12708	1.4921324
10496000	1143.08	111	2413	25945.46	13.777130859375	18.811972583968966	159.51276	1.2130318
10528000	1293.7	111	2196	26019.12	12.836271484375	18.3750102040788	194.50186	1.4192531
10560000	1413.69	120	2344	26094.85	13.25752734375	18.782634932298503	137.06926	1.2339921
10592000	1112.82	113	2343	26170.2	11.3955703125	14.814373826625275	148.8642	1.093324
10624000	1317.29	113	2340	26241.21	12.74596484375	18.42872757408932	152.39401	1.0069494
10656000	1190.29	111	2412	26314.05	12.48693359375	16.713084320376055	159.59688	1.1023362
10688000	1220.9	113	2418	26387.89	12.334484375	17.22896543614851	146.58295	0.9925774
10720000	1119.26	120	2203	26465.26	12.7489765625	19.17310942439958	190.29193	1.2564418
10752000	1244.46	120	2205	26539.74	12.631333984375	17.38769050938048	150.5553	1.3277237
10784000	1206.27	120	2199	26611.01	13.490806640625	18.929008822439698	175.14171	1.2973605
10816000	1323.53	113	2339	26683.46	12.9652734375	17.237896115825738	171.68454	1.3040693
10848000	1327.19	120	2350	26756.39	11.7222109375	17.241090996511794	169.94983	1.1416459
10880000	1305.43	113	2419	26828.55	12.63630078125	16.999318001025806	148.5913	1.4098902
10912000	1290.15	111	2342	26900.28	12.6604521484375	19.10964988559445	232.73355	1.3446238
10944000	1028.45	120	2344	26972.23	12.04198828125	17.547588865710296	175.76773	1.4680184
10976000	1194.09	120	2347	27044.29	11.94631640625	18.86297961616881	193.80573	0.7764522
11008000	1286.9	120	2219	27115.22	11.779740234375	17.566294074163736	144.1652	1.1976193
11040000	1205.24	120	2352	27186.02	12.73755859375	19.305624180533506	176.10445	1.5031676
11072000	1224.37	113	2199	27260.04	12.32093359375	16.624157873408205	155.788	1.6564692
11104000	1273.5	120	2194	27336.27	11.830990234375	16.8897666872577	137.46295	1.0376146
11136000	1208.65	120	2204	27410.86	12.79440234375	17.594764846396785	146.37396	1.3912381
11168000	1249.15	113	2337	27482.43	12.985515625	17.652598958793575	158.30833	1.2058134
11200000	1249.49	113	2344	27555.27	13.175583984375	18.25940168789766	162.54117	1.3774601
11232000	1388.82	412	2412	27629.17	12.325978515625	18.296680880695273	212.07098	1.2769874
11264000	1166.58	113	2183	27707.38	12.6666767578125	16.73164199204609	148.2397	1.1662753
11296000	1369.02	412	2339	27784.86	11.6787353515625	14.88961466929215	125.66057	1.2844278
11328000	1191.49	120	2205	27859.03	13.409681640625	20.112451056497317	195.12357	1.1645408
11360000	1360.82	120	2416	27931.76	12.5611484375	16.996597085887515	129.1776	1.031988
11392000	1250.45	105	2406	28003.35	11.739888671875	17.320111142830463	176.12733	1.225991
11424000	1186.62	120	2412	28075.19	12.2580185546875	17.346359488376805	136.02042	1.299507
11456000	1302.07	113	2415	28150.56	12.223908203125	18.56126847766607	156.54492	1.4333708
11488000	1505.5	120	2415	28225.87	12.2636171875	19.5924969695034	163.5797	1.3377616
11520000	1188.67	120	2410	28298.18	11.204716796875	15.937579901760493	140.8054	1.3458327
11552000	1250.97	111	2417	28369.97	11.5433544921875	18.459055196569516	152.21191	1.2589374
11584000	1185.3	111	2414	28442.45	13.318046875	20.419415546239318	184.91762	1.1505296
11616000	1139.39	111	2406	28519.98	11.99301171875	18.607385966330682	152.56468	1.0418782
11648000	1339.8	120	2342	28592.45	12.719890625	20.558293642712666	154.85764	1.0682037
11680000	1264.43	120	2347	28663.38	12.9396640625	20.893840300433045	237.12474	1.3076216
11712000	1288.21	111	2412	28734.62	11.923369140625	17.9430087359952	154.26501	1.3432539
11744000	1151.17	113	2417	28806.01	12.722923828125	20.056613622443844	189.92477	1.1492329
11776000	1275.86	113	2189	28876.56	12.8188232421875	19.52436458633161	210.89012	1.2402952
11808000	1352.1	577	2413	28947.18	12.5688291015625	20.335885768758637	138.55322	1.3616751
11840000	1307.0	105	2416	29019.82	12.8120078125	20.093682153851244	187.63464	0.9043396
11872000	1136.49	111	2414	29090.26	12.045439453125	18.611610959290978	184.66867	1.1030205
11904000	1217.68	120	2401	29162.05	12.48161328125	20.07050852619335	160.16298	0.9514867
11936000	1188.72	111	2209	29239.57	11.861443359375	18.8343585635402	164.30408	1.1672219
11968000	1274.63	105	2415	29319.53	13.2880537109375	19.85670069523132	159.09854	1.0780905
12000000	1181.95	111	2348	29397.86	12.1738603515625	19.27415124590445	254.80498	1.2026477
12032000	1313.0	120	2789	29473.13	13.1935166015625	20.936510424375882	165.15228	0.86764085
12064000	1316.8	113	2796	29545.74	11.9933232421875	18.257646514542888	145.92424	1.4133329
12096000	1262.67	105	2404	29617.3	13.6995361328125	19.806536168648975	143.49455	1.2879127
12128000	1279.65	111	2783	29690.13	12.27267578125	17.8603138970176	138.57889	1.1493175
12160000	1192.15	111	2796	29762.03	11.8232490234375	17.953085563490195	156.10852	0.9926866
12192000	1494.55	113	2787	29840.94	11.7729462890625	19.2844480735125	278.9756	1.070646
12224000	1433.99	113	2413	29914.53	10.6844677734375	16.199249596817747	141.00075	1.0911667
12256000	1372.07	411	2417	29987.07	11.760083984375	19.488523866624686	226.59918	1.0603385
12288000	1315.86	111	2414	30059.77	12.126884765625	19.8357733968202	189.24669	1.0856061
12320000	1314.74	120	2414	30136.0	11.76951953125	18.202755629299645	166.56613	1.2844536
12352000	1325.9	410	2787	30213.75	12.684373046875	18.702971020669416	146.55	1.1230525
12384000	1211.34	120	2411	30289.01	11.5858359375	17.299051635855648	133.8718	1.0258075
12416000	1280.4	120	2415	30361.61	11.0214990234375	17.659765358010848	243.92038	1.0547595
12448000	1352.08	113	2778	30435.18	11.163578125	18.291304286463554	188.18275	1.2793554
12480000	1366.44	394	2415	30507.88	11.3305234375	19.389961159063727	224.32404	0.9914031
12512000	1328.13	111	2344	30580.39	11.4589443359375	18.692804431117338	152.39601	1.1607898
12544000	1373.88	113	2419	30652.86	11.81013671875	17.63842928097624	119.39773	0.95516294
12576000	1263.28	389	2335	30723.9	12.39670703125	18.787114932846926	177.83588	1.1125215
12608000	1480.15	400	2414	30795.69	11.118216796875	16.947214004077484	169.7286	0.8634799
12640000	1231.98	111	2414	30867.54	12.1435634765625	17.83359890767985	147.10304	1.0808289
12672000	1279.41	113	2342	30939.34	11.503048828125	18.579908503542207	200.7673	0.92710197
12704000	1176.27	111	2409	31011.91	11.8074560546875	17.105969352831192	123.34883	1.1479418
12736000	1375.45	120	2415	31084.0	11.7124384765625	17.281068037016695	163.40189	1.1492511
12768000	1232.96	111	2408	31156.29	12.0889541015625	18.10531258360374	151.74149	1.2247028
12800000	1231.66	113	2416	31228.78	11.6971103515625	17.295784349083448	178.6122	1.1791661
12832000	1128.61	111	2414	31301.08	12.017947265625	18.556742373056753	147.57016	0.9754229
12864000	1278.69	111	2789	31373.75	12.0339150390625	17.755487708029875	183.89172	0.9187391
12896000	1213.46	120	2796	31447.49	12.5606494140625	17.63207836586487	134.79202	1.2889044
12928000	1431.18	113	2409	31524.36	11.7164921875	18.728137253875516	211.53604	0.9343935
12960000	1142.39	111	2759	31597.52	11.0961640625	16.864752444076966	184.70789	0.87872404
12992000	1181.42	120	2353	31670.02	12.41377734375	18.870912636912927	180.84784	1.1156882
13024000	1249.83	111	2411	31741.19	13.093705078125	18.962739780949377	153.74893	1.0134523
13056000	1321.56	111	2787	31813.24	12.5502109375	18.56949447346373	165.312	0.8719894
13088000	1297.83	120	2794	31884.57	12.549697265625	19.01280982653537	155.56015	1.1894938
13120000	1065.33	111	2341	31956.21	11.0533486328125	16.36149825046594	150.65775	1.2198901
13152000	1153.42	390	2346	32032.61	12.693169921875	18.472487143046006	136.30971	0.85634863
13184000	1140.26	111	2416	32111.67	12.511494140625	19.31411724620103	171.24208	1.1709481
13216000	1236.64	111	2754	32187.48	12.6823916015625	18.057756297502742	142.24693	0.89780235
13248000	1323.73	120	2799	32260.6	14.491654296875	19.586085622196183	153.67644	1.120437
13280000	1270.37	111	2796	32335.54	13.337205078125	19.861924157794984	160.05351	0.9943037
13312000	1276.51	111	2796	32409.73	12.4945849609375	17.29183333253013	152.94264	0.83875734
13344000	1210.01	111	2794	32481.92	12.9525703125	18.31971786081871	171.90819	1.2822824
13376000	1235.63	111	2415	32553.97	12.69369140625	18.52668851953851	149.9008	1.0485055
13408000	1289.33	113	2793	32625.85	11.7156201171875	15.870685437308623	178.85504	1.4845562
13440000	1376.05	113	2796	32700.42	13.260369140625	20.055857934778057	176.39282	1.1262283
13472000	1183.28	111	2787	32778.12	12.48346875	17.432217837957396	185.81642	1.3756483
13504000	1401.45	113	2796	32852.62	11.950330078125	17.777425994783385	185.53998	1.2547883
13536000	1352.55	113	2790	32924.37	13.0554423828125	18.786261602564785	144.46596	1.2484524
13568000	1120.18	111	2415	32996.02	11.2621240234375	16.67627431412664	158.96194	1.2150481
13600000	1148.74	111	2414	33067.36	11.987603515625	16.86613285551848	168.66275	1.0723354
13632000	1313.41	111	2793	33139.59	13.2890458984375	18.900048776392087	144.4847	1.3127111
13664000	1183.13	113	2792	33211.13	11.9416533203125	18.45817061628806	145.60133	1.1650987
13696000	1138.21	410	2798	33282.51	12.087060546875	16.911028206469293	174.33493	1.1337699
13728000	1209.26	113	2416	33354.33	11.122408203125	15.358084190419063	160.73636	1.1616749
13760000	1343.15	111	2794	33425.93	12.026876953125	17.363332413451054	174.45944	1.3052807
13792000	1293.13	111	2790	33496.54	12.122806640625	17.80626469813363	172.00507	1.2907796
13824000	1346.45	113	2419	33565.24	12.545939453125	17.34754305370072	160.77092	1.4605898
13856000	1343.65	113	2418	33636.05	11.55693359375	16.739431367283657	155.01044	1.506321
13888000	1280.34	113	2789	33709.43	12.3128662109375	17.96346639710721	150.75104	0.96640325
13920000	1149.98	113	2792	33781.51	12.318287109375	19.10818541881986	196.69696	1.492512
13952000	1228.6	111	2781	33853.01	12.5066591796875	16.94103929810683	184.75406	1.0777789
13984000	1353.81	113	2797	33924.22	13.3596015625	19.132294360583103	190.22784	1.345528
14016000	1135.58	111	2410	33996.84	13.454173828125	18.796808239698567	169.58844	1.3440773
14048000	1236.56	113	2799	34071.76	13.0339970703125	17.707639594254225	160.77512	1.1717728
14080000	1398.58	113	2794	34144.49	13.035755859375	18.160735461428867	166.20245	1.5358548
14112000	1332.84	113	2797	34217.83	13.108140625	19.917986532277805	197.36378	1.4260869
14144000	1294.7	113	2796	34290.8	13.19282421875	18.97570321490089	144.25714	1.1735284
14176000	1309.27	113	2797	34363.63	13.65888671875	20.550318580255635	232.41725	1.4928908
14208000	1434.94	113	2790	34436.98	12.876369140625	17.704840439834523	153.46727	1.6981385
14240000	1563.89	113	2797	34511.15	11.274150390625	16.48255612003187	163.51132	1.3471017
14272000	1307.81	113	2789	34582.81	11.125396484375	16.442889800761908	164.71144	1.2231348
14304000	1303.12	111	2798	34654.33	12.13269921875	18.52093578899295	153.60191	1.2967544
14336000	1387.48	111	2801	34727.93	11.6997666015625	16.681949451428032	147.97441	1.3339118
14368000	1479.88	113	2797	34800.12	11.52058203125	16.64071062184545	152.86519	1.32202
14400000	1238.7	111	2799	34873.92	12.1100703125	18.56766678934109	169.776	1.233357
14432000	1245.25	111	2793	34946.44	11.8063603515625	16.73921107758666	143.23624	1.188096
14464000	1237.66	111	2795	35018.28	11.636095703125	17.717054813088996	168.21082	1.0660143
14496000	1345.04	113	2415	35089.35	12.0997099609375	18.977568996054263	192.21483	1.3428314
14528000	1446.52	120	2796	35160.22	12.42016796875	18.887495036399084	181.01091	0.89215016
14560000	1452.55	113	2794	35232.28	11.5716796875	17.055131192693885	152.11176	1.1932673
14592000	1225.94	105	2801	35305.95	11.2469287109375	17.04655390394199	191.2497	1.2007875
14624000	1313.07	105	2792	35378.01	11.5913837890625	16.71072354058914	145.18768	0.9911982
14656000	1323.7	113	2794	35452.4	11.909279296875	16.588227188280246	156.01259	1.069559
14688000	1410.47	573	2798	35529.83	12.2233720703125	17.907475743387174	182.9012	1.2282885
14720000	1289.19	113	2778	35608.7	12.484677734375	17.533343235104933	149.91876	1.2492665
14752000	1437.76	120	2798	35683.06	11.651544921875	16.921976280860342	173.48892	1.3835602
14784000	1369.26	113	2795	35754.96	10.4068076171875	14.545805881765368	181.46332	1.3614659
14816000	1503.28	113	2799	35826.16	11.108689453125	16.1919752501046	147.77194	0.94501996
14848000	1325.15	111	2800	35895.69	10.416103515625	15.98572019021977	183.01205	1.1594918
14880000	1390.1	111	2799	35967.93	10.783470703125	15.091622262036642	149.37177	1.0264311
14912000	1358.14	111	2802	36040.2	10.7127802734375	14.550637872615756	142.79854	1.2733665
14944000	1507.13	397	2800	36112.13	11.1784755859375	15.29944137052069	146.94005	1.0158643
14976000	1352.48	113	2797	36186.07	10.764650390625	17.37635786061049	274.8896	1.1494048
15008000	1376.54	111	2792	36258.5	9.767267578125	13.750933491039799	143.71419	1.1279299
15040000	1197.08	111	2794	36334.44	11.068169921875	17.14180379948388	145.77963	1.004813
15072000	1148.01	113	2777	36406.9	11.357521484375	16.922104626789185	145.63156	1.223169
15104000	1442.75	120	2797	36479.58	11.20304296875	17.26706764334929	141.42383	0.95531213
15136000	1339.45	105	2790	36552.8	11.3399306640625	18.071272091360917	162.90915	1.2070043
15168000	1274.1	111	2798	36624.95	11.5627431640625	17.664549597994284	219.55081	1.172399
15200000	1256.81	120	2797	36696.24	10.0953984375	13.885291791136403	145.083	1.0638595
15232000	1498.68	105	2794	36768.81	9.8418046875	15.295693838463164	174.46783	1.1466773
15264000	1361.12	111	2793	36847.37	10.7891162109375	16.649600220425715	154.47932	1.0609217
15296000	1476.78	111	2798	36920.6	11.0763896484375	16.93894643270354	218.96768	1.0554698
15328000	1277.35	105	2800	36993.88	11.07404296875	16.81539287379275	133.13225	0.930606
15360000	1346.4	113	2799	37071.83	11.5863505859375	17.310516131819988	152.24681	1.199102
15392000	1409.59	111	2802	37146.7	11.50580859375	17.171775534288816	154.83289	1.2139869
15424000	1281.41	113	2798	37218.55	10.7685009765625	17.01384362805771	200.0962	1.3735149
15456000	1391.33	113	2793	37291.16	11.325923828125	17.10502758694063	155.37173	1.0080628
15488000	1280.72	113	2799	37365.31	11.594544921875	17.54971865871359	196.21373	0.9794405
15520000	1216.15	113	2788	37440.61	11.93051953125	18.148899760040553	199.22997	1.1791854
15552000	1345.02	120	2800	37520.21	12.879208984375	22.360781795366638	174.85622	1.0564469
15584000	1481.03	120	2797	37594.34	12.47592578125	19.859284667379136	178.96739	1.063908
15616000	1418.05	111	2798	37667.92	10.88053125	15.969212077463308	150.15501	1.3199778
15648000	1254.27	113	2796	37757.29	12.12319921875	18.144429241505502	179.60829	1.267605
15680000	1286.46	113	2795	37846.15	10.8600146484375	16.008319126316792	148.04987	1.020771
15712000	1350.4	120	2798	37933.61	11.718330078125	17.875202796052413	199.25002	1.0638144
15744000	1333.85	113	2799	38021.62	13.936501953125	21.114327185586568	236.31912	0.95354927
15776000	1189.71	113	2796	38111.6	14.1369169921875	21.407688455319036	196.8516	1.4069633
15808000	1188.04	113	2795	38198.95	13.179103515625	19.70058533394376	178.99214	0.91178113
15840000	1388.97	120	2798	38286.57	12.248427734375	16.777964529405825	164.63954	1.146237
15872000	1258.21	120	2793	38375.85	12.58216015625	17.916936819668702	161.38725	1.2838506
15904000	1407.47	120	2800	38465.35	13.60311328125	19.60616612191175	185.66728	1.4112492
15936000	1140.47	113	2784	38552.91	13.8557939453125	19.1870757282083	186.76074	1.2136652
15968000	1283.06	105	2800	38643.39	14.29671875	19.818860177870977	149.17142	1.2709688
16000000	1150.73	111	2785	38732.52	12.71297265625	17.298163739252786	130.7693	1.1200355
16032000	1315.09	111	2795	38822.23	12.8578603515625	18.535568004514996	218.43063	1.1576126
16064000	1370.93	113	2795	38912.2	12.6336904296875	17.20016260824298	138.95403	1.2776848
16096000	1312.58	113	2800	39001.33	12.503283203125	17.176192644180492	174.28471	1.3851871
16128000	1311.97	111	2799	39091.86	12.667443359375	16.68621062434488	181.67635	1.2870927
16160000	1529.01	113	2799	39180.99	12.948087890625	19.316556208341073	163.29083	1.3804332
16192000	1344.88	111	2801	39269.3	12.274330078125	16.20205716105211	140.16463	1.3476069
16224000	1380.05	113	2798	39359.5	12.71594140625	17.796252238884456	185.1576	1.3713592
16256000	1380.21	108	2798	39447.1	13.308060546875	17.18597811443969	161.98914	1.4196291
16288000	1251.65	120	2798	39535.26	12.12225	15.224109682506889	152.60414	1.0834599
16320000	1336.81	113	2796	39623.04	12.178330078125	16.866281080902215	183.13823	0.9860776
16352000	1431.73	113	2789	39712.08	13.21209375	18.75016666592593	179.80608	1.3475187
16384000	1450.1	113	2799	39802.08	12.83771484375	17.52635247990865	164.8959	1.3921494
16416000	1463.12	120	2797	39891.37	12.170625	16.954290570531107	186.29779	1.3762038
16448000	1406.21	120	2799	39980.37	11.4854736328125	16.405538317897403	152.90343	1.3150922
16480000	1469.58	120	2799	40070.08	12.1820791015625	18.258743624630913	222.37895	1.471145
16512000	1113.89	111	2802	40158.8	12.4398115234375	18.276772314880983	151.5906	1.1645358
16544000	1402.31	120	2795	40248.66	11.605615234375	19.546152114930447	307.64664	1.2565889
16576000	1186.43	111	2796	40338.84	12.2049150390625	17.830379622991767	181.2739	1.0106908
16608000	1485.78	120	2798	40430.09	11.235068359375	15.905042930624235	156.26111	1.3110135
16640000	1258.04	120	2800	40521.32	11.515509765625	17.757318913619816	152.42538	1.000875
16672000	1296.27	194	2793	40612.18	12.5890966796875	19.836607572868903	198.73236	0.913024
16704000	1282.21	113	2793	40704.11	12.899625	18.637338195139346	184.06885	1.065889
16736000	1417.59	111	2800	40794.67	12.523255859375	19.024441516112898	162.5557	1.1804911
16768000	1360.96	113	2799	40885.72	13.229533203125	18.95754796908081	163.86246	1.2217859
16800000	1323.22	120	2800	40977.97	12.84871875	21.074918445868303	290.39062	1.2312417
16832000	1330.8	120	2800	41069.11	13.53346875	20.129859661706536	183.09006	1.4416014
16864000	1322.57	113	2797	41158.7	11.9634228515625	17.807027229439505	149.76668	1.2157426
16896000	1333.29	113	2792	41247.31	12.1378115234375	17.43208159543776	160.51944	1.0870261
16928000	1295.2	120	2796	41338.48	12.5905693359375	20.09445663609743	215.8842	1.0110714
16960000	1607.83	113	2797	41430.06	12.13926171875	18.67012319188066	159.302	1.2218528
16992000	1459.1	772	2797	41520.88	11.7599921875	18.724547724845053	203.53287	1.4261839
17024000	1179.21	395	2794	41610.58	13.185359375	19.49514522900509	166.75175	1.2622178
17056000	1532.86	113	2801	41701.37	11.79412109375	17.150604945598857	138.65689	1.0670557
17088000	1382.72	120	2799	41793.0	12.47316015625	17.666348660659903	187.24663	0.8292036
17120000	1409.56	120	2799	41884.72	12.074373046875	18.204371899354285	208.7388	1.1583687
17152000	1200.89	120	2795	41975.73	11.455376953125	17.732065763751272	216.48865	1.3745794
17184000	1350.83	113	2798	42068.74	12.128828125	17.45608507798928	190.36313	1.2996278
17216000	1220.29	120	2790	42161.48	12.5019365234375	18.679958344439637	201.03212	1.3364383
17248000	1312.66	120	2798	42254.04	11.4125595703125	16.087692306542912	138.45557	1.094249
17280000	1325.49	120	2798	42346.0	12.2727861328125	18.09809986573176	200.74997	1.1890657
17312000	1246.34	111	2798	42439.16	12.8583974609375	20.00837480906433	190.38481	1.263318
17344000	1391.93	113	2800	42533.76	12.475703125	18.96617301276143	170.45004	1.1595049
17376000	1482.81	113	2798	42628.14	11.204439453125	16.114006911690215	155.3823	1.5652456
17408000	1409.47	113	2798	42721.21	11.260251953125	16.81079824101164	162.72685	1.5241894
17440000	1308.14	120	2795	42815.77	12.020560546875	18.458816491042974	194.18779	1.261172
17472000	1351.42	120	2792	42910.26	13.2427265625	19.949248889369244	140.96602	1.1098568
17504000	1260.5	120	2790	43004.64	12.125447265625	17.930296462970155	166.11896	1.3796009
17536000	1367.31	133	2802	43098.35	13.247681640625	19.51206277537052	193.70428	1.2370021
17568000	1509.6	411	2796	43191.95	12.429537109375	18.12357753038842	163.8748	0.9562573
17600000	1301.51	113	2800	43286.29	12.163630859375	19.931401104789398	188.63898	1.3417759
17632000	1431.03	412	2799	43380.17	13.1558583984375	19.330644389155783	207.04657	1.23803
17664000	1271.45	120	2800	43474.56	11.5628203125	16.73673915373004	135.53786	1.0643061
17696000	1371.83	113	2799	43567.4	12.235107421875	18.43200850422981	142.33298	1.3115151
17728000	1374.61	113	2797	43664.09	12.877767578125	20.11872107018734	175.18884	1.0744245
17760000	1447.85	111	2799	43758.61	11.51912890625	17.44626840473343	157.01468	1.2962272
17792000	1422.76	111	2801	43856.43	11.522517578125	16.008578754842667	135.88461	1.1907923
17824000	1383.73	113	2799	43950.94	12.10347265625	18.810351206184322	176.18988	1.2359669
17856000	1402.22	111	2799	44044.33	12.631072265625	18.337138714914058	180.74669	1.243966
17888000	1509.9	113	2800	44139.85	12.423259765625	18.82412348557032	188.42511	1.317337
17920000	1377.53	120	2800	44234.38	13.09061328125	20.67375752010263	148.18556	0.9066856
17952000	1453.56	111	2799	44330.58	11.38903125	16.667443002752403	150.72816	1.1602261
17984000	1219.94	111	2798	44425.53	11.7926298828125	16.392515441505616	120.917496	0.86465716
18016000	1402.41	111	2796	44521.33	13.268181640625	20.34255392029231	212.64478	1.2811255
18048000	1431.34	113	2801	44617.71	11.760037109375	17.545177400072077	136.83734	1.0640268
18080000	1353.28	113	2800	44711.31	12.251544921875	17.806931585761767	198.76277	1.047487
18112000	1501.94	113	2800	44806.0	11.64837109375	17.560940322203706	148.17319	1.3142924
18144000	1594.02	111	2799	44899.52	12.1645283203125	17.881808144032863	202.87914	1.0295216
18176000	1393.07	120	2799	44989.41	11.154314453125	15.944918861505693	134.3413	1.1804624
18208000	1244.43	120	2797	45080.34	11.71395703125	18.077114330003006	171.41534	1.0830696
18240000	1422.3	120	2797	45171.73	11.507869140625	17.387603342611655	163.45274	1.17587
18272000	1513.85	113	2799	45261.94	11.7395	17.755488588039476	148.87163	0.9605665
18304000	1379.24	113	2798	45350.89	12.1480625	17.395535526392973	155.72723	0.92998177
18336000	1496.3	111	2798	45440.81	11.479935546875	17.480696496421416	168.59267	1.1140542
18368000	1447.78	111	2795	45530.05	9.797912109375	15.941815592177699	201.58636	0.997505
18400000	1219.29	111	2793	45618.2	10.975453125	16.41806931402106	169.54301	0.98416436
18432000	1272.65	113	2794	45709.01	11.80574609375	18.81508038781658	307.32465	1.091238
18464000	1292.09	111	2799	45798.97	11.41147265625	17.616949402493045	194.32436	0.94802094
18496000	1512.67	120	2798	45887.92	11.404109375	16.703795414515827	163.26698	0.7215575
18528000	1289.88	113	2792	45972.55	11.274423828125	18.21039967298906	185.34547	0.9709138
18560000	1708.94	120	2798	46062.67	11.6712685546875	17.11957213250378	167.3498	1.0746604
18592000	1402.12	120	2792	46149.29	10.875587890625	14.294400127322588	155.18425	1.1307316
18624000	1364.36	120	2798	46236.84	12.03015625	17.115166884959084	127.28357	1.3997513
18656000	1623.95	113	2800	46324.04	11.815138671875	17.892464370510844	188.68575	0.96417505
18688000	1382.01	113	2797	46411.31	11.5825859375	16.926560120118914	153.98215	1.2682607
18720000	1534.52	113	2796	46500.67	10.878404296875	15.722030721252265	148.07686	1.2315167
18752000	1425.6	120	2798	46588.95	10.84029296875	16.38922378424311	157.45267	0.9827029
18784000	1431.0	111	2798	46676.35	11.1459599609375	16.89697643071091	156.25174	1.058316
18816000	1419.68	397	2799	46765.19	10.7920869140625	15.99859173489967	159.46945	0.8706094
18848000	1437.14	120	2798	46853.6	12.67346484375	17.069191911159706	139.48985	1.4904656
18880000	1421.05	120	2800	46943.46	12.860771484375	18.984890373662946	179.38058	1.4366205
18912000	1398.36	113	2800	47031.05	11.1019140625	16.3670925564072	167.80424	1.4203633
18944000	1375.38	120	2800	47118.95	11.694185546875	16.25182489753074	160.43364	1.0676225
18976000	1208.99	113	2797	47206.44	11.449296875	15.418973701255217	146.84274	1.068998
19008000	1444.1	120	2796	47296.07	12.7902578125	18.46045774080372	154.75203	0.8654277
19040000	1346.43	120	2795	47385.48	10.6354267578125	14.876485219970474	194.34418	1.0504512
19072000	1499.97	579	2801	47476.51	11.707232421875	16.46056081972908	147.29436	1.170399
19104000	1580.51	113	2801	47569.39	11.718310546875	17.56185141151126	175.34833	1.2705897
19136000	1521.05	120	2799	47659.8	11.4785546875	17.084883669489823	161.04556	1.1531975
19168000	1303.6	113	2797	47749.98	12.617109375	17.7355733625953	138.30653	1.2721301
19200000	1294.21	120	2797	47839.59	12.343203125	17.12984511751347	130.70134	0.9923934
19232000	1452.7	113	2798	47929.2	12.9380166015625	19.343933157452753	157.18544	1.33266
19264000	1411.01	108	2798	48018.34	14.0021640625	20.142334149745405	190.70619	1.5020739
19296000	1314.53	105	2798	48107.07	11.337478515625	17.390934240287383	158.68355	0.7871423
19328000	1224.62	105	2801	48195.42	12.0028662109375	19.969766210449237	185.61807	0.75482905
19360000	1346.12	105	2796	48282.0	12.07602734375	17.585736407668573	173.69417	1.250967
19392000	1226.28	108	2787	48366.11	11.82833984375	18.208220156017447	150.34355	0.99211043
19424000	1257.31	108	2794	48431.32	11.76044140625	17.969138474061577	201.71759	1.2497411
19456000	1600.39	133	2793	48496.3	11.6191923828125	17.9606096778478	184.28485	1.1416757
19488000	1352.23	120	2795	48560.45	12.44033203125	19.057614947836466	261.68817	1.4062076
19520000	1403.92	120	2798	48624.41	11.1705302734375	17.90319629284112	161.19427	1.1758064
19552000	1387.11	120	2800	48689.41	12.041107421875	18.10071649134365	176.23615	1.1777232
19584000	1235.54	113	2794	48750.92	12.5933408203125	19.900822847309605	197.34511	1.1260791
19616000	1390.86	111	2798	48815.68	12.24019140625	18.5796654638882	232.58102	1.2552359
19648000	1204.98	105	2792	48877.98	12.755966796875	20.401901718957475	194.07726	1.0899123
19680000	1286.77	120	2797	48942.9	13.12237109375	20.03844274139086	153.01738	1.1938448
19712000	1445.18	113	2799	49012.41	11.7470283203125	18.211520220728417	171.873	1.1296738
19744000	1340.82	111	2792	49079.66	12.293126953125	18.997878170995833	225.4745	1.2772224
19776000	1524.29	113	2801	49148.92	10.9266416015625	17.094853026569137	167.35318	1.3454355
19808000	1377.31	120	2801	49220.42	12.4748359375	17.84226372969529	170.44922	0.89668036
19840000	1245.99	105	2798	49294.41	12.00556640625	17.15138478374268	198.61275	1.08854
19872000	1401.47	108	2796	49361.2	11.777640625	17.573974009881773	177.39038	1.0020285
19904000	1284.56	113	2799	49434.2	12.191916015625	19.23090123993153	180.70267	1.3387847
19936000	1328.65	111	2796	49509.03	11.7163427734375	18.946619916227803	164.18788	1.2540448
19968000	1378.39	113	2797	49585.02	13.6092421875	20.866428629499588	161.9509	1.2342694
20000000	1361.52	111	2796	49657.64	12.6023125	19.275909511615787	162.8974	1.0187597
