TotalEnvInteracts	AverageEpRet	MinEpRet	MaxEpRet	time	Averageloss	Stdloss	Maxloss	Minloss
16000	660.48	231	1804	63.66	0.3900967	0.33031848	2.422507	0.021766622
32000	656.94	217	1610	129.64	1.5451521	1.4425219	15.880788	0.1662359
48000	662.28	223	1316	197.05	3.5047154	3.2156289	29.328104	0.25239706
64000	535.24	218	1251	265.13	5.084626	4.873773	32.418602	0.49498406
80000	626.54	215	1318	332.84	6.8603754	6.839339	48.123928	0.7139993
96000	688.76	217	1868	400.41	7.993997	8.310018	56.379047	0.6999587
112000	644.18	222	1379	467.95	11.79584	12.283521	67.671005	0.96645683
128000	757.1	223	1668	536.99	14.405482	14.405058	114.05783	1.0554302
144000	706.1	222	1316	605.49	13.929492	13.763874	122.139404	1.1038547
160000	693.38	215	1315	673.2	13.464543	11.441892	70.443756	1.2714257
176000	612.62	217	1404	740.79	12.175336	11.038305	89.86766	1.3141534
192000	502.84	217	1314	808.38	11.355357	11.043914	82.05474	1.1660485
208000	485.46	222	1325	875.5	10.630714	9.2254305	52.38885	0.9461148
224000	547.2	215	1307	942.96	10.021641	8.794718	59.99132	0.8221098
240000	625.92	223	1314	1009.13	9.37816	8.253504	50.996826	0.83876646
256000	611.12	218	1135	1075.66	9.824492	8.384951	59.364975	0.7168976
272000	626.44	223	1046	1140.72	9.432754	7.7058916	54.582806	1.1107745
288000	426.58	223	1041	1205.71	9.782463	7.2727666	54.061943	1.4421856
304000	442.16	226	1665	1271.4	9.8449335	7.4889297	61.986732	1.0194801
320000	365.16	226	1887	1336.59	11.9819	10.411945	74.62756	0.9632609
336000	447.88	226	1889	1402.2	12.187957	11.463165	89.4361	1.3606725
352000	765.56	226	1892	1467.95	12.239879	12.276527	96.11175	1.3846513
368000	670.26	231	1548	1533.55	13.060474	13.656045	106.02088	1.0330335
384000	509.48	223	1311	1598.36	12.937207	13.1373205	89.62599	1.5136122
400000	399.2	223	1832	1662.89	13.445712	12.843614	80.72401	1.2341131
416000	738.86	226	1312	1728.07	14.7237015	12.996143	82.2886	0.91017085
432000	742.52	231	1312	1792.76	13.686834	11.302953	74.482605	0.86509484
448000	763.9	231	1310	1857.48	12.263569	11.178037	90.42247	0.9501885
464000	669.34	231	1551	1923.67	11.6314	10.739837	74.17661	1.2232027
480000	639.78	231	1828	1987.63	11.817783	11.584411	78.6874	1.0083413
496000	723.72	226	1826	2054.6	12.774084	12.66232	91.01491	1.1204801
512000	762.76	231	1307	2121.38	10.802619	11.232822	89.98743	0.90191877
528000	611.42	231	1817	2187.76	9.495949	10.676745	76.286514	0.95984256
544000	684.24	231	1310	2252.57	8.949542	8.923354	91.52212	0.9456825
560000	634.42	231	1325	2316.74	9.104066	8.158647	59.28859	1.2366823
576000	752.1	231	1311	2382.64	9.206021	8.177658	65.0537	0.9802039
592000	497.7	223	1309	2447.32	9.786198	8.253342	54.338947	1.1432776
608000	593.16	231	1312	2512.44	10.925015	9.193192	78.07008	1.2673302
624000	382.56	231	1311	2577.4	11.18165	9.514438	81.610374	1.2574394
640000	462.48	231	1552	2642.59	13.125304	11.33051	86.42318	1.5084462
656000	590.48	231	1129	2708.41	13.407145	11.31389	87.0807	1.7361252
672000	560.82	231	1302	2774.29	13.256717	11.951006	81.033035	1.6343207
688000	646.98	231	1133	2838.09	13.033024	12.025522	78.93146	1.621714
704000	405.3	231	1545	2902.24	11.946151	11.553269	73.20054	1.4861499
720000	518.28	226	1310	2967.63	12.138953	11.090518	78.77075	1.3296711
736000	674.68	231	1307	3032.97	12.156733	11.829452	84.055695	1.3372679
752000	485.12	231	1310	3098.59	11.209378	10.675704	64.7656	1.2263587
768000	702.38	231	1548	3164.53	11.328725	10.877577	87.062	1.4948238
784000	870.82	588	1890	3228.92	12.632942	11.929511	96.65933	1.3363256
800000	821.86	620	1425	3294.73	12.246487	11.083387	75.58405	1.6153079
816000	671.74	231	1316	3360.3	12.450453	11.204106	75.34605	1.7976711
832000	831.28	231	1427	3426.11	11.256916	10.490353	77.455795	1.8492038
848000	994.52	231	1891	3490.8	11.093103	9.872765	66.24734	1.7716382
864000	927.04	585	1891	3555.73	10.433895	10.135306	94.36523	1.1477828
880000	852.6	609	1824	3622.06	9.3917265	8.609719	71.80795	1.3859541
896000	861.48	231	1308	3690.41	9.654797	8.954283	68.529884	1.3508494
912000	509.98	231	1551	3756.32	10.489615	9.338042	59.031708	1.1195791
928000	977.34	618	1828	3823.59	12.111739	10.938962	72.20135	1.4038568
944000	970.26	618	1309	3891.42	11.013514	10.45957	78.33112	1.4384294
960000	936.04	231	1549	3955.63	9.70097	8.488833	69.9472	1.1720603
976000	833.02	620	1829	4020.03	9.069528	8.415788	71.99548	1.2882634
992000	927.58	231	2789	4086.16	7.5835657	6.519337	65.09193	1.2733505
1008000	1058.52	620	1325	4152.21	7.3974414	6.48528	79.98784	1.0600935
1024000	1081.5	231	1544	4220.39	7.353378	5.5066867	46.308113	0.9752902
1040000	1075.7	620	1553	4286.33	7.2239113	5.8635416	48.755642	1.1745336
1056000	1271.8	231	1899	4352.4	6.9177322	5.4198833	47.243355	1.1679819
1072000	1204.7	231	1330	4419.44	6.421407	5.0397787	34.787094	1.0726893
1088000	1154.12	231	1329	4485.07	5.4696817	5.247105	81.882576	0.78201586
1104000	1203.54	620	1896	4551.77	4.925818	5.33537	92.826965	0.66908014
1120000	1186.66	620	1896	4618.92	5.535692	4.69941	36.88692	0.84033424
1136000	1170.86	620	2125	4685.01	6.1516047	5.2890887	41.469643	1.035259
1152000	1134.08	231	1892	4749.54	6.476831	6.0757723	60.725273	1.122777
1168000	1061.8	620	1674	4816.08	6.1492586	5.1167817	40.50219	0.9297948
1184000	1079.04	586	1677	4883.36	6.551514	5.9674006	67.52984	1.0866165
1200000	1051.02	620	2319	4950.18	6.525078	5.926977	58.89843	0.8753438
1216000	1187.44	636	2299	5017.74	7.0915537	6.3998303	52.14313	1.0921319
1232000	1242.46	231	2335	5083.05	7.5820656	7.5210037	56.789772	1.0990102
1248000	1114.92	614	1895	5150.88	9.273006	9.746871	79.08523	1.2786286
1264000	1135.46	635	1801	5218.24	9.099625	10.573231	124.101364	1.0813668
1280000	1037.32	620	1661	5284.15	9.4239435	10.897003	88.76153	0.99316835
1296000	1211.2	231	1891	5351.31	8.325756	10.021912	89.280136	0.9061727
1312000	1032.74	231	1892	5418.01	9.571407	11.915662	124.198395	1.1724491
1328000	1255.34	633	1893	5485.83	9.445465	10.9921055	100.578766	1.0648282
1344000	1137.2	231	2311	5554.85	8.981585	9.755723	69.06643	1.0867878
1360000	1249.7	635	2788	5621.7	8.063865	8.659542	59.76263	1.1245618
1376000	1244.6	217	1892	5689.84	7.9611797	8.690937	92.68837	1.4753437
1392000	1169.5	231	1891	5756.26	7.579037	7.871621	65.247314	1.0689316
1408000	1123.1	215	1895	5826.97	7.236693	7.2236304	61.139164	1.404791
1424000	1256.6	617	1895	5896.49	7.0863357	7.60906	61.06464	1.0157468
1440000	1286.0	223	1832	5963.97	6.9648986	7.6205635	61.042233	1.1153378
1456000	971.42	223	1895	6030.39	7.44708	7.9668736	73.131676	1.0031469
1472000	968.52	223	1896	6099.87	8.366058	8.9919615	89.26519	1.2910488
1488000	1036.02	533	1549	6166.6	8.629262	9.552444	86.58253	1.4323978
1504000	1019.9	267	2768	6233.51	8.755217	9.065376	97.6257	1.5090026
1520000	1152.66	620	1896	6300.08	8.209791	6.990421	58.90014	1.2960913
1536000	1066.72	626	1542	6366.67	9.433756	9.87511	124.114204	1.763271
1552000	1038.18	620	1325	6434.14	10.310701	10.994897	124.5075	1.3127737
1568000	1008.14	636	1864	6501.01	9.961653	9.189327	75.5528	1.0824873
1584000	1090.62	619	1886	6568.13	10.607688	10.032784	87.51682	1.5420575
1600000	1147.2	626	1893	6633.82	10.418774	9.203003	65.2473	1.3124096
1616000	1188.38	620	1890	6698.92	9.265988	8.380483	91.29661	1.5126455
1632000	1160.6	620	2336	6764.05	8.046605	6.916296	55.00455	1.4340532
1648000	1120.12	620	1673	6831.6	7.620123	6.918093	53.189217	0.899262
1664000	1080.7	705	1827	6900.4	8.302217	6.871041	49.0952	1.2562511
1680000	1172.16	614	1884	6968.17	8.114385	6.4663773	74.09211	1.0798498
1696000	1263.84	620	1894	7036.68	8.003775	6.290048	39.818794	1.1951642
1712000	1036.86	618	1895	7104.0	7.911474	6.482062	55.810158	1.1668417
1728000	1024.62	620	1891	7170.05	7.929581	6.826333	61.00216	1.0501713
1744000	1029.94	620	1891	7238.75	8.402198	7.0406594	46.90099	0.83863664
1760000	1133.9	620	1889	7306.53	8.449471	7.4570036	52.105537	0.9013909
1776000	1131.2	620	1893	7375.2	7.889328	7.4097443	49.72156	0.9227367
1792000	1182.18	617	1896	7444.46	7.3296766	7.265905	59.622417	0.7998949
1808000	1211.46	609	1893	7512.14	7.665068	8.13672	53.82956	0.6998492
1824000	1295.72	742	1895	7579.08	7.9883137	7.9942846	48.07663	0.85498637
1840000	1251.54	580	1896	7647.36	6.724027	6.916014	48.288147	0.86647075
1856000	1032.92	612	1895	7715.04	7.37734	7.1859975	51.562073	0.9405176
1872000	976.84	618	1886	7784.02	7.596418	7.44571	68.87079	1.0680255
1888000	1019.52	600	1898	7851.17	9.161089	9.29384	81.29649	1.0021316
1904000	1381.0	620	1896	7916.56	9.298894	10.219954	121.81967	0.90986896
1920000	1258.48	619	1895	7982.44	10.002262	9.902059	60.000416	1.0879787
1936000	1077.92	617	1890	8048.0	12.088713	11.964013	88.71083	1.6115422
1952000	955.56	618	1897	8113.72	12.677086	11.822041	89.96247	1.4004123
1968000	1353.32	620	2194	8178.25	11.543058	10.940264	81.36884	1.3347245
1984000	1237.88	580	1897	8243.1	10.991537	10.907216	74.56612	1.2330532
2000000	1088.3	468	1894	8306.99	10.625428	10.824918	86.30479	0.9352782
2016000	1107.18	614	1890	8371.39	11.175706	11.423431	77.47041	0.89989233
2032000	795.54	620	1679	8436.25	12.816431	12.603912	83.93828	0.91873085
2048000	980.42	620	1893	8501.19	12.827543	12.433535	76.10846	1.3414305
2064000	1349.36	620	2329	8565.68	12.930871	13.025487	90.33086	1.279559
2080000	984.66	620	2233	8630.23	13.739845	13.059007	81.100136	1.1467049
2096000	1135.88	599	2304	8693.74	14.626332	14.185324	104.45508	1.1517336
2112000	1165.68	620	2323	8757.85	14.992469	13.562774	73.15586	1.2510815
2128000	1228.52	620	2992	8824.43	14.264233	13.196738	91.895195	1.3838933
2144000	1278.12	620	1893	8889.59	14.509879	13.157688	89.61356	1.8555447
2160000	1454.58	620	2985	8954.36	13.744968	13.430559	97.27459	1.4155362
2176000	1398.12	614	2998	9018.84	12.922273	13.4753	113.340675	1.5931215
2192000	1427.08	618	2815	9083.98	11.699754	11.580332	100.037384	1.1726182
2208000	1278.26	620	1894	9150.08	11.364746	12.379378	109.29513	1.4814694
2224000	1347.24	633	2910	9215.56	10.506924	11.073418	150.65399	1.483077
2240000	1208.16	223	2555	9280.32	9.992379	10.07239	82.1848	1.6838183
2256000	1137.16	223	1884	9345.43	9.039281	7.74891	78.06765	1.657982
2272000	1067.26	223	1884	9410.68	9.816047	9.254942	78.47838	1.4844143
2288000	1325.2	267	2958	9476.7	9.442239	8.147512	68.61559	1.8174895
2304000	1125.56	443	1815	9541.27	9.1620865	7.906142	78.20192	1.5958889
2320000	1244.04	620	2931	9606.92	9.060986	8.090247	61.531364	1.658205
2336000	1379.38	620	2929	9672.02	9.530303	8.574836	74.44499	1.2592616
2352000	1401.02	763	2326	9736.97	9.42564	9.620352	93.18142	1.4002261
2368000	1814.54	1047	2904	9801.47	9.107891	8.95256	72.323494	1.3709348
2384000	1580.02	618	2904	9867.46	9.018677	8.651022	74.36204	1.4725301
2400000	1308.72	620	2406	9932.44	8.2777	8.310217	84.92924	1.0624163
2416000	1538.82	620	2594	9997.13	7.278105	7.476406	83.50534	1.2564297
2432000	1698.38	750	2853	10062.81	7.766401	8.05347	93.7566	1.1760826
2448000	1504.9	635	2329	10127.11	7.587718	8.184509	80.89548	1.1820759
2464000	1712.6	636	2993	10191.2	8.265539	7.886702	129.6597	1.3324988
2480000	1652.98	635	2335	10256.49	8.171129	7.1833687	72.65562	1.1180642
2496000	1463.2	722	2606	10320.55	8.129538	6.6471443	54.391216	1.3597567
2512000	1618.36	620	2935	10385.17	9.472675	8.417877	83.64038	1.522032
2528000	1790.8	620	2945	10450.03	9.395205	8.594644	130.40366	1.4827576
2544000	1573.58	620	3015	10515.8	9.318061	8.88622	95.52885	1.4886436
2560000	1719.2	759	2980	10580.87	10.916874	10.799102	89.326805	1.5078987
2576000	1785.22	620	2987	10645.33	10.444373	9.528397	72.22197	1.6773152
2592000	1460.42	620	2974	10710.52	10.642162	9.394867	64.675064	1.6375513
2608000	1484.1	620	2983	10775.91	10.911467	10.079723	100.11752	1.5037477
2624000	1660.36	636	2990	10841.77	11.80392	11.237467	111.357254	2.0082443
2640000	1663.72	620	3002	10907.33	11.03611	9.987441	86.82565	1.3430135
2656000	1765.34	620	3014	10972.98	12.017414	11.572843	122.57547	1.9974114
2672000	1384.0	620	2959	11037.81	11.459257	10.621456	118.36919	1.7787981
2688000	1738.68	636	3014	11102.88	11.398887	11.498549	185.39081	1.9217267
2704000	1594.64	634	3001	11168.81	11.584937	11.475192	133.6178	1.6806579
2720000	1597.08	634	2987	11234.33	10.679371	11.372906	129.10399	1.8389213
2736000	1741.78	620	3018	11299.86	10.674287	10.71306	131.58424	1.7053814
2752000	1727.92	620	3003	11368.79	11.625611	11.117796	122.36131	1.8299185
2768000	1712.84	636	3003	11433.69	11.688944	11.3090515	97.29269	1.8988829
2784000	1885.86	633	3011	11499.77	11.65313	12.858492	118.790436	1.6945295
2800000	1748.24	590	2998	11564.38	11.588364	12.14256	117.430115	1.5285672
2816000	1673.48	617	3025	11630.01	10.740892	11.079201	94.59537	1.5269723
2832000	1588.66	620	3023	11695.59	9.95628	10.9963875	103.41952	1.2826931
2848000	1669.06	636	2939	11759.28	9.312618	11.172948	145.3779	1.1124624
2864000	1752.14	636	3013	11824.49	9.061281	10.007966	113.03446	1.2498838
2880000	2136.32	620	3023	11890.63	8.227756	9.25721	81.85098	1.0183687
2896000	1907.92	620	3022	11957.15	9.026015	10.458782	96.4155	1.1731011
2912000	2030.36	231	3018	12025.19	9.242577	9.8599	73.79713	1.0611925
2928000	1886.7	231	2963	12090.98	10.201757	10.322697	79.926285	1.3881032
2944000	1981.12	632	3019	12157.89	10.087113	12.074548	150.61707	1.1877127
2960000	2072.3	620	3016	12223.53	9.907143	10.548107	108.368004	1.1097256
2976000	2227.7	618	3023	12289.88	8.546119	8.547256	93.109695	1.3402712
2992000	2099.44	231	3014	12356.03	8.139973	8.111536	84.71172	1.2785268
3008000	2143.46	231	3015	12421.15	7.497951	7.3812957	76.21057	1.1813402
3024000	2342.96	1318	3018	12487.84	6.9310184	7.0522966	70.14731	1.3893747
3040000	2268.56	231	3020	12557.39	6.019317	6.283486	78.14246	1.1791115
3056000	2179.64	231	3026	12623.02	5.9254766	6.1522956	73.17078	1.3089447
3072000	1829.56	231	3020	12689.0	6.690792	9.3146925	166.04698	1.0484115
3088000	1875.76	231	3023	12755.37	7.2832637	8.849332	94.6288	1.2387857
3104000	2275.42	620	3020	12821.46	7.3138566	8.352121	87.88908	1.5565593
3120000	2295.3	620	3025	12887.68	7.8223076	8.988993	83.58602	1.4160205
3136000	2158.82	618	3025	12953.4	8.242752	9.368123	113.955765	1.2213805
3152000	2192.64	713	3018	13017.94	9.076229	9.881178	80.424835	1.1788361
3168000	1833.98	620	3012	13083.64	8.083155	7.209951	64.9309	1.5627148
3184000	1938.12	734	3011	13148.66	9.083058	9.518735	112.14126	1.5665965
3200000	2042.7	751	3012	13214.58	8.778127	8.897175	90.9759	1.4372156
3216000	2157.74	730	3012	13279.41	8.485359	9.281507	136.92151	1.4513583
3232000	2162.06	730	3021	13345.2	9.722046	11.043735	114.24818	1.4003994
3248000	2053.16	779	3015	13410.78	8.970388	10.52895	154.19258	1.6638547
3264000	2119.46	620	3025	13476.19	8.552186	8.82155	81.1838	1.247515
3280000	1890.14	620	3017	13541.88	8.68862	10.4369755	150.67805	1.391388
3296000	1981.18	620	3022	13608.78	8.5164	9.508296	109.95049	1.2225802
3312000	1629.7	618	3017	13673.23	9.014787	10.008954	112.08133	1.4871051
3328000	1958.28	620	3017	13739.95	9.015981	8.86528	75.36689	1.4124877
3344000	2309.84	746	3026	13804.75	8.857611	9.024812	95.014	1.479408
3360000	2117.36	746	3026	13870.6	7.9687324	8.863597	119.29982	1.5999881
3376000	1912.28	620	3017	13937.38	7.915743	8.549061	110.9848	1.3280904
3392000	2048.76	620	3011	14003.6	8.011183	8.956259	105.611855	1.2085187
3408000	1988.98	231	3019	14068.59	8.050633	8.526068	101.63364	1.2565589
3424000	2042.86	636	3024	14133.67	8.036108	8.156163	112.115654	1.4933414
3440000	2331.98	618	3017	14199.37	8.572012	10.66922	121.336075	1.562619
3456000	2100.26	635	3018	14265.16	8.795449	11.370608	138.73712	1.3866701
3472000	2090.48	620	3016	14330.53	8.795006	12.672206	220.43887	1.5729529
3488000	2111.92	620	3023	14394.27	8.200998	9.61107	123.446915	1.6393837
3504000	1915.14	620	3023	14459.38	7.179804	8.02234	109.90327	1.162633
3520000	2237.02	807	3023	14525.2	6.948175	7.30362	86.0304	0.95067835
3536000	2203.52	633	3023	14590.38	6.829425	6.979004	107.40706	1.2021289
3552000	2069.22	633	3023	14655.1	6.9539747	6.4551797	69.48801	1.358532
3568000	2236.16	620	3022	14722.14	7.051668	6.6173553	85.07623	1.3468546
3584000	2019.32	620	3019	14787.13	7.5810122	7.964955	107.03932	1.2088172
3600000	2157.08	620	3019	14851.93	8.99858	11.067371	177.99161	1.6408241
3616000	1899.08	620	3020	14916.91	9.40007	10.824294	120.89447	1.5392916
3632000	1950.9	620	3021	14982.17	9.7557535	9.902245	128.66272	1.2789733
3648000	2195.24	620	3025	15047.6	10.301205	12.699028	143.82011	1.3138354
3664000	2024.82	620	3017	15113.95	10.717784	12.954304	113.57981	1.774996
3680000	2122.34	620	3020	15179.58	10.243359	11.298745	119.89704	1.4208477
3696000	2180.84	750	3020	15246.01	9.390322	10.214501	109.0903	1.5252519
3712000	2189.68	620	3017	15311.45	8.790803	9.184518	107.841064	1.5156231
3728000	2189.1	620	3019	15377.0	8.727125	9.196528	84.158134	1.4306587
3744000	2243.42	1304	3019	15442.3	7.8234	7.9805183	132.38397	1.150672
3760000	2282.54	620	3015	15507.82	8.42941	9.229665	130.5387	1.4791226
3776000	1967.08	620	3011	15574.34	7.753186	8.903016	128.69954	1.4766493
3792000	1775.98	636	2992	15640.43	8.410129	9.085443	132.78183	1.3241674
3808000	1997.64	620	3008	15704.71	7.9006014	6.55271	76.74411	1.4995906
3824000	2093.56	636	3022	15770.17	8.404793	8.51737	92.287506	1.6826644
3840000	2079.24	1035	3022	15835.22	8.346052	8.926428	145.15428	1.4936373
3856000	1931.06	620	3006	15900.66	8.289098	8.726889	98.00944	1.1062539
3872000	1931.46	620	3001	15964.89	8.621136	10.570175	199.87154	1.023124
3888000	2151.72	809	3013	16029.96	7.414274	6.611723	57.71734	1.2864168
3904000	2078.36	635	3013	16095.03	7.3271604	7.7693305	101.59421	1.3975909
3920000	2084.24	620	3024	16160.75	7.251167	7.9276047	112.353516	1.4305941
3936000	2227.16	620	3024	16224.89	7.457285	7.4261036	85.90666	1.0883976
3952000	2253.66	620	3021	16288.17	7.9278307	7.0665727	57.151302	1.1518302
3968000	1125.72	618	3017	16352.09	7.955211	8.472809	86.715904	1.388029
3984000	1144.82	620	3020	16416.54	12.536809	19.243656	130.86545	1.2455528
4000000	727.12	618	2584	16480.53	14.586137	19.943958	155.7813	1.250447
4016000	1324.82	614	3004	16544.75	16.5771	22.292248	161.03871	1.3906499
4032000	1621.48	578	3005	16612.15	17.3147	23.247839	260.23904	1.1675985
4048000	1534.16	606	3020	16678.05	16.053015	22.42534	249.3856	1.9445455
4064000	1347.22	614	2998	16744.89	16.89423	21.872095	202.99585	1.9527764
4080000	1279.38	580	2977	16812.14	13.919362	16.363594	188.76276	2.2415907
4096000	1493.46	618	2901	16879.41	13.992512	15.740571	162.11488	2.4685285
4112000	1851.1	618	2998	16945.29	13.078811	12.928126	136.77336	2.1197867
4128000	1924.0	611	3007	17011.67	12.792817	13.47424	156.30687	2.5017648
4144000	1535.38	231	3015	17078.52	11.314849	12.759123	178.43365	2.3075588
4160000	1593.52	575	2992	17144.53	12.98391	14.872822	165.73387	1.9549065
4176000	1837.08	575	3012	17209.67	11.999915	13.193681	155.3426	2.3671784
4192000	1571.54	223	3021	17275.12	14.044924	16.657614	186.39995	2.1604743
4208000	1624.92	223	3012	17342.51	13.439327	14.224089	158.91626	1.7772646
4224000	1128.86	581	3018	17407.33	13.8534565	16.285778	228.76817	2.2225919
4240000	835.98	609	2582	17472.69	16.57757	18.083244	154.95982	2.1129658
4256000	1203.94	231	3023	17538.6	18.340929	24.27743	232.58116	2.367612
4272000	1573.9	223	3010	17603.93	20.724247	26.103893	271.07187	2.4345613
4288000	1432.1	576	3010	17670.69	21.963413	27.910307	267.18204	2.2558117
4304000	1208.0	526	3002	17738.17	21.536142	25.136604	180.60144	2.3804266
4320000	1245.22	614	2995	17805.9	21.951813	27.919846	239.43497	2.0509515
4336000	1184.44	139	2951	17872.28	20.835629	24.564735	214.93317	2.3480134
4352000	1576.76	226	3010	17938.87	21.547129	25.546972	215.29164	2.895554
4368000	1563.74	223	3016	18005.62	19.313871	23.02965	204.54128	1.6574106
4384000	1638.96	231	3003	18073.49	19.856466	24.804657	217.92134	2.4229157
4400000	1576.62	617	3017	18140.14	19.087059	22.289392	221.46132	2.6618156
4416000	1476.36	624	3008	18206.06	19.250027	21.8269	317.89017	2.0867004
4432000	1715.4	223	3000	18272.07	18.092241	17.26016	162.86609	2.7077622
4448000	1408.62	223	3011	18336.83	18.149288	17.930216	164.25879	2.488863
4464000	1548.6	231	3019	18403.02	16.927502	18.501678	171.58473	2.7673464
4480000	1646.1	596	3017	18469.8	15.541071	16.358564	123.91794	2.1840656
4496000	1822.5	622	3021	18536.22	15.373628	16.957453	150.77986	2.2225752
4512000	1665.18	223	3019	18601.31	15.306096	18.721144	159.28177	2.801229
4528000	1836.44	223	3023	18666.57	15.124719	17.173023	149.24	1.8558744
4544000	1819.0	626	3024	18732.76	14.562686	16.305521	202.61142	1.7937024
4560000	1903.44	626	3009	18799.76	14.062357	17.236181	157.0101	2.3399458
4576000	1707.92	226	3021	18866.02	14.161541	17.218025	244.10246	2.062189
4592000	1912.38	614	3021	18933.27	13.500805	16.464157	148.7869	2.2946007
4608000	1583.4	610	3020	18999.05	13.095181	14.047621	131.11444	1.9479696
4624000	1822.56	576	3021	19064.59	12.939425	13.182913	145.05573	2.5921082
4640000	1707.68	583	3021	19130.87	12.847604	13.346336	149.24146	1.8638706
4656000	1543.92	223	3000	19197.09	14.564851	14.363882	176.94916	2.3582523
4672000	1933.28	443	3014	19262.57	12.34214	10.805044	101.894936	1.8636024
4688000	1947.66	626	3021	19327.08	11.738824	11.125699	175.93651	2.205793
4704000	1531.3	231	3020	19392.25	11.596213	11.356823	114.63353	1.9351655
4720000	1557.54	231	2968	19458.61	11.512859	12.100368	137.13554	1.5303599
4736000	1695.82	626	3014	19523.62	11.237035	11.838496	131.87683	2.2575586
4752000	1986.58	223	3020	19588.86	11.699456	13.19641	156.12361	2.0922399
4768000	1854.82	223	2914	19653.59	10.781255	11.124534	136.16835	2.2166948
4784000	1725.5	223	3012	19718.36	10.805764	10.83671	133.3882	2.0549989
4800000	1774.84	589	3020	19784.16	10.857465	10.484922	121.85032	1.9686755
4816000	1370.58	139	3023	19851.2	11.217503	12.573188	119.91129	1.8926232
4832000	1421.24	626	2992	19918.25	13.007885	15.932159	196.5855	2.2936797
4848000	1421.7	627	2926	19983.3	13.478123	15.225664	149.51553	1.805934
4864000	1713.38	604	3007	20047.48	14.451875	15.878046	167.74982	2.0165591
4880000	1852.68	626	3008	20112.62	15.170412	17.257648	131.46086	1.817863
4896000	1802.7	627	3012	20178.42	15.252646	16.70557	181.40569	2.3162842
4912000	1535.04	589	3011	20246.75	14.670259	15.619525	136.92001	2.1329203
4928000	1987.56	595	3017	20315.35	12.811998	14.036448	179.70537	2.2219224
4944000	1794.1	595	2993	20383.18	11.131401	13.659592	140.85056	1.7210634
4960000	1287.56	611	3000	20451.23	11.49978	13.836186	127.40619	1.7796504
4976000	1833.08	231	3008	20518.63	10.31328	11.495678	109.0144	1.7003068
4992000	1775.34	618	3011	20587.05	11.438822	12.469987	113.14158	1.8680787
5008000	1491.0	615	3007	20654.68	12.223432	13.013065	121.685936	1.8654506
5024000	1740.54	622	3010	20721.7	12.087197	10.723975	88.72397	2.0761242
5040000	1980.46	231	3009	20786.75	12.650334	10.6688175	93.0122	2.444801
5056000	1849.0	609	3012	20851.35	12.264295	10.11731	76.10717	1.7450882
5072000	1834.36	626	3012	20915.25	12.479804	10.329917	107.45718	2.3295293
5088000	1963.32	628	3020	20978.48	11.2658825	11.103045	130.49432	1.6888442
5104000	2283.24	628	3020	21042.55	9.467666	9.158462	94.56704	1.6279244
5120000	2159.42	223	3019	21107.56	9.269835	9.938616	121.0856	1.5582297
5136000	1926.34	610	3010	21171.72	8.809492	9.2929535	99.2731	1.7058425
5152000	1842.34	610	3002	21235.69	9.170824	10.776378	131.40143	1.6594509
5168000	1857.5	633	3023	21301.32	9.18895	10.532966	113.5735	1.5201848
5184000	2001.42	625	3016	21367.27	9.300759	8.982661	157.5868	1.531055
5200000	2111.06	231	3021	21432.0	9.488913	8.972505	126.51116	1.7310766
5216000	2073.52	139	3022	21497.48	9.755181	8.383202	105.36348	1.9311471
5232000	1618.66	231	3022	21561.57	10.0363455	9.11327	99.86098	2.3005466
5248000	1856.14	627	3016	21626.9	10.616607	11.796035	148.67995	1.9752854
5264000	1588.32	620	2981	21691.59	11.73609	15.6675625	168.70042	1.9489115
5280000	1483.72	139	3023	21756.05	12.678601	17.347036	214.08846	1.9926999
5296000	1649.16	573	3021	21820.08	12.496645	18.07682	200.4827	1.5197427
5312000	1948.78	590	3014	21885.41	13.236666	20.590485	283.90555	1.4815458
5328000	1769.92	601	3025	21950.71	12.886884	19.855385	251.82889	1.3931907
5344000	1820.54	628	3025	22014.75	12.624771	19.042028	196.06769	1.6433939
5360000	1864.24	226	3015	22080.07	12.173696	17.805847	198.89119	1.5509537
5376000	2082.1	626	3023	22144.72	12.506374	18.793936	226.83461	1.5950708
5392000	2049.02	626	3023	22210.48	11.415013	13.833328	161.3576	2.0103283
5408000	2085.44	223	3018	22275.9	12.0269	14.308682	130.9757	1.6733379
5424000	1976.26	630	3020	22341.7	10.244236	13.027414	192.41353	1.4280293
5440000	2104.56	627	3022	22406.07	10.655842	11.567474	150.70227	2.0771189
5456000	2087.06	626	3020	22470.74	9.88615	11.404757	193.70288	2.020067
5472000	2145.88	624	3024	22534.63	10.113816	10.593565	176.65233	1.4894311
5488000	2074.82	623	3022	22600.23	9.6480665	11.861706	191.76416	1.761448
5504000	1668.24	231	3020	22665.11	10.43589	15.277715	225.44835	1.2071948
5520000	1933.12	626	3019	22729.65	11.726477	15.554165	172.60756	1.5352409
5536000	1666.58	610	3018	22794.58	11.026731	12.550941	183.81602	2.3081634
5552000	1875.5	626	3018	22859.81	13.315339	19.009272	196.58694	1.7390112
5568000	1833.42	593	3018	22925.96	12.123839	14.535898	207.52982	1.7188822
5584000	1967.28	593	3020	22991.3	12.102688	15.61296	200.30048	1.8530477
5600000	2138.9	627	3014	23056.72	10.488846	11.997097	152.69102	1.9092708
5616000	2180.16	627	3023	23124.32	10.498272	12.282565	157.64671	1.4552994
5632000	1896.74	226	3024	23193.1	10.783037	13.959594	137.31514	1.8277371
5648000	1970.42	226	3015	23260.19	9.464238	12.191951	161.16542	1.3626753
5664000	1953.1	623	3024	23329.34	9.301754	10.123416	87.800125	1.4244869
5680000	1944.8	724	3015	23397.78	8.67676	10.54849	134.70915	1.4014149
5696000	1928.58	1036	3015	23467.73	8.679351	10.938116	131.69907	1.2247758
5712000	2179.78	1044	3004	23534.19	7.36092	8.51527	114.45639	1.4823551
5728000	2063.52	620	3018	23601.95	6.8835425	7.6285973	94.08066	1.0076253
5744000	1886.12	620	3018	23669.52	8.798297	11.854775	175.00456	1.5156198
5760000	1987.32	620	3012	23736.96	8.494305	9.631663	111.89165	1.3935448
5776000	2040.46	609	3012	23803.9	9.19538	21.876556	627.15515	1.1368164
5792000	2046.98	609	3014	23871.33	8.500841	8.082738	101.15038	1.6730409
5808000	1922.04	627	3014	23939.66	7.9938345	8.404585	119.142296	1.354532
5824000	1784.2	607	2999	24005.62	8.827086	8.686139	137.79347	1.1679261
5840000	2207.68	746	3022	24075.29	8.862264	8.828495	92.225075	1.5335567
5856000	2020.36	636	3023	24144.43	8.495715	12.478109	289.12015	1.388303
5872000	1913.52	636	3021	24211.04	8.707695	10.973237	155.90689	1.5229844
5888000	1855.14	626	2975	24278.62	8.516305	9.457895	108.46309	1.5131937
5904000	2096.82	627	3022	24346.3	8.630022	9.20868	95.961876	1.3216677
5920000	2151.78	733	3022	24413.59	9.38123	13.111887	220.21739	1.6055596
5936000	2169.82	811	3022	24481.86	9.032728	11.229116	126.826	1.6015521
5952000	2076.14	626	3021	24551.35	8.653518	10.732515	145.48308	1.8284405
5968000	1894.54	231	2994	24620.15	7.560707	8.386147	125.99431	1.4576514
5984000	1838.7	231	3022	24687.75	8.493589	10.442101	177.72473	1.1313678
6000000	1735.5	627	3025	24755.52	8.640384	11.123557	150.32663	1.2632208
6016000	2012.34	627	3025	24822.74	8.911069	9.368368	123.16959	1.7363794
6032000	2046.1	231	3023	24889.87	9.4978485	10.428346	102.84007	1.5906425
6048000	1926.36	231	3020	24956.81	10.900861	14.202929	210.32213	1.487771
6064000	1968.9	231	3021	25024.53	10.964205	11.26208	96.495865	1.9214523
6080000	2126.64	231	3023	25091.18	9.694678	10.079442	90.52218	2.086862
6096000	2328.92	737	3020	25158.48	9.801244	12.295722	130.45839	1.5798655
6112000	2016.0	626	3020	25225.01	8.938967	9.1658745	96.33051	1.8062258
6128000	2099.8	626	3022	25292.01	9.020485	10.076787	133.08354	1.4819638
6144000	2124.1	626	3025	25359.26	8.877954	9.573193	103.2282	1.6564236
6160000	2107.78	627	3021	25426.42	9.012764	8.873903	98.87349	1.6105821
6176000	2061.14	231	3017	25494.62	9.044756	11.83199	158.22664	1.6768801
6192000	2156.32	627	3020	25564.76	8.546381	8.700735	86.07918	0.786219
6208000	2211.64	626	3020	25633.42	8.800097	11.062923	137.7368	1.4879768
6224000	1934.54	594	3012	25701.08	8.59748	10.374078	114.269684	1.3909978
6240000	1991.72	575	3019	25770.55	8.834407	10.550005	130.55132	1.5773647
6256000	2169.38	575	3016	25839.33	8.115948	9.319725	102.40678	1.2899803
6272000	2182.84	627	3016	25908.8	8.214629	10.767011	173.80281	1.0624808
6288000	2187.0	628	3021	25976.47	8.4795065	10.197537	123.62726	1.1874912
6304000	2082.6	628	3022	26044.31	8.067628	8.829008	95.40966	1.5110567
6320000	2105.48	627	3022	26111.08	7.846994	8.4236555	81.78423	1.1230017
6336000	2311.2	627	3019	26178.64	7.738299	8.560994	83.21409	1.3004049
6352000	2131.6	223	3021	26246.62	7.794239	8.157006	82.15728	1.2810023
6368000	2201.82	223	3019	26313.84	9.065499	11.018289	163.58492	1.4831719
6384000	2116.12	231	3022	26380.85	8.462298	8.294687	104.71634	1.7508146
6400000	2200.68	627	3019	26447.95	8.291109	7.7951016	73.18522	1.4570286
6416000	2153.24	1038	3019	26515.03	8.292803	9.068061	118.348404	1.2613883
6432000	2155.14	718	3010	26581.42	8.103651	9.03999	125.9243	1.1493472
6448000	2045.12	626	3004	26649.29	7.952199	9.635497	161.42268	1.0911587
6464000	2259.82	620	3019	26715.87	7.593529	9.6631155	149.3095	1.3423052
6480000	2286.62	635	3019	26783.68	7.814129	10.056645	136.89952	1.3783089
6496000	2336.34	635	3020	26851.68	8.181551	8.733725	78.86148	1.2108713
6512000	1883.8	215	3019	26918.81	8.159533	10.631494	175.09564	1.3405682
6528000	1981.76	737	3004	26986.97	8.974127	10.815939	128.54117	1.3674765
6544000	2245.32	218	3001	27054.07	8.117064	9.107513	151.69753	1.3881612
6560000	2210.26	765	2996	27121.93	7.8069334	7.709545	87.01747	1.4528964
6576000	2241.8	627	3002	27188.77	7.8890657	8.378764	115.671875	1.1468115
6592000	2267.22	620	3017	27258.85	8.406081	9.706503	103.29738	1.3703752
6608000	2255.56	1317	3021	27326.56	9.201351	9.580716	106.491394	1.6624005
6624000	2258.66	626	3021	27393.49	8.84544	10.069986	131.49306	1.5423108
6640000	2164.8	626	3016	27460.48	8.454496	8.891858	101.13558	1.3813214
6656000	2294.32	267	3019	27526.68	8.040391	8.229868	69.822235	1.3587365
6672000	2342.58	267	3019	27592.1	7.7996387	7.2254195	79.84589	1.5432975
6688000	2140.62	231	3019	27660.17	7.757462	8.707712	119.03195	1.3184221
6704000	2123.56	231	3006	27727.66	7.6220775	9.309955	92.10271	1.1397734
6720000	1994.68	618	3022	27794.03	7.834941	10.911963	147.33307	1.2821759
6736000	1949.94	226	3024	27860.39	7.8441486	10.703618	172.2314	1.3587132
6752000	2160.98	627	3019	27926.48	8.290846	9.881236	155.83199	1.3403159
6768000	1934.82	231	3002	27991.36	9.716987	12.447919	130.78741	1.5346678
6784000	2204.78	218	3021	28056.23	9.636473	11.770389	146.53104	1.5115502
6800000	2136.04	223	3021	28123.21	11.155073	14.000318	172.21678	1.7672992
6816000	2206.42	231	3021	28188.9	11.075255	15.8367605	204.35342	1.065118
6832000	2182.46	757	3023	28254.94	9.721521	15.92039	229.28758	1.5372299
6848000	2278.3	231	3023	28321.71	11.35927	21.63641	283.38763	1.5387918
6864000	2233.7	713	3023	28389.95	11.204852	17.60474	238.86418	1.6695069
6880000	2220.28	226	3022	28457.49	11.290352	24.75474	357.60928	1.3971794
6896000	2353.0	226	3022	28526.07	9.746769	20.334772	428.9495	1.2604029
6912000	2161.32	231	3022	28592.39	8.746205	17.019583	444.71695	1.1340511
6928000	2190.72	231	3021	28659.01	11.720125	35.47812	518.2963	1.2949643
6944000	2433.6	811	3024	28727.43	10.845136	21.88468	354.88547	1.348786
6960000	2292.98	226	3024	28793.74	10.0017395	16.425163	184.97745	1.2670698
6976000	2365.36	226	3022	28859.47	8.407752	11.522002	132.96939	1.3548045
6992000	1832.16	226	3022	28925.37	8.455814	12.858886	148.81114	1.1682703
7008000	2229.4	613	3021	28991.76	8.484838	10.648601	104.56048	1.3151084
7024000	2377.66	627	3023	29057.24	7.6244836	8.292162	79.77654	1.2921237
7040000	1832.64	231	3023	29123.97	7.655172	8.001846	89.19107	1.3239783
7056000	2004.22	231	3017	29189.99	9.344914	10.4599905	114.75536	1.2758632
7072000	2293.78	231	3016	29255.56	9.373933	11.22058	189.70634	1.4216267
7088000	2374.68	231	3023	29321.04	9.560125	11.190359	154.75716	1.6220129
7104000	2428.02	628	3020	29387.73	9.378837	10.515535	142.87244	1.6928434
7120000	2468.2	628	3021	29452.94	9.322882	9.94579	136.42786	1.5238215
7136000	2264.12	628	3019	29518.75	10.564357	14.070083	130.68874	1.2950493
7152000	2477.78	773	3018	29585.1	9.478729	15.98398	240.7913	1.6810298
7168000	2553.88	226	3016	29651.42	8.777125	12.859242	179.64275	1.5820556
7184000	2410.26	226	3023	29717.25	7.678952	9.921458	211.74164	1.3917854
7200000	2479.22	773	3024	29783.15	7.3273964	9.012838	114.405	1.0498629
7216000	2406.7	806	3024	29849.88	7.806664	11.4668045	219.07257	1.5364286
7232000	2231.34	797	3024	29915.51	6.889093	8.978268	95.03228	0.90148854
7248000	2007.14	231	3023	29981.21	6.7083454	8.645548	159.26668	1.3126204
7264000	2186.7	231	3023	30046.63	7.165265	10.062033	206.67395	1.1239392
7280000	2307.38	231	3021	30113.09	6.497632	9.1020355	165.93701	0.9340243
7296000	2373.94	772	3020	30179.74	8.790093	13.325504	213.99855	1.1975814
7312000	2086.0	627	3023	30245.81	8.386925	11.802771	157.86734	1.3515606
7328000	2026.76	231	3022	30311.38	8.457465	12.278927	171.13297	1.5625536
7344000	2006.86	760	3022	30379.75	8.768646	11.612454	173.56032	1.572761
7360000	2185.74	231	3024	30445.93	8.147956	8.99689	87.41209	1.4652104
7376000	2367.82	606	3024	30511.06	8.964418	12.895842	224.04831	0.77181923
7392000	2536.96	606	3022	30577.17	9.254383	10.29191	102.32328	1.7671325
7408000	2462.22	724	3017	30642.2	8.451938	10.180226	111.66495	1.3312513
7424000	2179.18	231	3022	30709.5	9.452715	14.510741	280.83792	1.3279806
7440000	1981.74	231	3023	30774.81	10.485664	17.399443	238.80405	1.4500611
7456000	2198.72	792	3025	30840.25	9.82059	12.9723015	175.18097	1.7163931
7472000	1549.7	231	3025	30906.36	9.86004	13.536681	247.31015	1.7823763
7488000	2027.48	231	3024	30972.73	9.187094	11.769343	114.46977	1.2302313
7504000	2087.88	231	3023	31037.94	10.588385	15.164721	190.71597	1.4369467
7520000	2071.12	626	3023	31102.95	11.729272	18.887657	222.91637	1.3252718
7536000	2292.0	626	3022	31169.71	11.097765	16.678766	188.42114	1.2659892
7552000	2462.46	634	3025	31235.57	9.931641	13.099884	131.93834	1.0678731
7568000	2481.48	626	3025	31303.25	9.134734	13.231391	193.48456	1.2404785
7584000	2435.64	626	3025	31368.84	9.229049	13.109632	210.55731	1.3846488
7600000	2200.78	231	3022	31435.36	8.386105	9.860011	143.4675	1.3720074
7616000	2158.4	231	3022	31501.27	7.1750507	8.2173	112.91152	1.2300856
7632000	2271.32	231	3023	31567.09	7.368617	8.233324	111.58635	1.2610672
7648000	2320.42	231	3023	31632.63	8.002402	11.321285	184.70702	0.7858111
7664000	1771.64	231	3022	31698.2	8.264461	11.441135	165.47697	1.2098544
7680000	1942.12	231	3024	31764.35	9.377664	12.714262	152.39252	1.3632061
7696000	2125.66	627	3024	31829.7	9.684818	12.313138	127.88065	1.5769836
7712000	2158.06	625	3021	31895.6	9.716048	13.348115	173.43188	1.2877164
7728000	2314.04	625	3023	31961.69	9.245068	12.048129	133.53221	1.3713753
7744000	2337.52	632	3023	32028.25	9.885397	11.955862	118.33254	1.3797344
7760000	2058.84	734	3025	32094.96	9.578966	11.0854	154.33554	1.3246511
7776000	2031.24	734	3025	32161.2	9.06092	10.932979	213.1247	1.5434692
7792000	2080.34	231	3021	32227.92	9.312381	11.165038	162.12915	1.4616256
7808000	2072.36	626	3024	32294.53	7.9886365	9.503529	89.22807	0.91164076
7824000	1827.18	626	3024	32359.66	8.568422	10.586196	119.30942	1.2371771
7840000	1858.94	626	3024	32426.83	9.497738	12.631524	146.7374	1.1925187
7856000	1917.5	231	3024	32492.46	10.594482	12.955103	127.11045	1.4941914
7872000	2115.5	231	3020	32558.66	11.308072	14.437276	143.49034	1.7585641
7888000	1918.6	231	3020	32625.04	12.034375	15.226724	155.22997	1.5405786
7904000	2019.7	231	3019	32692.54	11.508089	14.327726	155.2749	1.3313953
7920000	2292.04	231	3025	32759.02	10.89678	12.570048	125.093475	1.7710485
7936000	2247.44	626	3025	32824.69	10.45566	14.285508	220.58873	1.4933634
7952000	2047.08	764	3020	32891.34	10.145469	15.30416	229.73924	1.6000633
7968000	2305.32	626	3022	32958.2	11.078612	15.924446	185.47566	1.3472636
7984000	2234.12	634	3022	33025.85	10.61883	12.168537	154.43037	1.6882532
8000000	2087.24	626	3023	33092.41	9.685233	9.752311	106.59074	1.7738488
8016000	1746.4	626	3023	33159.3	11.387129	12.848595	153.46758	1.6880459
8032000	1785.58	516	3018	33225.47	11.646449	11.255428	128.99681	1.9559245
8048000	2070.76	516	3021	33292.27	13.507467	13.191797	105.62731	2.1250505
8064000	2400.94	626	3021	33357.86	11.704033	12.495164	187.35847	2.11369
8080000	2481.68	811	3017	33423.24	11.11245	10.717666	94.173134	2.1888807
8096000	2082.04	626	3002	33489.22	11.265678	10.102564	81.13148	1.9272983
8112000	2008.54	627	3026	33554.32	10.690006	12.427211	213.27449	1.6228137
8128000	2157.2	627	3006	33620.87	10.42974	12.1531105	169.07684	1.9066219
8144000	2200.2	627	3018	33687.2	9.929927	12.268041	170.68198	1.829607
8160000	2443.62	139	3014	33753.58	9.651964	11.741426	139.00943	1.8578321
8176000	2465.68	139	3019	33820.23	9.030682	10.523931	104.62904	1.6841445
8192000	2314.14	231	3013	33885.49	9.169303	11.373682	131.60077	1.6542597
8208000	2391.82	231	3022	33950.81	8.150554	9.373296	116.62732	1.513499
8224000	2341.88	231	3022	34016.39	7.931783	10.624863	120.7272	1.2452512
8240000	2477.04	812	3022	34082.06	7.5051894	10.732775	183.30199	1.4091551
8256000	2533.0	226	3022	34148.1	6.4036818	8.962675	124.96633	1.1410258
8272000	2137.84	226	3022	34214.18	6.6086044	8.677337	108.109055	0.939795
8288000	1808.98	226	3018	34279.83	7.5876894	9.997282	138.18723	1.3332803
8304000	2248.22	611	3023	34345.47	7.7093835	10.47043	168.38298	1.5335776
8320000	2398.92	626	3023	34411.83	7.609207	9.979352	207.69876	1.2019731
8336000	2578.48	765	3017	34478.11	7.8632126	9.576132	97.25362	1.1971979
8352000	2414.28	610	3021	34544.63	8.578531	12.389256	197.72888	1.4589176
8368000	2271.66	610	3018	34611.02	8.678793	11.835756	161.43161	1.3506454
8384000	2337.84	626	3024	34676.54	8.379088	11.04474	120.466484	1.3127881
8400000	2408.64	626	3024	34742.46	8.062603	10.0280075	93.48306	1.367928
8416000	2191.12	570	3024	34809.08	7.8769884	10.198441	121.66573	1.1916661
8432000	2182.24	231	3021	34874.58	8.178511	11.013634	129.95708	1.2602134
8448000	2299.86	231	3021	34940.42	8.754286	10.607898	164.64104	1.3761262
8464000	2535.6	714	3024	35006.52	8.072265	9.150852	91.29414	1.1287501
8480000	2647.28	718	3024	35072.29	7.5398793	9.066932	90.94746	1.1786324
8496000	2567.26	718	3022	35138.68	7.8249884	9.805294	153.26482	1.229413
8512000	2500.04	627	3016	35205.16	8.082516	10.964154	187.23773	1.2198048
8528000	2331.04	627	3020	35270.18	8.160063	10.486576	150.50005	1.1910388
8544000	1859.54	231	3022	35336.13	8.00887	9.500993	87.97232	1.0760174
8560000	2042.78	734	3018	35401.92	9.652883	12.684593	128.16415	1.4947577
8576000	2226.28	731	3018	35468.05	9.639536	12.149331	137.50299	1.4552146
8592000	1995.0	626	3011	35533.92	10.819785	16.486624	224.62103	1.3299098
8608000	1881.66	626	3023	35599.77	11.635239	16.365486	159.08784	1.7796571
8624000	2154.6	231	3023	35665.2	11.877306	14.44435	141.10165	1.6912625
8640000	2188.84	231	3020	35732.14	9.563424	12.290047	133.2349	1.5191746
8656000	2411.26	704	3025	35798.74	8.667742	10.472151	141.17662	1.4523968
8672000	2487.16	740	3025	35863.95	9.532385	13.931989	170.8489	1.500982
8688000	2537.2	740	3024	35930.34	7.759719	9.364813	99.77586	1.3570102
8704000	2317.92	231	3022	35996.05	8.221104	11.6402645	177.82317	1.0703135
8720000	2187.14	727	3022	36062.88	7.274121	9.160735	109.606316	1.2804046
8736000	2303.8	231	3024	36128.93	6.7084503	8.327817	109.14032	1.2100865
8752000	2468.82	231	3024	36195.28	6.3070874	7.5996127	110.68994	0.94870716
8768000	2616.96	231	3023	36260.63	6.79297	8.499859	108.48491	1.1323171
8784000	2476.72	231	3023	36326.42	6.7534075	6.3147693	84.9111	1.2424556
8800000	2469.16	757	3023	36391.91	6.9385986	7.4312825	118.82631	1.2760866
8816000	2550.26	614	3024	36458.53	6.819175	8.556541	109.197556	1.2473364
8832000	2474.18	231	3024	36524.31	6.351373	8.710745	109.92469	1.1272502
8848000	2488.9	231	3022	36589.55	6.4871006	8.949026	118.93292	1.2339034
8864000	2549.44	231	3022	36655.26	6.338603	7.97145	84.221954	1.1285295
8880000	2603.36	1408	3022	36721.28	5.4743834	7.4292994	98.21777	0.8726344
8896000	2617.28	1408	3012	36787.95	5.4542646	8.550366	158.08157	0.87993664
8912000	2372.72	626	3019	36854.07	5.5221667	6.7677135	74.76322	0.92352444
8928000	2235.02	634	3026	36920.08	6.127995	7.3455515	65.695564	1.0934138
8944000	2499.9	633	3026	36985.68	6.26727	7.9518986	70.36526	1.0829792
8960000	2590.38	627	3026	37052.19	6.3834786	7.115421	79.093994	1.0511364
8976000	2649.66	627	3022	37117.99	5.879874	5.6032	57.46873	1.1176827
8992000	2424.02	1315	3021	37183.93	6.6129923	6.061911	66.95175	1.1499635
9008000	2223.92	231	3019	37249.7	7.386413	9.802388	128.05058	1.2957169
9024000	2283.96	231	3025	37317.11	7.2672353	9.784587	103.465866	1.0772665
9040000	2306.74	743	3023	37383.08	7.237316	9.863616	95.54865	1.0792611
9056000	2346.56	614	3023	37449.0	6.923033	8.788738	84.30714	1.0650034
9072000	2405.52	231	3025	37515.64	7.091577	9.977521	83.06864	1.1342132
9088000	2523.16	231	3025	37581.08	7.2737164	9.992605	104.26469	1.2273822
9104000	2711.5	1549	3023	37646.66	6.567558	9.429925	80.6727	1.1863692
9120000	2672.06	1410	3022	37714.19	6.1669145	7.7866735	81.85124	1.0462495
9136000	2541.58	139	3021	37780.08	5.2816095	6.6954665	96.97976	0.8790182
9152000	2464.68	139	3022	37844.67	5.8402452	10.749072	189.3388	1.0451189
9168000	2418.28	627	3023	37910.59	5.4714127	7.4901595	86.40903	0.7814955
9184000	2387.44	626	3027	37977.23	5.717751	8.783509	107.21962	0.80600774
9200000	2458.32	626	3027	38042.16	5.4241767	8.121981	141.71504	0.97418034
9216000	2547.68	626	3025	38106.77	5.7371535	8.25777	111.05686	0.781494
9232000	2352.5	770	3024	38172.4	6.3115196	9.609317	148.01862	0.944894
9248000	2227.78	231	3022	38238.19	5.999822	8.414887	89.81889	0.7226931
9264000	2300.62	231	3022	38303.7	6.75612	9.265715	99.73147	1.07468
9280000	2134.22	635	3028	38369.35	6.9834843	9.637426	134.45317	1.1331264
9296000	2477.06	636	3028	38434.51	7.0830393	9.700587	124.01026	1.1451259
9312000	2189.04	626	3026	38500.62	7.1201234	9.875555	133.92436	1.2043134
9328000	2327.38	231	3025	38565.63	8.661498	15.034749	200.53618	1.3280835
9344000	2629.76	231	3025	38631.64	8.106043	13.667196	165.11641	1.2111684
9360000	2667.42	231	3027	38698.44	7.026216	10.000813	127.410835	0.91827077
9376000	2624.44	231	3027	38763.93	6.6099052	8.423022	94.387	1.044875
9392000	2584.88	793	3026	38830.3	6.1020617	9.473526	187.58165	0.76923716
9408000	2677.0	793	3024	38895.4	4.9113116	7.0576735	120.98617	0.87939394
9424000	2515.4	231	3026	38960.76	5.3120546	7.616604	142.62744	0.78863007
9440000	2392.48	231	3026	39026.29	5.012874	6.62913	86.8895	0.7720916
9456000	2511.92	755	3025	39091.63	6.345301	11.386085	156.17342	0.8114795
9472000	2405.62	231	3023	39156.8	6.165564	10.365882	155.48877	0.64537835
9488000	2414.3	231	3021	39222.34	7.3539658	11.881507	102.19704	0.8831603
9504000	1892.16	231	3025	39288.2	6.5968194	9.354762	95.15021	0.77960426
9520000	2098.38	231	3025	39355.17	7.2685556	14.064675	248.65012	0.99188566
9536000	2420.08	231	3023	39420.75	9.469369	17.72108	195.5869	1.0565202
9552000	2247.36	231	3022	39486.14	8.2277565	12.762373	114.63207	0.9442534
9568000	2217.5	231	3021	39552.58	7.6120553	9.98737	102.27763	1.3473165
9584000	2340.72	231	3026	39619.21	9.096647	14.000558	180.85382	1.455395
9600000	2159.34	746	3026	39684.48	9.804444	14.693513	170.23703	1.4600425
9616000	2209.46	231	3025	39750.43	8.956836	12.84167	132.41681	1.1432679
9632000	2123.04	626	3022	39815.92	8.899779	12.013017	108.36006	1.2689998
9648000	2134.14	231	3021	39881.74	10.181737	13.05306	98.217476	1.2367595
9664000	2258.8	231	3021	39948.41	10.4974	14.294884	140.29376	1.5759077
9680000	2306.76	740	3022	40015.02	10.882738	13.718206	126.83056	1.191031
9696000	2353.76	777	3022	40082.07	10.381109	15.13417	183.88248	1.6793358
9712000	2224.52	740	3018	40148.15	9.680874	13.61598	173.78531	1.3451893
9728000	2119.72	626	3018	40214.41	11.617198	16.16451	143.16644	1.2943285
9744000	2282.36	626	3021	40280.47	11.752574	16.21259	163.2272	1.8431749
9760000	1888.9	636	3026	40347.01	10.322005	14.647327	153.01112	1.4332708
9776000	1991.54	782	3026	40413.92	10.6755705	13.689418	132.88983	1.4268308
9792000	2139.72	742	3022	40478.95	10.573457	13.892709	142.47908	1.6474738
9808000	2158.54	231	3016	40544.77	9.81349	12.364379	132.44514	1.5249556
9824000	2355.24	231	3016	40611.88	9.226374	12.625877	136.94202	0.88079304
9840000	2334.22	626	3023	40678.42	8.34068	10.991251	134.09969	1.174594
9856000	2320.84	626	3024	40745.18	7.8777294	9.976525	119.889015	1.1285388
9872000	1945.94	614	3025	40811.68	10.824717	15.840003	156.85571	1.6410594
9888000	1807.26	614	3015	40876.32	9.754613	13.3670635	158.02094	1.1922915
9904000	1955.64	231	3027	40943.95	9.688223	13.016247	192.05167	1.4460888
9920000	2201.72	231	3026	41009.93	10.124191	13.69858	136.07834	1.3804622
9936000	2440.56	727	3021	41076.27	8.8060255	12.544491	142.40184	0.84409946
9952000	2341.48	689	3022	41142.75	9.414511	12.625506	111.30402	1.1451533
9968000	1984.56	688	3022	41209.72	8.654321	11.353455	131.64601	1.2848132
9984000	2276.9	688	3023	41275.06	8.015004	10.170149	105.42158	0.90253127
10000000	2564.56	1327	3025	41340.18	7.387662	10.086083	104.49897	1.2453979
10016000	2141.24	139	3024	41407.06	7.713254	11.4760895	158.33478	1.2229978
10032000	2123.26	139	3023	41473.53	8.646167	11.887471	139.35211	1.246506
10048000	2414.84	707	3023	41539.97	9.010754	11.626529	113.16329	1.2236736
10064000	2564.06	740	3021	41606.29	8.621344	11.957317	107.4458	1.1317389
10080000	2435.38	626	3023	41673.0	7.0559382	8.610285	78.18838	1.1807605
10096000	2328.26	734	3023	41738.87	7.4653883	8.474421	67.66366	1.0464991
10112000	2390.14	734	3026	41805.96	8.173813	9.644002	106.01305	1.3271904
10128000	2456.42	734	3026	41871.88	6.880166	8.335723	103.51554	0.89478177
10144000	2473.72	1309	3023	41938.06	6.59777	8.979581	96.02092	0.9196858
10160000	2488.76	1309	3023	42003.34	6.18332	8.80568	128.58551	0.80497295
10176000	2431.96	812	3023	42069.05	6.808084	11.784831	175.03511	1.1352746
10192000	2547.18	1408	3022	42134.37	6.4756026	11.324283	155.93094	0.81777513
10208000	2217.92	812	3023	42200.77	7.068004	12.108031	133.3464	0.94227105
10224000	2082.58	231	3025	42266.65	7.8567586	13.180127	110.71214	0.9472909
10240000	2430.04	231	3028	42332.57	7.8240476	12.737435	118.582504	0.8835286
10256000	2298.82	231	3025	42400.05	7.4265137	11.490222	106.30873	0.9425994
10272000	2401.56	231	3026	42466.95	6.7140207	10.60356	154.05698	0.99481416
10288000	2405.26	626	3026	42534.17	6.3110523	9.257365	112.57076	0.97388685
10304000	2509.32	626	3026	42601.12	7.1390834	10.591472	115.674484	0.9496955
10320000	2556.04	626	3023	42667.87	6.8519163	8.620452	101.54388	0.90060663
10336000	2555.64	715	3026	42733.5	6.395659	9.314111	164.2069	0.9384796
10352000	2389.9	549	3026	42798.95	6.6019783	8.9674635	109.99672	0.78589237
10368000	2612.34	549	3026	42865.0	5.9226246	8.946032	144.49838	0.79767877
10384000	2580.46	626	3026	42931.24	5.5497894	10.118259	165.55196	0.80673635
10400000	2596.9	626	3026	42997.78	5.0411377	9.200487	120.996704	0.7072076
10416000	2776.66	709	3027	43063.96	4.3677173	7.848182	110.48885	0.7040504
10432000	2644.9	231	3027	43129.84	4.4110107	7.281385	120.214294	0.7636671
10448000	2676.04	231	3025	43196.53	3.840465	5.8726554	94.6171	0.72095287
10464000	2788.78	636	3024	43262.26	4.4357233	7.8356676	163.42693	0.7413013
10480000	2745.5	810	3023	43327.8	4.90672	9.041326	165.82861	0.6595875
10496000	2628.96	810	3024	43393.13	4.4624786	7.7662654	119.381	0.78027606
10512000	2595.28	1671	3023	43459.05	5.400081	9.530053	139.98932	0.80656356
10528000	2540.96	231	3025	43524.52	4.8643937	6.662187	79.245636	0.90042925
10544000	2457.18	627	3025	43591.15	5.051897	7.7572484	132.41508	0.72537315
10560000	2554.26	627	3026	43657.87	6.1125956	11.500083	131.57722	0.7859389
10576000	2325.3	626	3023	43724.92	5.939448	10.404248	142.45209	0.8031882
10592000	2278.54	231	3017	43789.69	5.9727283	9.588813	91.69665	0.9446939
10608000	2424.68	231	3024	43856.82	6.6820993	12.0749035	164.24252	0.8951666
10624000	2531.64	231	3024	43922.79	6.176523	8.992841	88.33432	0.9490401
10640000	2571.54	231	3026	43989.58	6.2611904	7.590929	84.89264	0.94680846
10656000	2647.36	626	3026	44056.22	6.2530255	8.842646	110.50087	1.0713675
10672000	2628.48	626	3025	44121.6	6.185546	8.75188	116.8026	1.0464157
10688000	2689.94	804	3025	44189.07	4.994302	5.9274526	78.36711	0.82584226
10704000	2596.88	1317	3026	44256.19	5.1072702	6.446269	71.77801	0.92316717
10720000	2526.22	1397	3026	44322.3	5.4423594	8.787745	125.56593	0.6827093
10736000	2723.6	231	3025	44388.38	5.0000157	7.287901	95.926834	0.63585997
10752000	2694.06	231	3025	44455.43	4.4682736	6.0439854	76.282425	0.59219646
10768000	2620.8	626	3025	44522.22	5.7311525	9.511542	114.10397	0.7254145
10784000	2635.9	626	3025	44588.45	5.606198	10.411266	127.57262	0.7571626
10800000	2560.22	627	3025	44654.13	5.465523	10.458074	153.10619	0.7150457
10816000	2174.74	627	3025	44719.61	5.2504797	10.486607	159.2255	0.707812
10832000	2162.54	636	3014	44785.61	5.7360783	10.265417	120.47312	0.7500401
10848000	2335.54	1392	3024	44851.94	5.058447	9.46531	104.39846	0.7109375
10864000	2465.56	1403	3024	44918.36	5.6939073	11.197208	149.5146	0.74651676
10880000	2537.72	1375	3020	44985.02	6.7773957	12.726869	138.41437	0.74957335
10896000	2678.5	1375	3025	45050.31	7.3738494	14.42202	134.91554	0.9112594
10912000	2559.24	1324	3026	45115.58	6.8326993	11.115028	110.530304	0.7236581
10928000	2575.78	812	3024	45180.55	6.7051754	11.801784	114.150764	0.72895056
10944000	2526.64	734	3024	45246.8	6.447779	9.756352	93.28929	0.9945935
10960000	2642.34	1318	3025	45312.67	6.346719	10.516438	109.23306	0.86493444
10976000	2670.22	1318	3025	45379.1	5.970421	7.9943123	95.83986	0.77058816
10992000	2682.98	626	3025	45445.56	5.413427	8.327961	109.41732	0.82816696
11008000	2451.6	231	3022	45511.62	5.2525225	8.797627	99.085884	0.6801044
11024000	2344.24	231	3025	45577.87	5.4401765	8.227711	117.60413	0.72002757
11040000	2708.74	746	3025	45643.53	5.624175	9.628751	142.58467	0.84416497
11056000	2732.18	626	3025	45709.62	5.416396	10.12168	181.12454	0.5286148
11072000	2698.3	626	3025	45775.89	5.4565597	9.546396	122.489044	0.72636324
11088000	2485.3	740	3026	45841.73	5.0548553	6.7656136	74.30977	0.95201683
11104000	2383.16	231	3026	45908.76	6.6852694	10.277154	94.73146	0.8906723
11120000	2595.02	812	3026	45975.19	5.5039024	7.380837	81.39693	0.93730265
11136000	2696.24	1046	3025	46042.2	5.5108075	9.618721	166.48341	0.8360979
11152000	2734.16	626	3025	46107.46	5.795326	7.838425	110.552925	0.92125845
11168000	2625.94	626	3027	46174.53	4.897401	5.887144	101.51904	0.8723186
11184000	2622.36	718	3026	46240.96	5.7476974	9.515636	190.94888	0.7312575
11200000	2582.96	718	3026	46307.13	5.6822705	8.019268	105.40059	0.84528136
11216000	2640.4	718	3026	46373.84	4.9150043	6.7108746	107.05803	0.81060445
11232000	2137.78	231	3026	46439.85	5.389625	10.258811	152.55577	0.7838127
11248000	1796.1	231	3019	46505.58	6.2122345	10.541466	174.20726	0.65414006
11264000	2245.88	718	3024	46573.15	6.434751	10.165487	144.76161	0.8848094
11280000	2483.66	810	3026	46639.77	6.165496	10.68828	250.38222	0.9907957
11296000	2475.22	810	3028	46705.92	6.530061	7.3860836	83.51445	0.96919084
11312000	2413.26	626	3028	46772.94	7.8761463	10.244631	118.275345	0.83192474
11328000	2443.7	621	3025	46838.09	8.124961	11.970412	139.47223	1.0407875
11344000	2548.68	621	3025	46904.23	8.173779	12.831891	134.69415	1.2353667
11360000	2697.32	684	3023	46970.57	6.892742	9.104046	126.857834	0.8198111
11376000	2261.04	231	3025	47037.55	7.1007733	10.935663	159.16905	1.131657
11392000	2323.3	231	3026	47105.43	6.930254	12.016625	183.69916	1.2595568
11408000	2537.64	806	3027	47171.82	7.020259	13.400763	183.79607	0.8890326
11424000	2597.0	806	3027	47238.69	6.5471506	11.092143	186.325	0.97466373
11440000	2568.92	804	3028	47304.3	5.6002283	8.279522	103.52237	0.99408793
11456000	2504.82	231	3028	47371.52	6.130033	9.050203	98.18178	0.91582805
11472000	2646.94	231	3025	47438.0	6.7915173	11.081292	157.1977	1.0532581
11488000	2728.44	1318	3027	47504.74	6.197791	10.834468	171.52448	0.7280117
11504000	2732.9	231	3027	47570.71	6.3128304	12.8284	276.98453	0.91741097
11520000	2571.26	231	3026	47637.52	5.5600924	10.395844	134.07677	0.7685153
11536000	2615.48	747	3025	47704.55	5.6829314	10.781515	149.01727	0.78899455
11552000	2440.58	1047	3023	47770.6	6.396987	11.415852	144.41869	0.6870705
11568000	2593.6	727	3026	47836.9	4.8980317	7.344405	90.608574	0.84591436
11584000	2608.56	727	3026	47902.99	5.191093	9.74901	155.14081	0.6816516
11600000	2442.54	636	3024	47968.53	5.406001	8.026063	99.535194	0.9148039
11616000	2502.78	636	3024	48034.59	6.504493	12.087417	147.5381	0.87779176
11632000	2556.46	626	3024	48100.53	6.348549	13.731373	178.49834	0.8719994
11648000	2630.82	623	3023	48165.83	5.96295	10.938245	131.03339	0.9618087
11664000	2676.22	231	3027	48231.16	5.1680427	9.104182	124.55609	0.8897567
11680000	2450.8	231	3023	48297.32	6.201783	12.328356	179.93552	0.88285434
11696000	2386.64	573	3023	48363.41	6.6244345	11.909514	158.46451	0.98230624
11712000	2508.3	626	3025	48428.63	5.4513164	9.739652	133.27017	0.88751173
11728000	2709.46	721	3024	48494.95	4.8748536	7.980918	140.46906	0.84110117
11744000	2732.7	231	3027	48561.6	4.323926	4.855852	59.55126	0.62039036
11760000	2748.28	231	3027	48627.69	5.2682176	7.821107	130.73006	0.9000007
11776000	2741.42	626	3026	48695.2	5.199225	7.5836754	124.88015	0.8441487
11792000	2658.72	626	3026	48761.75	5.439713	11.733852	197.0865	0.62089
11808000	2744.96	626	3026	48828.27	4.8872128	9.649982	128.91997	0.5638244
11824000	2847.92	740	3026	48894.42	4.027446	6.3560944	96.46969	0.6304698
11840000	2766.44	1328	3025	48960.55	4.461533	9.032812	157.99295	0.5581541
11856000	2583.82	231	3026	49027.3	4.7212677	8.380875	145.19095	0.7684953
11872000	2434.52	762	3024	49093.65	5.361667	10.418159	153.5911	0.7441428
11888000	2463.16	231	3026	49159.82	6.609078	13.230597	202.76501	0.8838079
11904000	2423.54	231	3022	49226.26	5.385632	7.331113	108.867584	0.93538094
11920000	2440.98	231	3024	49292.76	6.6036386	10.224921	147.82085	0.9322364
11936000	2537.08	231	3025	49359.96	6.510933	8.681084	108.17678	0.9259716
11952000	2663.42	1317	3025	49425.81	7.661596	12.094198	160.74321	0.98458165
11968000	2531.16	1330	3025	49492.03	6.0883427	8.775796	125.206604	0.67223
11984000	2429.1	1315	3022	49559.1	6.140948	7.8382907	83.83698	0.67303526
12000000	2484.22	712	3026	49625.16	5.883466	8.753284	116.55305	1.018467
12016000	2528.98	712	3026	49691.78	6.1215734	8.802961	116.29137	0.9672372
12032000	2579.94	626	3025	49759.58	6.2567434	12.612318	201.70721	1.1361604
12048000	2661.32	626	3024	49825.82	5.0089364	7.7925606	155.94937	0.8091928
12064000	2673.28	1316	3022	49892.15	5.446153	10.037639	133.42259	0.93031025
12080000	2589.42	231	3021	49958.35	5.004451	7.710183	86.10347	0.8637159
12096000	2381.92	231	3026	50024.79	5.414072	9.365887	99.15142	0.8240137
12112000	2560.96	626	3026	50090.8	5.4662843	8.315272	95.536804	0.96424127
12128000	2719.58	636	3026	50155.8	5.1450334	7.900581	161.63313	0.8972795
12144000	2718.9	636	3026	50222.14	5.4790277	9.80052	147.51299	0.82636267
12160000	2743.82	1316	3026	50288.84	4.82617	8.042235	109.990814	0.8150611
12176000	2812.84	1036	3026	50356.73	4.4108076	6.1985755	100.699905	0.70153975
12192000	2660.8	636	3026	50423.65	4.8538074	9.42324	151.32156	0.8465831
12208000	2609.02	626	3025	50489.54	4.1713414	7.205111	98.400215	0.66156924
12224000	2469.48	626	3026	50556.23	4.5747895	8.704279	106.95033	0.6705331
12240000	2646.56	636	3026	50621.63	4.538566	9.251824	153.65298	0.81017184
12256000	2258.28	636	3023	50688.91	5.054621	9.510729	189.19254	0.73002374
12272000	2403.32	636	3024	50755.46	6.177709	11.251236	173.4575	0.7060881
12288000	2618.26	711	3026	50821.04	6.177274	11.468891	169.95068	0.92650604
12304000	2707.18	711	3027	50888.3	7.743457	13.968731	134.80876	0.9968251
12320000	2551.08	636	3027	50954.54	8.160182	14.399431	135.27731	0.8468163
12336000	2015.54	589	3028	51020.33	9.821662	17.210625	139.73257	1.1951582
12352000	2253.44	560	3028	51087.03	9.09446	15.194212	152.59012	1.0864886
12368000	2203.5	231	3029	51153.28	9.577796	15.103199	156.44807	1.142439
12384000	2399.48	231	3029	51218.91	8.258402	12.497949	143.37024	1.0730042
12400000	2595.96	812	3024	51285.17	7.2431293	11.105234	144.10342	0.98477864
12416000	2637.52	1411	3024	51349.64	6.9266973	10.309453	131.39343	0.87675
12432000	2672.68	226	3024	51415.5	7.1825294	11.314359	193.54881	1.1457226
12448000	2458.64	226	3026	51481.39	7.1938853	10.019115	124.29531	1.0309613
12464000	2384.88	231	3026	51548.28	6.68891	8.7209015	90.53265	1.2218616
12480000	2534.28	231	3021	51615.36	6.6173306	7.570121	91.95365	1.2630224
12496000	2726.98	636	3024	51680.75	6.0380945	6.896174	76.66361	1.2483504
12512000	2538.62	619	3025	51746.55	5.473838	6.3785067	72.771904	1.0858394
12528000	2493.22	626	3025	51812.66	5.4696035	5.81898	63.03641	1.0458293
12544000	2546.14	635	3023	51879.26	5.9545984	7.98042	116.59515	0.9351967
12560000	2250.62	636	3023	51946.84	6.0859356	11.814856	210.32562	0.8559661
12576000	2223.82	231	3023	52012.06	7.4927893	13.904056	134.05563	0.8345971
12592000	2476.62	231	3027	52078.21	6.2134213	10.30689	119.01592	0.72829115
12608000	2713.66	635	3030	52144.38	6.949202	10.758898	103.79044	0.9550501
12624000	2427.54	231	3030	52210.53	6.60096	12.665689	180.10753	0.8007611
12640000	2317.84	231	3025	52276.51	7.2203045	12.134436	137.64151	1.1220024
12656000	2427.26	231	3025	52342.87	7.9230976	14.266369	172.96725	1.1322303
12672000	2696.4	810	3026	52409.28	5.820725	8.260257	101.355606	0.907614
12688000	2639.08	1315	3026	52476.0	5.7465315	7.9091	126.402695	0.88969076
12704000	2469.1	231	3025	52542.24	7.5546985	11.2267	146.62312	1.0842767
12720000	2517.32	779	3023	52607.33	7.8986797	13.616375	198.62291	1.1523405
12736000	2599.64	636	3023	52673.32	7.41083	11.501265	140.69196	0.9811675
12752000	2552.64	636	3026	52740.26	6.065698	8.893745	136.85759	1.135664
12768000	2562.12	636	3026	52806.4	6.691345	11.519898	156.74023	1.0126017
12784000	2626.52	761	3026	52872.79	7.4443154	13.209276	179.68904	1.2036788
12800000	2655.22	231	3026	52938.8	6.6228113	11.191451	165.8713	1.0711162
12816000	2737.7	636	3028	53005.1	5.7733526	9.407109	128.10051	0.9419249
12832000	2617.2	231	3028	53070.23	6.01736	10.155992	139.60953	0.99215007
12848000	2657.96	231	3025	53135.79	5.361066	9.3891325	142.80276	0.8717981
12864000	2121.96	465	3025	53201.67	6.743165	12.943812	200.34634	1.0456116
12880000	2124.4	231	3027	53267.77	9.153646	17.154255	167.09271	0.997392
12896000	2267.86	231	3027	53333.92	8.577421	15.207408	159.47855	1.1291907
12912000	2271.72	231	3025	53400.72	8.49876	13.798318	142.51735	1.1904438
12928000	2361.74	231	3026	53466.26	9.651095	15.960967	167.0199	1.2639234
12944000	2664.56	231	3028	53531.86	9.077211	13.8846	198.93652	1.4654095
12960000	2697.58	1313	3028	53598.96	8.821764	13.47056	167.85728	1.3430793
12976000	2558.6	761	3028	53664.89	8.114056	13.125387	140.23303	1.246167
12992000	2338.32	761	3019	53731.26	6.163683	8.508713	135.431	0.85942817
13008000	2026.32	231	3025	53798.03	7.8962655	15.945912	309.46365	1.0635762
13024000	2286.6	231	3025	53863.73	9.406246	18.434275	188.62695	0.91801155
13040000	1972.66	635	3024	53930.32	10.247038	16.89684	164.38458	0.93202436
13056000	2320.06	635	3026	53996.32	9.888642	16.332422	136.18575	0.95403177
13072000	2593.06	1412	3026	54062.88	9.9159	15.9876795	125.2008	0.79029083
13088000	2370.14	231	3026	54129.26	8.454957	15.405756	161.63431	1.0169535
13104000	2071.08	231	3026	54195.91	8.569836	14.752873	134.80061	0.8998945
13120000	2116.92	231	3026	54263.05	8.559241	13.459058	111.23108	0.7919441
13136000	2030.3	231	3018	54329.4	9.566713	16.538683	142.58047	1.051158
13152000	2423.94	231	3026	54394.51	8.82978	16.83706	178.78894	0.8169453
13168000	2576.2	634	3026	54459.76	7.7611814	14.403759	139.25305	0.86564195
13184000	2746.94	634	3025	54526.57	7.6986465	13.428482	153.13705	0.9938868
13200000	2614.08	1036	3024	54593.51	7.3636994	14.483936	139.22726	0.81603265
13216000	2649.18	624	3027	54659.54	7.2399316	12.765192	109.60335	0.9840884
13232000	2666.34	624	3029	54726.47	5.9322834	9.521565	168.36957	0.99660045
13248000	2496.04	1318	3026	54792.63	5.6640086	10.288409	138.4838	0.8427181
13264000	2302.96	1315	3024	54858.15	7.1406617	13.816635	154.90926	0.9685755
13280000	2060.64	636	3024	54924.52	7.733322	12.852445	111.28248	0.9866003
13296000	1902.7	565	3023	54991.01	9.337212	14.929481	128.59822	0.8739226
13312000	1508.96	603	3027	55057.24	9.492269	15.422831	151.26855	1.0481217
13328000	2109.56	737	3027	55123.19	10.834914	15.106625	162.4021	1.0674739
13344000	2354.32	584	3021	55190.05	10.451332	17.930153	167.95572	1.0091705
13360000	2545.74	584	3025	55256.11	11.28276	17.243544	136.69904	1.3059804
13376000	2408.82	1317	3025	55321.83	11.950694	17.949657	137.98183	1.0454192
13392000	2494.52	739	3025	55387.71	10.217279	16.890862	152.89236	0.9837146
13408000	2677.48	739	3024	55453.94	10.181737	15.974899	123.0012	1.00962
13424000	2437.84	594	3024	55519.78	7.590042	10.4556465	91.82783	1.1541446
13440000	2392.92	533	3024	55585.11	6.5845222	10.08593	104.05609	0.88918155
13456000	2567.38	533	3024	55651.62	7.2486086	13.162882	199.79056	0.7691239
13472000	2591.02	770	3026	55717.04	7.6879	14.304386	146.15959	0.71582127
13488000	2552.26	1403	3025	55782.92	7.2032213	12.1592045	124.48748	0.73792887
13504000	2247.86	811	3026	55850.42	7.066201	11.923987	153.49667	0.75395286
13520000	2317.22	1038	3027	55916.69	5.750004	8.6499815	83.0181	0.71940166
13536000	2164.04	626	3027	55982.44	6.5136204	10.401279	106.43196	0.7824937
13552000	1750.92	231	3026	56048.32	9.079721	15.383959	160.53276	1.0746624
13568000	987.18	626	3019	56114.78	11.200942	18.541681	184.35756	0.982924
13584000	1747.78	626	3024	56181.29	16.120182	25.246735	334.02225	1.235831
13600000	1595.04	626	3020	56247.31	13.13369	20.250038	175.91264	1.1904056
13616000	1807.12	231	3024	56313.11	15.177052	21.816668	225.22635	1.2370996
13632000	2153.5	231	3024	56382.54	16.121954	23.297207	193.29076	1.664467
13648000	2319.22	619	3023	56450.91	15.847052	24.618393	219.53139	1.4980242
13664000	2249.38	626	3027	56523.72	13.599827	22.60211	255.11295	1.7428874
13680000	2466.28	626	3027	56593.23	12.084003	17.910683	161.93336	1.1343558
13696000	2752.08	773	3027	56658.75	9.723823	13.897238	132.54591	1.4200099
13712000	2415.86	626	3027	56726.37	8.747303	13.872421	158.83215	1.2801483
13728000	2302.4	626	3024	56793.08	7.9067225	13.966471	218.50298	1.180444
13744000	2452.92	636	3024	56858.22	8.054236	15.215771	250.4568	1.4155241
13760000	2821.88	812	3025	56925.41	6.869581	12.233825	196.66592	1.1088552
13776000	2776.52	1035	3027	56991.45	6.4376316	9.984565	110.39175	0.91457087
13792000	2714.5	1322	3027	57058.17	6.1072683	9.764153	116.917946	0.8317026
13808000	2752.02	626	3026	57124.08	6.0050197	8.654464	82.42831	0.93867046
13824000	2650.86	626	3025	57191.12	5.7233753	8.968968	99.978195	0.9048636
13840000	2604.1	745	3026	57256.34	4.9545574	7.4320636	118.71918	0.74301064
13856000	2598.34	626	3026	57323.01	4.566928	7.5445986	109.885574	0.6460871
13872000	2527.04	626	3026	57389.29	4.8613963	6.688606	86.94163	0.67657846
13888000	2595.3	609	3026	57456.6	4.914574	8.332148	123.21853	0.7703655
13904000	2612.74	609	3022	57522.72	5.7410007	9.074733	104.50725	0.7077325
13920000	2706.14	811	3023	57588.41	5.5506406	8.733861	109.12757	0.74608594
13936000	2447.2	811	3024	57654.69	5.709984	8.913272	188.70444	0.86557746
13952000	2261.68	231	3022	57720.53	7.794667	16.02431	187.31992	1.0727317
13968000	2511.84	231	3026	57787.15	6.726008	10.988719	171.25476	1.0802182
13984000	2652.38	231	3026	57854.3	6.9611993	14.324408	169.2182	1.0887313
14000000	2787.42	787	3023	57920.65	6.2291822	12.125517	142.44386	1.084125
14016000	2681.62	631	3022	57986.51	5.6787686	10.223621	135.67258	0.98436534
14032000	2693.18	631	3024	58053.29	5.7832384	10.826408	125.22866	1.020325
14048000	2771.3	231	3024	58120.05	5.6775737	9.83007	117.073746	0.98920643
14064000	2721.9	231	3024	58186.17	4.6490216	6.2745366	95.126686	0.88620216
14080000	2668.68	614	3024	58253.63	5.088727	6.873156	79.00167	0.77873874
14096000	2614.7	1036	3024	58319.19	5.3926983	9.468481	158.58765	0.7662122
14112000	2682.2	1036	3025	58386.01	5.790373	9.123012	156.55527	0.8483063
14128000	2811.1	755	3025	58452.39	6.0088162	11.45417	213.98872	0.7656648
14144000	2467.56	805	3025	58519.38	5.9601407	8.304196	86.47663	0.691034
14160000	2266.64	761	3024	58585.44	7.02555	11.698003	161.06635	1.0502644
14176000	2491.16	761	3024	58652.69	7.157877	11.607511	154.29416	1.0643216
14192000	2288.5	721	3021	58718.94	7.432441	10.817717	157.47127	1.2205592
14208000	2498.78	626	3025	58786.61	7.456271	13.411792	202.08957	1.2118459
14224000	2616.64	231	3025	58852.62	7.199281	11.9670725	179.90059	0.92870903
14240000	2607.68	231	3024	58919.34	7.1132793	12.313034	182.6034	1.0280564
14256000	2643.44	1131	3023	58985.55	6.7542577	12.859016	230.91408	0.95658064
14272000	2569.9	626	3023	59052.49	7.507224	17.2519	266.97614	1.011385
14288000	2681.84	626	3023	59118.08	6.9791026	16.861023	196.59738	0.89542735
14304000	2569.1	811	3026	59185.13	6.243857	12.485545	157.45787	0.8369088
14320000	2393.44	740	3024	59251.67	6.004265	12.046318	126.12651	0.9306123
14336000	2324.26	1315	3022	59317.11	7.0512915	15.828327	201.12614	0.800725
14352000	2367.72	626	3023	59383.52	6.4960694	12.656228	140.84195	0.9567689
14368000	2507.96	626	3023	59450.59	7.240254	13.84493	170.69717	0.95024705
14384000	2301.64	626	3022	59517.31	6.8665996	13.6367655	144.84909	0.7802576
14400000	1901.42	626	3023	59583.52	7.754413	13.687736	143.23386	0.87877643
14416000	2454.76	231	3023	59649.91	9.292875	14.915774	123.69057	0.9763044
14432000	2489.32	231	3025	59716.35	8.551143	13.202013	124.36452	1.1649203
14448000	2539.1	718	3023	59782.07	7.606295	12.702267	231.86008	1.0315664
14464000	2686.94	1036	3024	59849.14	7.1019735	12.377374	186.84383	0.98004675
14480000	2870.66	1046	3026	59915.87	6.6617804	12.132688	125.8779	0.6461027
14496000	2880.52	1046	3026	59981.73	6.1232967	12.4341955	158.373	0.75508714
14512000	2845.34	1400	3024	60047.05	4.5563545	8.290381	147.00761	0.69399256
14528000	2625.28	626	3024	60113.71	5.0655704	11.656099	139.48917	0.63389444
14544000	1988.42	635	3022	60179.33	5.3004365	14.819724	188.6494	0.62557817
14560000	2261.48	733	3024	60245.9	7.0279818	16.622156	252.37009	0.73762727
14576000	2520.34	231	3024	60311.45	7.3690133	16.080025	186.37515	0.75470006
14592000	2581.28	1037	3021	60376.64	7.1147423	16.484537	236.6259	0.80806977
14608000	2672.1	1046	3023	60443.06	6.614918	13.391384	129.34874	0.8280864
14624000	2757.72	1046	3022	60509.94	7.3561635	15.962256	235.0358	0.8329942
14640000	2489.34	636	3025	60575.91	7.283702	14.741977	217.54468	0.9536257
14656000	2461.08	626	3024	60642.44	6.5344214	10.969822	153.17659	0.81655985
14672000	2739.44	626	3025	60709.04	6.7638006	11.200154	147.77905	1.0001911
14688000	2677.46	742	3025	60774.63	7.3742414	12.550214	151.56627	1.1063967
14704000	2695.76	742	3022	60840.61	7.63564	10.09897	134.90184	1.3329365
14720000	2677.5	761	3022	60906.98	6.943706	9.172908	130.6371	1.2317144
14736000	2617.1	761	3022	60973.44	6.9252462	12.118156	184.87128	0.9531218
14752000	2712.44	761	3024	61039.12	6.337121	9.983863	107.46141	0.9984044
14768000	2799.48	231	3024	61105.72	6.407727	12.050403	172.49661	0.77966905
14784000	2640.86	231	3021	61171.92	5.9437633	9.900673	151.13847	0.81106436
14800000	2605.82	636	3023	61238.71	5.390017	8.378001	94.22847	0.684613
14816000	2837.78	1318	3023	61304.3	5.2654157	8.792475	141.27548	0.7117051
14832000	2882.5	1045	3025	61369.34	4.7407284	7.446784	98.07998	0.70980597
14848000	2792.88	791	3025	61435.35	4.526452	9.40721	151.4657	0.61496234
14864000	2621.06	791	3023	61500.77	4.3505793	7.716572	142.04117	0.78145564
14880000	2680.04	804	3023	61567.23	4.5732527	8.618176	117.91673	0.6394549
14896000	2835.94	804	3024	61633.77	3.8835692	7.41857	153.03824	0.5558156
14912000	2727.46	1045	3024	61701.51	5.437587	11.777068	160.86475	0.69641006
14928000	2553.84	782	3024	61767.66	4.9889073	8.048389	74.59544	0.66483027
14944000	2538.82	782	3024	61833.37	5.1847286	11.508032	234.11768	0.8466078
14960000	2720.52	773	3025	61900.14	5.133713	8.759349	130.88893	0.7071866
14976000	2635.8	1047	3025	61966.16	5.7184777	9.740746	129.93011	0.9151226
14992000	2603.16	641	3023	62032.42	4.978076	7.6855125	112.86698	0.858891
15008000	2691.76	733	3023	62098.33	5.82315	12.064821	151.376	0.7627971
15024000	2475.36	626	3024	62163.95	6.570412	14.133494	192.49133	0.9517352
15040000	2338.4	626	3023	62230.99	6.192299	11.912047	158.83942	0.9830974
15056000	2343.06	626	3022	62297.24	6.831624	14.69233	162.2043	0.90485346
15072000	2445.5	629	3022	62363.67	7.1777215	14.630167	206.8973	0.8433318
15088000	2544.74	755	3020	62429.72	6.1738267	10.694667	131.56639	1.1010046
15104000	2545.68	231	3022	62497.45	7.193819	12.693528	135.42339	1.1503698
15120000	2576.4	231	3022	62564.14	8.262159	14.000615	185.66827	0.87089694
15136000	2477.14	626	3022	62630.48	6.445435	8.62241	121.536934	1.061398
15152000	2428.64	745	3024	62697.53	6.7657647	10.010373	165.25423	1.2529516
15168000	2561.5	736	3024	62763.71	7.592003	12.051408	154.09474	1.175314
15184000	2648.48	805	3022	62829.93	7.949339	14.429882	217.82834	0.9263199
15200000	2484.38	805	3022	62896.18	7.9462943	15.028309	153.67548	1.1343127
15216000	2446.68	806	3019	62962.24	7.5632367	15.000864	142.91293	1.2145711
15232000	2263.14	231	3022	63028.25	8.184682	14.814738	142.41307	0.9108057
15248000	2343.32	626	3021	63094.95	7.8856153	17.525877	255.09264	1.0685041
15264000	2313.78	626	3022	63162.6	7.3905745	14.984821	168.07097	0.89627
15280000	2326.24	626	3022	63228.3	9.244725	18.017975	305.91513	0.9532147
15296000	2368.6	231	3022	63295.42	8.545719	15.6191845	197.19662	0.8058516
15312000	2249.78	626	3015	63361.1	9.456006	18.00651	207.10443	1.0404675
15328000	2121.18	626	3021	63428.02	8.298801	12.501023	160.91063	1.2593517
15344000	2161.0	626	3022	63494.57	10.070965	19.365923	243.59299	1.2706206
15360000	2269.4	626	3025	63561.28	8.590191	14.280789	167.35074	1.0032172
15376000	2278.66	626	3022	63626.8	9.074913	14.2540655	165.50987	1.464314
15392000	1649.52	626	3022	63693.18	10.468211	18.786652	328.80692	1.1714501
15408000	2218.2	626	3026	63759.54	9.779734	14.686874	170.73897	1.4236779
15424000	2491.5	636	3021	63825.96	12.5967455	19.299908	164.90787	1.5467094
15440000	2114.84	626	3020	63893.26	11.030829	18.270134	170.3372	0.9945166
15456000	1766.66	231	3020	63958.43	12.699027	19.237011	184.83827	1.3704339
15472000	1559.64	231	3014	64024.62	13.177751	21.171211	326.75214	1.3688622
15488000	1922.72	636	3023	64091.0	13.192899	18.869959	151.16295	1.4044685
15504000	2243.2	796	3023	64156.86	13.270579	21.676666	261.47403	1.3459135
15520000	2529.66	626	3023	64223.73	13.246869	19.167257	196.83759	1.491388
15536000	2641.28	626	3022	64288.77	11.698842	15.836191	143.74841	1.5743054
15552000	2383.6	626	3022	64355.2	10.962252	16.491814	182.2564	1.3358645
15568000	2230.94	231	3020	64421.0	9.823929	15.653715	196.73802	1.0068158
15584000	2349.64	231	3024	64488.67	10.027953	14.874072	215.07518	1.0118055
15600000	2515.14	626	3024	64555.49	10.448358	17.243168	206.78288	1.143426
15616000	2695.56	740	3022	64621.57	9.41913	13.827987	173.66518	1.3467962
15632000	2675.3	609	3024	64688.35	9.493975	14.114404	167.7347	1.3376262
15648000	2624.2	609	3025	64755.88	9.263474	12.569186	144.28485	1.1323249
15664000	2650.2	1036	3025	64822.55	7.143087	12.511009	136.98505	0.8064393
15680000	2574.2	629	3024	64888.12	6.1586757	9.727843	123.45737	1.0735698
15696000	2517.7	627	3024	64954.4	6.0549006	7.8949814	98.039375	0.77953297
15712000	2376.86	799	3024	65020.9	5.5808067	9.691923	135.46823	0.90991056
15728000	2385.4	802	3023	65087.03	5.7309465	9.655399	123.04931	0.8566221
15744000	2576.58	627	3023	65153.2	6.6875644	12.948527	129.76189	0.9405086
15760000	2617.02	791	3022	65218.59	6.515057	11.954917	139.18233	0.8821447
15776000	2445.68	231	3023	65285.85	7.2855253	11.997776	104.68211	1.047093
15792000	2527.36	231	3024	65350.58	6.752342	11.353353	102.604256	0.91166747
15808000	2666.5	626	3024	65416.86	7.150927	11.86634	131.8564	1.0305324
15824000	2639.9	1402	3023	65483.19	6.395541	10.524607	101.28399	0.8648752
15840000	2380.56	626	3023	65548.64	6.9578238	12.322383	146.99147	0.8831019
15856000	2514.78	761	3022	65614.83	6.971114	11.526321	193.87769	0.8043324
15872000	2682.28	761	3027	65681.94	7.297655	11.697209	112.272705	1.1703776
15888000	2838.34	1316	3024	65748.36	5.6816525	9.428573	130.43628	0.900078
15904000	2758.76	800	3024	65814.16	4.59445	7.474894	85.03328	0.8265569
15920000	2690.68	626	3024	65881.28	4.8467183	7.9381614	84.20213	0.7421938
15936000	2785.1	626	3024	65948.45	4.9059987	7.7458677	69.66146	0.8570375
15952000	2787.08	231	3023	66014.06	4.020562	5.4839225	88.8999	0.6998563
15968000	2797.04	231	3022	66079.5	4.752869	8.372717	137.30423	0.8858675
15984000	2766.12	1317	3025	66145.73	4.235693	5.2053695	56.8974	0.6932922
16000000	2674.42	806	3023	66211.69	4.9609394	6.852994	95.48256	0.7835485
16016000	2746.16	806	3022	66277.19	4.915983	7.331843	112.63484	0.70206356
16032000	2652.52	1037	3021	66344.42	4.630141	7.397472	101.355034	0.703482
16048000	2565.42	812	3024	66410.29	5.1179957	11.202888	287.32913	0.68655527
16064000	2523.32	1036	3024	66476.44	6.41017	14.870159	232.50752	0.5987631
16080000	2035.76	626	3024	66543.35	7.7347813	19.055779	217.87213	0.8213382
16096000	2032.4	626	3022	66609.77	8.353743	17.384947	181.01326	0.77588725
16112000	2454.16	623	3025	66675.66	8.906915	18.250242	182.69484	0.8011837
16128000	2586.94	623	3025	66741.4	9.282826	17.953913	169.46587	0.9150538
16144000	2787.74	1039	3023	66808.03	8.324899	15.940672	161.66942	0.7968122
16160000	2746.52	636	3023	66874.61	9.4951935	19.89589	256.06494	0.8032296
16176000	2780.46	636	3023	66940.32	8.191879	15.692361	144.3236	0.6184197
16192000	2666.34	626	3025	67006.12	6.500325	12.190353	156.72188	0.6609869
16208000	2513.56	626	3023	67071.72	5.761127	9.418168	120.59061	0.77480805
16224000	2506.9	727	3023	67137.15	5.4648995	8.92695	108.79719	0.81767285
16240000	2482.86	628	3023	67202.75	6.1662374	9.442971	137.35596	0.8764632
16256000	2518.48	628	3024	67268.83	6.4793534	10.648439	119.07264	0.87240607
16272000	2524.08	627	3025	67334.5	7.154102	11.802721	125.03177	0.785603
16288000	2671.5	627	3025	67400.36	6.603957	11.210661	141.92944	0.80653214
16304000	2706.26	812	3026	67466.13	6.1354895	9.046017	101.61439	0.9372461
16320000	2664.84	1038	3026	67532.4	6.310255	9.866036	111.06386	0.92593825
16336000	2443.36	231	3023	67598.4	6.127161	10.212918	176.79428	0.703875
16352000	2577.42	231	3023	67665.03	6.7039433	14.069659	212.67633	0.8832669
16368000	2697.24	730	3024	67730.46	5.6045594	10.935788	171.54227	0.95299065
16384000	2748.78	730	3023	67797.11	4.685419	8.795393	185.98314	0.7549238
16400000	2688.1	1039	3024	67863.81	5.265943	11.09744	205.30269	0.80955917
16416000	2766.14	627	3024	67929.66	5.5711727	12.469682	185.78822	0.87656176
16432000	2826.92	627	3022	67995.85	4.995481	9.134316	161.55025	0.7258537
16448000	2710.4	231	3024	68061.47	5.217928	9.193153	133.59073	0.79633117
16464000	2524.98	231	3024	68126.94	5.4379745	9.662739	145.69765	0.7759676
16480000	1937.02	587	3024	68192.45	7.7029667	14.462076	153.37384	1.0263953
16496000	1905.84	626	3024	68258.76	9.214664	17.046307	207.24744	0.84126383
16512000	2438.54	231	3023	68325.44	8.578589	16.206043	155.90202	0.9158515
16528000	2576.84	231	3026	68391.53	8.132387	16.468864	181.70262	0.78285503
16544000	2384.34	231	3026	68457.38	9.326165	19.878544	167.46571	0.94903034
16560000	2419.4	614	3024	68524.15	9.242966	19.794382	197.81638	0.93545365
16576000	2591.54	755	3023	68589.74	8.990475	18.230757	220.4136	1.1371495
16592000	2568.26	223	3025	68655.38	7.209797	15.136018	195.68266	0.8561466
16608000	2637.58	718	3025	68722.97	6.5387483	12.866493	202.81628	0.9439749
16624000	2576.76	718	3022	68789.18	7.258602	14.969882	191.49413	0.9482608
16640000	2543.98	623	3022	68856.77	6.106773	10.623936	158.66226	1.0911796
16656000	2324.96	623	3024	68924.12	7.60957	15.792864	234.39075	1.056086
16672000	2308.24	812	3026	68992.28	7.21408	14.823812	175.23842	0.7995593
16688000	2475.96	738	3024	69059.9	7.893213	15.508005	224.08713	0.8894847
16704000	1969.52	797	3023	69128.04	8.905848	16.768606	209.18083	0.9444541
16720000	2164.86	804	3023	69196.06	7.7249503	11.550976	109.394485	1.0351748
16736000	2119.76	626	3024	69263.37	9.246139	14.235718	194.82697	1.062232
16752000	2268.08	231	3024	69330.02	11.091187	19.547384	192.72937	1.1363012
16768000	2113.42	718	3024	69397.74	9.65669	15.200558	224.07431	1.1399755
16784000	2140.2	231	3024	69465.08	11.070258	16.858124	158.01747	1.0526359
16800000	1917.18	231	3019	69532.54	12.053061	21.744488	277.19464	1.308305
16816000	2006.52	614	3025	69600.3	11.867258	19.312366	230.9189	1.3671085
16832000	2080.54	718	3023	69667.21	11.7834835	16.856136	151.34935	1.2121919
16848000	2182.6	626	3021	69733.42	11.235579	17.69332	188.15997	1.2749394
16864000	2374.66	626	3026	69800.63	11.459931	16.848322	157.4846	1.2952355
16880000	2094.94	231	3023	69867.84	10.743201	16.441452	216.31529	1.4169979
16896000	1874.5	590	3021	69935.62	10.113588	13.26023	128.9992	1.235447
16912000	2215.56	1047	3020	70004.06	8.590593	13.114543	193.95029	0.98502934
16928000	2374.42	626	3016	70073.45	7.3620644	12.620224	235.09563	0.98299485
16944000	2245.4	626	3022	70142.73	7.6520963	10.833692	146.3584	1.0174134
16960000	2437.52	626	3022	70210.86	8.445158	12.541417	161.19186	1.1434281
16976000	2615.58	1046	3024	70277.53	6.630205	11.390652	162.02562	0.9817282
16992000	2284.36	712	3024	70344.64	6.1170273	8.208047	99.2271	0.9592269
17008000	1926.18	712	3022	70410.84	10.0905485	20.978916	235.6628	0.97945607
17024000	2413.7	704	3023	70479.73	9.213509	17.777088	157.3949	0.7822194
17040000	2518.0	704	3023	70547.88	7.2563205	17.036757	300.22992	0.9964149
17056000	2668.2	1327	3022	70616.63	8.01683	21.758554	321.00388	0.46978632
17072000	2476.48	805	3026	70683.69	6.978044	16.736952	179.15997	0.7506924
17088000	2494.38	231	3026	70750.42	6.4893093	15.283763	168.97377	0.81931454
17104000	2455.38	231	3025	70819.0	5.4619823	10.428543	150.31978	0.8027147
17120000	2628.98	231	3023	70887.32	6.4093924	10.586589	151.58119	0.67814934
17136000	2571.82	806	3022	70954.7	5.5332375	9.525897	134.56868	0.6875562
17152000	2392.72	626	3024	71021.95	7.2092757	11.099737	124.81793	1.0353253
17168000	2487.96	626	3022	71089.18	7.0253634	11.563342	181.81529	0.8849454
17184000	2292.04	626	3022	71156.11	8.926452	17.232134	237.34872	0.9028518
17200000	2453.0	626	3024	71222.89	7.998564	16.27761	257.3606	1.1029453
17216000	2559.68	626	3024	71290.75	6.2953277	12.610571	202.51503	0.8459961
17232000	2540.28	1315	3026	71358.52	6.798135	12.435298	109.39122	0.81210953
17248000	2411.92	1306	3026	71425.55	7.1574187	14.787682	188.09805	1.0116049
17264000	2329.3	231	3024	71492.93	7.2514815	14.422133	156.05344	0.6522288
17280000	2511.18	1315	3026	71561.96	6.4855313	11.99519	138.92662	0.8055111
17296000	2571.0	744	3026	71629.45	6.904181	13.638384	157.9444	0.5522789
17312000	2634.14	636	3022	71697.76	6.300668	11.658218	152.50725	0.69613415
17328000	2618.86	636	3022	71764.58	6.6527557	14.430789	197.49088	0.6520208
17344000	2597.28	717	3026	71833.76	6.332844	14.957252	187.6294	0.749805
17360000	2703.5	745	3026	71902.4	5.7186737	11.106766	147.90123	0.56389743
17376000	2437.78	231	3024	71971.73	6.0669327	14.213441	179.17934	0.6361356
17392000	2428.38	721	3023	72039.31	6.580735	16.11955	253.89177	0.61773926
17408000	2407.96	761	3023	72107.22	5.2881846	8.633513	144.64351	0.75193906
17424000	2418.76	761	3025	72174.6	5.2984285	9.259377	112.24506	0.7535827
17440000	2600.94	231	3025	72242.08	6.1530223	9.719032	147.72932	0.63877165
17456000	2532.38	231	3026	72309.01	6.757805	17.353312	232.10529	0.9235507
17472000	2311.0	1051	3023	72377.59	8.090401	17.513065	270.47885	0.7895357
17488000	2395.82	810	3025	72445.63	8.084048	19.678408	376.41443	0.8389816
17504000	2408.28	614	3025	72512.4	8.853132	17.401276	316.77652	0.8099085
17520000	2469.4	1277	3023	72578.99	9.355715	19.580183	247.1286	1.1230285
17536000	2415.22	626	3024	72644.7	8.487207	15.059476	168.53192	0.88242334
17552000	2609.72	626	3024	72712.21	9.610504	19.630922	208.1231	0.99194723
17568000	2630.5	740	3023	72778.47	8.294219	17.256027	201.31606	0.9180596
17584000	2551.26	761	3021	72845.8	7.562729	14.601054	170.9988	0.9694812
17600000	2503.2	231	3022	72913.94	5.732515	7.982213	102.4031	0.6456386
17616000	2442.68	597	3025	72982.67	6.41629	10.330313	129.9856	0.7624709
17632000	2476.56	626	3025	73050.88	7.417057	19.281912	323.41855	0.8413352
17648000	2598.92	627	3024	73117.36	5.607195	8.041729	92.12006	0.82629395
17664000	2710.64	1323	3024	73185.45	6.0702353	10.087183	137.75264	0.86421734
17680000	2786.32	1317	3023	73252.89	6.3863673	11.229776	132.00432	0.7701528
17696000	2805.86	1045	3025	73321.86	4.928121	9.604474	249.58476	0.70937645
17712000	2826.84	1038	3025	73390.85	4.3274655	6.21551	97.58529	0.74776626
17728000	2662.18	805	3026	73457.44	4.341011	13.3365	273.9566	0.6946479
17744000	2576.08	231	3026	73524.44	4.3832574	13.16465	284.1059	0.5212108
17760000	2353.64	231	3024	73593.11	3.9675846	10.690259	281.21954	0.7190799
17776000	2408.0	231	3027	73659.86	4.9144793	9.058106	189.52583	0.7417729
17792000	2587.92	802	3027	73727.01	5.337164	10.468131	145.16568	0.7925302
17808000	2476.28	626	3026	73794.35	5.1901016	9.789829	111.42803	0.73103756
17824000	2384.7	626	3022	73864.75	6.102433	11.589566	136.90236	0.82151854
17840000	2680.48	626	3023	73932.32	6.7207108	14.222924	237.6108	0.9145506
17856000	2378.58	626	3026	73998.57	6.226094	12.860514	203.85149	0.67098534
17872000	2094.84	231	3026	74065.78	6.50857	13.079035	181.03928	0.71265346
17888000	2279.88	614	3022	74133.72	7.0175495	12.098866	139.02837	0.9374713
17904000	2366.72	231	3025	74200.61	7.9263663	13.871222	136.91411	1.132582
17920000	2569.08	231	3025	74269.56	8.188309	13.978306	163.67513	0.95742637
17936000	2690.66	1402	3023	74337.45	6.7695956	11.810263	177.03484	0.8214799
17952000	2415.78	231	3022	74403.98	7.2421937	13.428378	156.70914	0.99003494
17968000	2536.26	231	3022	74470.05	7.604891	15.03382	219.97116	0.8713541
17984000	2538.62	231	3023	74536.63	4.8766427	6.3760886	69.64094	0.8668333
18000000	2450.52	626	3023	74602.94	5.54451	8.427498	126.59716	0.74901783
18016000	2661.2	626	3023	74669.28	4.8790517	6.736307	109.18613	0.76628554
18032000	2448.68	626	3023	74736.12	5.1588917	7.064323	95.398766	0.72607815
18048000	2476.8	626	3025	74802.79	5.8934803	9.968927	127.9078	0.91926754
18064000	2633.24	636	3025	74870.53	4.5527067	5.869461	94.99631	0.85061944
18080000	2607.26	1047	3025	74935.71	5.434224	9.185833	181.90129	0.7697599
18096000	2491.5	794	3025	75001.35	5.274678	8.230283	143.18697	0.77858484
18112000	2620.04	1402	3027	75068.21	5.133812	9.01914	136.42154	0.7135439
18128000	2667.88	1402	3026	75136.31	5.4648457	10.356457	134.69698	0.77548397
18144000	2733.6	812	3026	75202.48	5.2558327	9.375878	104.40739	0.87781376
18160000	2612.8	812	3026	75270.26	5.789674	12.629688	153.78738	0.6701449
18176000	2579.64	1049	3026	75336.15	4.6115026	9.012166	125.39911	0.5680921
18192000	2564.5	727	3023	75402.63	4.9859633	10.6904745	140.23413	0.6312727
18208000	2591.84	1046	3023	75470.34	4.8256307	9.937232	151.91159	0.6123624
18224000	2477.36	636	3026	75536.73	5.5606084	12.200632	137.22514	0.70795965
18240000	2587.18	636	3024	75603.45	4.637775	7.7910113	111.138626	0.67399865
18256000	2505.2	596	3026	75670.57	5.648917	11.867037	162.00745	0.6828995
18272000	2467.72	636	3026	75736.11	5.5729713	10.907064	164.63554	0.7422886
18288000	2494.68	602	3026	75802.08	5.685166	11.3354025	183.40219	0.6540273
18304000	2668.24	602	3026	75868.94	5.6769266	10.791518	169.23212	0.69073284
18320000	2661.82	1320	3026	75935.73	4.8301077	7.3315415	77.942314	0.6641481
18336000	2560.84	711	3026	76002.87	5.172765	11.719772	189.58002	0.7451102
18352000	2575.44	443	3026	76069.7	5.259199	9.5072	155.25598	0.71203065
18368000	2508.44	443	3026	76136.46	4.7320633	7.867919	111.45058	0.6593772
18384000	2453.98	231	3026	76201.97	4.3596134	6.446591	83.05808	0.60591143
18400000	2343.92	231	3026	76268.35	6.3128934	12.842916	202.55302	0.65797573
18416000	2477.28	231	3026	76335.7	5.571191	10.889728	225.19182	0.61085534
18432000	2613.1	231	3026	76401.08	5.953299	11.3022375	177.45226	0.85750246
18448000	2666.14	1306	3027	76467.57	5.248148	10.34288	155.48589	0.65498054
18464000	2510.16	443	3027	76533.57	5.2446632	8.032308	101.574104	0.5454797
18480000	2605.34	443	3027	76600.35	5.9403186	10.03959	118.97058	0.7493437
18496000	2599.16	811	3026	76666.99	5.136919	9.832657	165.34438	0.6671388
18512000	2646.96	811	3025	76733.15	5.2388954	9.769229	160.35577	0.7540848
18528000	2559.92	628	3025	76798.85	4.7909856	10.339622	244.08633	0.6148507
18544000	1922.02	812	3028	76866.19	5.531492	8.728048	91.628204	0.80992067
18560000	2107.08	711	3026	76933.26	7.484429	17.237486	233.13614	0.5576039
18576000	2145.7	711	3026	76999.3	9.340887	19.793652	233.67644	0.6265005
18592000	2568.5	231	3025	77066.34	8.053201	16.068298	164.24115	0.68617594
18608000	2740.92	231	3026	77134.11	8.636199	16.22612	221.77415	0.79907274
18624000	2688.66	1317	3025	77201.6	6.57838	12.755952	131.48564	0.8008318
18640000	2671.9	792	3026	77267.68	5.800068	10.425948	144.8435	0.8460738
18656000	2485.78	811	3027	77334.61	6.621293	13.188863	168.65251	0.72254956
18672000	2433.42	606	3027	77400.83	5.4063716	10.859181	123.39559	0.76730615
18688000	1960.96	791	3024	77466.3	6.7186418	15.993908	193.05032	0.86134243
18704000	1825.14	627	3024	77532.56	9.438901	19.358824	184.70808	0.8836205
18720000	2416.82	740	3025	77597.84	8.589473	17.670067	138.16357	0.71186817
18736000	2263.22	443	3025	77664.3	9.067096	20.415531	245.31683	0.9933618
18752000	2519.96	443	3025	77730.28	11.378623	22.342188	259.72256	1.0033815
18768000	2571.46	443	3025	77796.54	12.20707	23.652636	308.70923	0.79106295
18784000	2647.24	231	3023	77863.55	10.670842	18.83452	150.72357	0.90732586
18800000	2706.36	231	3025	77930.52	9.931145	16.829592	137.4234	0.9842243
18816000	2621.2	761	3026	77996.16	7.2060137	11.019861	115.467186	0.88915706
18832000	2645.28	812	3026	78062.53	7.035753	12.256529	199.70694	0.9634787
18848000	2641.62	1308	3024	78129.03	6.009349	9.505041	176.33841	0.8988971
18864000	2746.54	1308	3024	78195.11	5.1716356	7.0118113	85.4651	0.7893361
18880000	2709.88	1409	3028	78261.61	5.273299	8.686741	141.71684	0.6819656
18896000	2560.06	231	3028	78328.09	6.5296717	12.332479	162.21085	0.866657
18912000	2588.18	636	3026	78394.71	5.559018	8.845712	122.5397	0.9998565
18928000	2457.32	636	3027	78461.06	6.036057	9.720209	89.843994	0.91576326
18944000	2569.52	712	3027	78526.02	6.435698	11.743886	153.95802	0.84571576
18960000	2579.8	579	3027	78592.63	6.621625	10.623007	134.77675	0.7025954
18976000	2648.7	748	3027	78659.46	5.913016	10.00331	186.95114	0.90065247
18992000	2628.86	751	3026	78724.72	6.3220263	13.792138	194.21269	0.7257514
19008000	2639.96	751	3024	78790.16	6.363505	9.984918	136.09846	1.0200493
19024000	2618.44	1126	3024	78855.65	5.599075	9.511492	179.75185	0.82364786
19040000	2599.48	597	3027	78921.7	6.234467	10.950172	160.68996	0.90591586
19056000	2719.72	1049	3027	78987.65	5.4113855	9.401047	156.56654	0.8218993
19072000	2627.98	231	3024	79052.96	5.2497735	9.83972	131.75148	0.8432103
19088000	2584.04	231	3024	79118.89	4.4608817	9.412011	138.8974	0.5987421
19104000	2390.32	231	3025	79185.48	4.375096	7.604005	133.53514	0.59156674
19120000	2591.86	811	3025	79252.2	4.6548047	9.961301	157.16762	0.6592831
19136000	2769.66	1317	3025	79318.09	4.970841	12.490427	184.70352	0.4848714
19152000	2403.26	812	3025	79384.75	5.0757627	12.602927	159.42986	0.6216755
19168000	2552.26	614	3024	79450.93	5.7054873	14.7821865	185.5657	0.4972363
19184000	2787.3	596	3026	79516.31	5.4931636	13.60003	168.47961	0.44843274
19200000	2791.4	596	3024	79583.47	6.749714	17.888376	201.43799	0.63354117
19216000	2865.1	596	3024	79649.44	5.1883416	13.590358	180.69124	0.32640624
19232000	2768.52	1049	3024	79715.23	4.1436615	11.305746	221.29033	0.5161129
19248000	2716.7	711	3025	79781.33	3.8551152	9.176394	208.54933	0.50312877
19264000	2680.94	580	3025	79846.63	3.693189	8.790769	161.24919	0.49092126
19280000	2485.48	231	3026	79913.06	5.21487	15.336045	245.64487	0.5212221
19296000	2088.8	231	3028	79979.57	5.813794	13.712439	226.72357	0.675616
19312000	2487.9	812	3026	80045.2	5.4472184	14.1233	239.70526	0.63983965
19328000	2506.14	812	3025	80110.94	6.213123	13.34626	207.83572	0.6234977
19344000	2547.8	1048	3024	80177.47	6.6466446	15.09674	256.72458	0.7772131
19360000	2766.66	1047	3026	80243.76	6.372243	11.527855	170.20055	0.9190509
19376000	2683.46	627	3026	80310.03	5.4133325	8.28538	102.50904	0.69118994
19392000	2399.6	627	3023	80377.79	7.162639	14.034324	197.11394	0.807448
19408000	2528.76	231	3026	80444.65	6.1792274	13.288802	162.48973	0.7013303
19424000	2717.94	231	3026	80510.65	5.6357503	11.370061	219.99911	0.80276513
19440000	2748.86	231	3026	80576.29	5.3469286	10.923872	149.45053	0.6528157
19456000	2714.02	231	3026	80641.43	4.6998906	10.584354	178.12532	0.6940236
19472000	2773.56	812	3026	80707.5	4.7318897	8.803216	122.10809	0.6850817
19488000	2513.46	231	3026	80774.52	4.713803	8.899604	115.7233	0.6241472
19504000	2479.52	812	3028	80840.72	5.160496	13.060261	151.57738	0.6301886
19520000	2680.46	1041	3026	80906.26	4.273418	7.550725	93.26907	0.58702666
19536000	2857.5	1041	3028	80972.45	4.8916974	10.574353	161.94894	0.73760515
19552000	2796.68	1325	3026	81039.63	4.970705	12.94284	273.11798	0.63521636
19568000	2673.36	811	3024	81106.09	4.393042	7.416776	102.28116	0.6052262
19584000	2765.8	811	3025	81172.13	5.1637945	8.900331	143.43921	0.5992559
19600000	2638.5	812	3025	81239.48	4.772852	7.3906455	96.356316	0.6031163
19616000	2529.04	811	3025	81305.65	5.3033743	9.675836	119.16876	0.6956779
19632000	2643.82	593	3026	81372.15	4.3201447	6.7702475	76.024635	0.674747
19648000	2655.78	593	3028	81438.16	5.240041	11.131704	149.70699	0.72944367
19664000	2528.5	811	3028	81505.98	4.650581	7.7090673	133.6054	0.65373486
19680000	2350.96	231	3026	81572.15	6.0943394	10.2582245	131.46793	0.74674094
19696000	2523.34	231	3025	81638.69	6.416111	12.922004	161.0516	0.92912734
19712000	2520.3	812	3025	81704.94	5.864674	7.9769425	104.36333	0.8116046
19728000	2540.26	812	3024	81772.39	7.0595245	11.898485	190.13509	0.8629532
19744000	2617.78	812	3026	81838.56	7.8822527	14.433591	177.69058	0.98549134
19760000	2724.74	752	3027	81905.09	6.1116104	10.638616	151.33684	0.7658046
19776000	2745.86	752	3027	81971.3	5.4014335	10.316894	133.91237	0.63004184
19792000	2707.02	1049	3029	82037.94	4.549161	6.7449193	97.37658	0.4962623
19808000	2867.54	1049	3029	82103.88	4.3631263	8.543377	131.56223	0.53393245
19824000	2725.9	1038	3028	82170.64	3.6236024	5.5451174	79.98534	0.52347946
19840000	2639.44	231	3028	82237.65	3.3431392	4.5996194	47.55364	0.5344424
19856000	2796.24	1320	3028	82303.96	4.304524	11.894268	195.00388	0.44961724
19872000	2767.9	1320	3028	82369.6	3.6086147	6.857574	137.44879	0.41881442
19888000	2812.68	231	3028	82436.87	3.3887212	5.051796	64.5879	0.49856877
19904000	2749.26	231	3028	82502.79	3.0344784	5.5670414	115.56914	0.4778096
19920000	2788.58	1317	3028	82568.84	3.004519	6.0524	133.742	0.52994186
19936000	2784.22	1409	3028	82634.39	3.0876496	6.1915135	114.088066	0.46015894
19952000	2765.8	574	3028	82700.08	3.0953913	7.262742	122.83946	0.46599153
19968000	2820.26	574	3027	82766.14	2.9382014	7.307123	158.58136	0.43368995
19984000	2818.48	711	3027	82831.38	2.9738622	6.6772847	133.94774	0.5308811
20000000	2786.24	1315	3028	82898.23	3.0011225	6.6204658	123.53974	0.4955344
