TotalEnvInteracts	AverageEpRet	MinEpRet	MaxEpRet	time	Averagemean_Q	Stdmean_Q	Maxmean_Q	Minmean_Q	Averageloss	Stdloss	Maxloss	Minloss
32000	433.11	105	1207	54.91	2.1123152694465945	0.8868593786237564	4.534422	0.72944957	0.38407244451028766	0.2582222134216768	2.4163668	0.061949298
64000	445.22	105	1099	110.39	5.4254248046875	1.272092896338181	9.724221	2.3733053	1.4781641845703124	0.84149053663258	5.3499546	0.19244386
96000	384.9	105	1205	166.09	8.968560546875	1.5591355966027298	14.727209	5.0920525	3.11814990234375	1.7193272468150516	12.993932	0.7602352
128000	382.7	108	1207	221.99	12.419486328125	1.7510098230422995	17.938795	6.4000053	4.85094384765625	2.673863843123374	18.236221	1.1254103
160000	343.76	113	1208	277.9	16.32026171875	1.8005248258320405	21.527044	10.729266	6.28211767578125	3.5817249903154207	24.621449	1.1594741
192000	380.85	111	1213	334.06	19.732314453125	1.7262236658472883	25.662884	14.103182	7.8195595703125	4.404286796690243	41.76959	1.4154398
224000	404.63	111	1008	390.36	22.4523984375	1.5369943274130844	27.001913	16.677227	8.848634765625	4.7063753303365	40.9253	1.363351
256000	357.07	113	806	446.6	24.71816796875	1.4061683570050165	29.604677	20.543156	8.736759765625	4.883780953958725	41.0336	2.3030019
288000	515.85	120	840	502.78	26.359646484375	1.294941989379978	30.755257	22.364119	8.113673828125	4.833110290291853	31.800186	1.6751087
320000	465.48	120	1120	558.78	27.491513671875	1.3651548282440806	33.196465	22.785479	7.09150390625	4.489758310588667	31.299246	0.9952711
352000	259.29	120	804	614.95	28.25190625	1.4739765715891653	33.703804	23.70685	6.1637197265625	3.7339187744329014	30.648506	1.3261998
384000	524.54	120	1019	671.1	29.3029140625	1.5647146024465213	33.556187	24.711634	6.373021484375	4.043485066668975	42.045856	1.0742211
416000	599.13	120	1431	727.28	30.58512109375	1.525702322907388	34.62838	24.504326	6.044142578125	3.8456687284203253	39.51849	1.1782912
448000	576.56	120	1208	783.26	31.32685546875	1.5606906711753452	35.77909	26.250483	5.75514892578125	4.036954781298646	29.07508	1.0045835
480000	593.59	120	827	839.18	31.24627734375	1.6120786604325097	36.08803	25.731096	4.84413671875	3.3494920032278777	27.904348	0.81271553
512000	499.38	120	803	895.17	31.18202734375	1.6463424186283364	36.439857	25.821114	5.03541796875	3.7553888363923114	34.35717	0.75671816
544000	554.95	120	806	951.18	31.187701171875	1.4637150234666154	35.96737	25.950739	4.367439453125	3.334054284013684	27.136734	0.72193265
576000	596.36	120	806	1007.18	30.26158984375	1.4400485221317196	35.497955	26.21498	3.587739013671875	3.000636000292271	25.996277	0.52551454
608000	614.53	120	808	1063.16	29.057578125	1.456011498039035	33.197285	24.87645	3.328561767578125	2.8008799015052843	27.85365	0.4413674
640000	598.45	120	807	1119.01	27.283283203125	1.3724885622531158	32.28318	22.731455	3.2617119140625	2.702734617764478	23.114613	0.41052204
672000	688.27	382	808	1174.94	26.968544921875	1.5528036639414529	32.25685	21.643997	3.614365234375	2.756537063424189	26.971468	0.4616322
704000	702.18	-101	807	1230.76	26.385421875	1.5136181139646403	30.980661	22.09089	3.701162353515625	2.6895429190256936	17.885029	0.5466209
736000	632.61	-101	808	1286.74	26.15682421875	1.5790142142083063	31.119102	20.093735	3.725110595703125	3.073671905778982	22.20342	0.41104499
768000	686.66	-101	805	1342.71	25.989734375	1.6534568871713513	31.031796	20.17064	3.81863330078125	3.4898527570121063	26.364069	0.3902189
800000	695.18	120	807	1398.64	26.55641796875	1.8151604935067036	32.700752	20.632952	3.403462890625	3.357562447064462	24.205364	0.40429133
832000	702.73	120	806	1454.49	26.019091796875	1.857574693043156	33.536884	20.378334	3.424693603515625	3.991972413481837	31.049576	0.3616706
864000	688.81	120	806	1510.56	26.723060546875	1.6899076429784188	32.756126	21.737497	3.99126123046875	4.737588843164316	38.98857	0.36657202
896000	790.5	120	809	1566.6	27.92928515625	1.8747238077830959	33.69198	22.053099	4.35517431640625	4.631286690138066	32.082615	0.33989957
928000	792.05	120	852	1622.91	31.30544140625	2.1237328482974265	36.941757	24.744797	4.2174619140625	4.596894332046365	36.513996	0.35189256
960000	779.25	380	807	1678.9	33.15959765625	1.6248400612396823	37.420555	26.66006	3.8247333984375	4.152131888409857	30.616297	0.22632329
992000	758.78	372	831	1734.93	33.16127734375	1.7543682228449433	38.09384	28.15944	3.74303662109375	4.688490728635389	37.033386	0.16810244
1024000	672.39	120	795	1790.99	33.22198046875	2.032365559053046	38.738617	25.681286	4.74465869140625	6.274761885422426	38.74939	0.17545152
1056000	736.63	120	804	1846.89	32.49312109375	2.064232463668397	40.47969	26.31345	6.0347998046875	7.66207380543936	53.21411	0.25257462
1088000	749.8	407	807	1903.03	33.19616015625	2.2337254300551357	40.529408	25.69677	5.7215283203125	6.84251330150333	49.106297	0.2463707
1120000	671.75	120	806	1959.13	33.6582578125	2.1693573537167636	40.49657	26.074932	5.5032998046875	6.451985522883634	42.21364	0.32868314
1152000	661.82	194	807	2015.43	35.3186015625	2.049022966486101	41.5177	29.186802	4.66040234375	5.943459837817532	40.604965	0.3063218
1184000	771.98	346	807	2071.41	35.4353828125	2.09069705126215	42.152073	28.876556	4.77141796875	6.265485191707024	43.542965	0.2590176
1216000	722.19	133	808	2127.6	34.1781796875	2.085155284048109	39.971455	26.644299	5.310818359375	7.639763371662763	45.029617	0.2635016
1248000	766.82	194	803	2183.55	32.94642578125	2.1643888517460304	40.678146	26.18168	5.7707275390625	7.986447504992442	77.04236	0.31150842
1280000	746.31	120	825	2239.8	30.54641015625	2.1485279526413543	37.405525	24.746914	5.34300830078125	7.3001653448740464	41.667347	0.24578756
1312000	747.88	120	807	2296.14	31.2213359375	2.1706685048188494	38.595543	25.07946	5.171041015625	6.870510750209914	53.84396	0.32632214
1344000	737.61	120	807	2352.11	31.7214375	2.3039300662129483	38.406128	23.697483	4.6604072265625	6.494737653477622	44.700523	0.33005083
1376000	704.96	133	807	2408.42	34.165890625	2.206194780647495	41.67415	27.258736	4.8962919921875	6.9613924163919965	40.402744	0.23353344
1408000	782.58	379	808	2464.63	35.54683984375	2.05957036250889	41.504097	28.736044	4.27999609375	6.664201236832513	47.25954	0.19422698
1440000	755.74	120	806	2520.62	35.700796875	2.1101574937519474	41.319996	28.431143	4.62608349609375	7.381380185134756	36.672813	0.15197968
1472000	749.05	120	808	2576.58	35.230609375	2.381806652456807	42.088886	27.919289	4.8340634765625	8.192559505429301	63.02615	0.13495591
1504000	758.39	120	809	2632.65	31.718666015625	2.2736780371033736	38.369415	25.641106	5.36119970703125	9.699629503233616	78.736565	0.14385018
1536000	777.8	360	807	2688.77	30.025939453125	2.1953352979243284	36.786606	23.218346	5.3721474609375	9.901408517226223	80.95636	0.10077338
1568000	774.95	120	1220	2744.92	28.943142578125	2.1390790494246583	35.205086	21.926622	4.9629072265625	8.193607931644033	56.900986	0.18863763
1600000	783.43	389	1029	2801.0	29.45402734375	2.289431497562495	36.95752	20.913921	5.5203837890625	9.15318378693993	64.31971	0.23398799
1632000	723.29	120	806	2857.32	29.167146484375	2.353840051550073	36.374302	21.457144	4.8888466796875	8.284742659702836	68.92455	0.15966424
1664000	788.07	589	837	2913.35	30.973533203125	2.4981711083748346	38.47638	23.635525	3.99838037109375	7.407751957409211	58.552418	0.20258611
1696000	779.77	120	837	2969.7	32.93109375	2.483896966587986	41.015984	25.296158	3.3657333984375	6.344331254159102	35.58655	0.19507279
1728000	794.53	405	1030	3026.19	35.904796875	2.3777115483235662	43.449127	27.033514	2.405156494140625	4.326480508883635	40.395607	0.21098936
1760000	777.19	408	854	3082.74	37.340171875	2.512083687524164	46.794594	29.251373	2.30652197265625	3.860027399311759	42.906742	0.14360912
1792000	768.8	120	807	3139.1	38.56471875	2.456139668323546	45.81675	30.008364	2.528470458984375	4.120609168784999	42.904156	0.20134847
1824000	772.04	120	1084	3195.23	37.78667578125	2.5806300329933967	45.60348	29.834534	3.04334814453125	5.101620261924147	37.592148	0.20198725
1856000	768.09	259	807	3251.48	36.20059375	2.631220586979311	44.757057	28.307585	3.3733671875	5.561279184852618	44.81075	0.21667284
1888000	757.86	120	1030	3307.59	33.50028125	2.773371566117674	41.470387	23.897099	4.5815947265625	6.458769474520669	43.164524	0.22305903
1920000	766.2	391	875	3363.63	30.92498828125	2.704752761344371	39.938896	23.221022	4.366	6.2706979152044955	43.98967	0.2684554
1952000	790.27	630	1015	3419.91	28.3121171875	2.4133366627257478	36.504936	21.490913	4.76057958984375	7.358817521348114	49.091076	0.21328029
1984000	780.44	120	1037	3476.11	28.779228515625	2.3573439105272698	35.988865	21.571857	5.0417490234375	8.025905322765775	53.270298	0.2727778
2016000	798.32	734	1028	3532.52	30.29958984375	2.5992041675650452	38.4505	22.732546	4.2532734375	7.840470928139458	60.43919	0.253511
2048000	802.11	648	1020	3588.91	34.45830078125	2.4127445836186743	42.00323	27.287056	3.295494384765625	6.286770583932581	57.474617	0.21275079
2080000	792.24	585	807	3645.42	36.809921875	2.576041203329248	45.356194	28.670372	2.317256103515625	4.4287087212301515	32.631054	0.115432225
2112000	829.23	776	1220	3701.69	38.781765625	2.188344814544488	45.736534	31.42913	2.0352349853515626	3.4873532675225207	31.931192	0.15842569
2144000	831.11	523	1035	3757.88	37.16017578125	2.5948758851580935	45.15825	27.845093	1.76066455078125	2.7554125534742977	29.705233	0.13165979
2176000	795.81	588	807	3814.29	34.304453125	2.4657600565038766	41.91515	26.991688	2.00902197265625	3.5165977820810697	38.864452	0.14055207
2208000	789.23	523	1079	3870.69	33.37659375	2.7631221018985026	43.90384	25.324972	2.4117529296875	3.949385088608732	36.859234	0.13466018
2240000	803.19	716	1217	3927.14	36.10626953125	2.825781487593299	44.500305	27.656517	2.0202652587890624	3.8104190017306494	35.346138	0.0996906
2272000	780.61	120	1204	3983.52	39.056828125	2.474554193593515	45.41738	31.158442	1.7404207763671875	3.3047128397373653	37.963818	0.1214203
2304000	800.42	382	1215	4039.91	40.03229296875	2.3295127994523877	47.229004	32.25543	1.99637255859375	3.406786941624762	29.148636	0.13315874
2336000	801.42	727	1084	4096.05	39.6981484375	2.387658289909802	46.746464	31.421326	2.7443671875	4.647850015396904	28.641102	0.22930989
2368000	794.88	589	1030	4152.69	38.95604296875	2.336800112466832	47.34006	31.388058	2.9350400390625	4.713402599237625	44.362488	0.19892111
2400000	794.92	120	1202	4209.2	39.6216484375	2.3579687448230735	47.1197	31.256952	2.156876708984375	3.8187765956520683	26.967258	0.1678982
2432000	800.23	589	1030	4265.82	40.736875	2.3089645694147194	48.934975	33.93067	1.5783863525390625	2.830824160856251	20.226656	0.10043007
2464000	799.22	760	850	4322.35	41.7591875	2.3724130647928914	48.835304	33.447777	1.157005126953125	2.2399867248141785	21.500263	0.11613159
2496000	809.76	396	1030	4378.55	40.275609375	2.524496971861424	47.50432	33.19207	1.62305859375	3.406769599130898	31.995304	0.1286809
2528000	777.95	375	1204	4434.84	39.22571875	2.5241502476390445	47.82158	30.552563	2.051668212890625	4.5144111690368876	41.098663	0.121972665
2560000	804.61	670	837	4491.34	38.5509296875	2.570369490249651	46.503746	31.300337	2.746689453125	5.361312149907894	53.126247	0.15376571
2592000	927.5	588	1030	4547.87	39.4348046875	2.458777822192613	46.67524	30.796974	3.4345185546875	6.261678464078142	41.769142	0.16155711
2624000	789.05	578	807	4604.25	39.4011484375	2.4281246983590545	46.621147	30.699562	3.44917236328125	5.64639438325468	54.880875	0.21346085
2656000	783.08	120	807	4660.86	39.5526875	2.4014764948815865	47.11454	30.219196	2.8254990234375	5.0049241377867055	40.093445	0.1806393
2688000	876.44	778	1232	4717.34	39.7120546875	2.5487714373485413	48.388924	31.790894	2.338595703125	4.289204517229856	26.112497	0.16890013
2720000	981.04	120	1440	4773.47	35.50019140625	3.3208297391239436	45.011726	23.712608	1.5341873779296875	3.0087577248550605	23.266703	0.14953496
2752000	923.22	120	1456	4829.47	27.60685546875	4.041992590488323	38.767967	14.5887575	1.15330517578125	2.2146066065725982	33.2198	0.1451625
2784000	776.87	120	807	4885.97	24.316322265625	3.5857850593959895	36.209194	14.924234	1.87047509765625	3.7431343400284205	59.44903	0.22044772
2816000	924.7	757	1232	4942.64	29.47716015625	4.131505759859231	43.061012	18.163837	1.89714501953125	2.932579988785472	40.66657	0.18990374
2848000	940.92	731	1232	4999.13	37.7206953125	3.8212026698082897	49.004715	22.351582	2.2939892578125	3.710699005494113	43.5989	0.22412229
2880000	821.36	778	1216	5055.69	42.907390625	2.6493725303715783	51.03447	34.303856	2.89973291015625	4.208052177076706	37.53052	0.16777825
2912000	970.69	777	1232	5112.26	43.357421875	2.4620409232611267	51.155796	35.716747	3.4916123046875	4.82240336541335	30.529423	0.20119046
2944000	889.37	194	1232	5168.9	44.3054296875	2.464349123310758	52.31195	36.202873	3.3186494140625	5.1650201929663355	46.85869	0.28264874
2976000	891.03	194	1232	5225.32	44.38134765625	2.3707754368296885	51.764465	36.96405	3.393983154296875	5.252112298280569	64.55304	0.31676313
3008000	817.87	194	1232	5281.77	43.415375	2.357843563413665	50.90383	34.750153	3.7012880859375	4.845059903525446	46.410156	0.33653337
3040000	686.66	194	807	5338.23	42.1416015625	2.4275731354842844	50.119713	34.977425	5.73446044921875	7.729957955901183	54.477104	0.4271999
3072000	783.21	120	1216	5394.75	41.854171875	2.2881255548346773	51.152176	34.97873	5.804771484375	8.170512434205092	60.105286	0.5633286
3104000	802.01	587	1224	5451.17	42.02509375	2.3645206718936715	48.69294	34.15921	4.511623046875	6.325682707720172	56.34248	0.5030321
3136000	804.33	386	1224	5507.6	42.163328125	2.3486981101239897	50.795853	34.252747	4.2256396484375	5.927566690894333	52.908615	0.40702742
3168000	781.07	194	884	5563.85	41.780546875	2.459149846745822	50.00587	32.9329	4.87786083984375	6.517433951525708	49.165276	0.3894387
3200000	798.56	194	883	5620.26	41.6894296875	2.4433931165236182	49.292454	32.781685	4.8707138671875	6.790331476629105	41.50357	0.28036797
3232000	794.81	588	1024	5676.62	41.5571484375	2.3213106018273924	50.28009	33.93183	3.97648583984375	5.766875372547945	41.06085	0.24687168
3264000	817.88	120	1034	5733.02	41.77047265625	2.292265570415544	48.792194	34.13769	3.062217529296875	4.647739285797989	26.67624	0.28672445
3296000	798.36	120	1199	5789.34	41.72684375	2.33760548725881	49.280437	34.246063	2.0867294921875	3.416593098166286	30.199528	0.2412112
3328000	849.23	399	1217	5845.74	41.7722421875	2.3062455538575026	48.62233	33.747963	1.9762347412109376	3.7922538750886656	80.649574	0.20902058
3360000	851.13	589	1217	5902.14	41.5533671875	2.422091522579194	49.415085	34.49715	2.3067509765625	3.401996484143539	21.423952	0.21531615
3392000	843.1	769	1214	5958.59	41.05935546875	2.372619180851354	48.49866	33.249474	2.74594140625	3.335365949281278	29.478228	0.2619295
3424000	806.21	770	854	6014.92	40.30496875	2.5942365883940695	49.4095	32.32556	2.8467626953125	3.4064178571026047	32.5045	0.26124978
3456000	911.44	523	1219	6071.41	39.65224609375	2.656741774329743	51.12017	31.720613	2.261935302734375	3.128751966389714	21.938179	0.20668525
3488000	882.02	120	1218	6127.62	38.8681953125	2.793498485602328	49.386932	29.863071	2.155963623046875	3.3019781298961535	28.963186	0.17171574
3520000	874.0	412	1443	6183.96	36.92878125	2.918976336245722	46.43073	25.992043	2.752345703125	3.7966557292652308	31.924372	0.1808732
3552000	1016.26	723	1528	6240.67	35.9244765625	2.731212635613987	44.987373	25.847008	2.85105810546875	3.576833555150421	21.909372	0.22649296
3584000	1013.58	586	1528	6297.77	35.36732421875	2.4288048034861713	43.20837	28.203964	2.3411689453125	2.723985081927304	19.918077	0.3198325
3616000	1040.51	586	1528	6354.92	33.03073046875	2.234103895266232	40.93461	27.40667	1.513468994140625	1.9088777994216917	15.36836	0.21545234
3648000	1062.05	586	1539	6411.9	28.97858984375	2.15493494772029	36.59964	21.862627	1.7277508544921876	2.6538702575201376	26.249292	0.20352896
3680000	950.31	570	1435	6468.84	26.44353515625	2.0407101819893487	34.409584	20.711535	1.982937255859375	3.1741037428402525	29.767757	0.21656422
3712000	940.91	349	1768	6525.32	30.5538671875	3.1407587036216267	41.253567	20.913738	3.432498046875	4.125902836804328	40.621277	0.3350129
3744000	850.35	396	1275	6581.75	37.20440234375	3.0772422592111592	46.85573	28.068346	4.47154443359375	4.642391288441766	35.969143	0.46462336
3776000	894.07	306	1987	6638.25	42.8835625	2.7589499247902274	50.458786	34.661793	5.6052666015625	5.119100262741491	47.406326	0.6431992
3808000	878.7	120	1760	6694.87	44.7080546875	2.3061619224373646	51.142635	36.297325	5.2059248046875	4.762144015566938	48.279846	0.75065744
3840000	944.31	585	1810	6751.43	41.943421875	2.8314417705472947	50.601715	32.686512	4.39579248046875	3.9957699801633977	42.465553	0.58887416
3872000	889.56	120	1207	6808.03	40.28210546875	2.8971665845701726	49.067947	30.886112	4.2662080078125	3.813496795921035	35.264683	0.5980195
3904000	828.35	120	1834	6864.61	41.49485546875	3.133640398711617	51.289978	30.490498	3.822300537109375	4.427240340353118	31.71508	0.3791789
3936000	899.48	759	1836	6921.14	45.80144140625	3.100993886794603	54.88593	31.896088	4.6311064453125	5.34629909961087	49.118267	0.4331208
3968000	909.22	629	2138	6977.72	46.9818046875	2.940868746539872	54.980286	36.785053	4.068238037109375	4.938934127167521	53.44034	0.5768621
4000000	922.79	589	1835	7034.28	45.96298828125	3.0908321151532157	54.554176	33.867115	4.6349326171875	5.0949162775260595	51.358418	0.6736007
4032000	913.3	396	1222	7091.07	45.07373828125	3.255034862044491	55.34411	34.643974	4.163947265625	4.0169455513486865	42.192574	0.6746038
4064000	903.14	120	1275	7147.6	44.246859375	3.3016183295090302	53.990875	32.742844	4.27311328125	3.9286500245790537	39.25734	0.64372087
4096000	892.43	120	1232	7203.93	44.67421484375	3.327827451487682	54.439835	34.988533	3.767245361328125	3.8737646720438503	42.89632	0.51247805
4128000	1184.23	587	1999	7260.5	45.4058828125	3.0788320888366094	54.88447	35.20616	3.51969873046875	3.895117260951524	39.12448	0.5339711
4160000	1150.88	589	2134	7317.04	45.979171875	2.9351736133702553	54.98049	37.587875	4.13267578125	4.318210892545662	43.778973	0.495787
4192000	945.68	774	2021	7373.52	46.589515625	2.955351178106842	61.959366	37.304493	4.26973779296875	4.377425443754011	42.450424	0.6579468
4224000	932.55	120	1993	7430.03	46.68620703125	2.9863154686209894	55.61611	37.23558	4.7343681640625	5.555038534969852	51.107094	0.41633552
4256000	1017.45	589	1838	7486.37	48.06234375	2.8179752261153754	55.982586	38.807228	4.25882421875	4.984041720832602	73.220436	0.67204916
4288000	1020.74	363	1993	7542.92	47.78530078125	2.8322149293883045	55.045254	39.264786	5.48447119140625	5.897900182480202	76.19821	0.6531827
4320000	980.07	404	1835	7599.47	42.65615625	3.9779653100313106	52.709774	29.088097	5.62665234375	5.2431067096474395	43.96902	0.82208574
4352000	1217.58	523	1998	7656.05	35.84378515625	3.524557818010651	45.8253	22.995403	5.27301123046875	4.777824753483535	39.52398	0.8187684
4384000	1307.07	120	2155	7712.59	36.967515625	3.6025578207105156	46.598686	24.311756	5.4280966796875	4.911341705048631	71.73069	0.718403
4416000	1225.93	758	1994	7769.12	40.77360546875	4.04179724874962	53.817604	27.310322	6.92465625	6.590297674422605	84.54341	1.097163
4448000	1127.35	786	2015	7825.84	48.54562109375	3.0259752753761058	56.657364	38.81101	7.8564150390625	7.071572712275537	64.56353	1.0773242
4480000	1183.94	586	2129	7882.46	51.34003125	2.500443612985254	59.06476	43.655403	8.2662373046875	7.8938390731316534	75.74377	1.161694
4512000	1088.36	120	2105	7938.98	52.9464921875	2.439060598173506	59.557095	45.0642	8.27126953125	8.34148471121898	92.46741	1.0130556
4544000	1159.37	120	2183	7995.55	54.631390625	2.524909690526079	63.07212	44.64782	7.98740966796875	8.425133530099092	84.93264	1.0609107
4576000	1440.14	120	2193	8052.24	55.253640625	2.4768622649811394	61.912273	45.666897	6.22139453125	6.262829332657884	60.297024	0.74784696
4608000	1687.82	582	2071	8108.93	54.9535859375	2.4450953378012685	63.11459	46.775444	5.1671083984375	5.786982968265933	61.531265	0.7084752
4640000	1624.94	582	2131	8165.44	54.5076875	2.6164484964116914	62.34823	45.645172	4.14470751953125	5.201640366269087	97.09815	0.51574373
4672000	1649.75	582	2023	8221.96	54.0510390625	2.8636107629289462	62.70508	43.85472	3.85811279296875	5.1353141259201465	99.18716	0.5896266
4704000	1564.6	523	2342	8278.54	56.2412890625	2.888361951976414	65.43342	46.21147	3.809962158203125	4.452760730715272	39.75735	0.48493242
4736000	1599.96	575	2157	8335.24	58.87907421875	2.791991721591864	66.529236	49.5144	4.37693359375	6.077708372610519	89.84854	0.6302403
4768000	1662.6	783	2344	8391.91	60.67330078125	2.686308056899376	68.61028	52.40326	4.1379453125	5.307194593485809	58.347424	0.6086127
4800000	1496.67	412	2158	8448.31	61.6203984375	2.71878017224637	68.91024	51.8163	4.728875	5.825811370530289	72.42515	0.6443809
4832000	1770.25	523	2198	8504.81	60.15909375	3.1007704435752736	70.04861	48.919197	4.91387744140625	5.3400846347459705	36.788353	0.71103346
4864000	1922.89	586	2345	8561.33	58.81571875	3.252495135949476	67.11726	47.212868	4.81637548828125	5.815475716783624	44.720882	0.6081615
4896000	1842.47	784	2360	8618.08	57.9132265625	3.3087561390196165	67.30597	47.20237	4.615029296875	6.078486011129745	60.316216	0.516708
4928000	1841.57	120	2230	8674.86	60.22575	3.4487067322403626	71.566895	50.234604	3.54899267578125	4.930767561952195	47.479053	0.38105237
4960000	1875.91	582	2230	8731.4	62.55237109375	3.104679243194859	71.00804	51.968338	2.68825634765625	3.327760249965433	35.328514	0.2852238
4992000	1744.72	120	2336	8788.22	64.633890625	3.126104023731056	73.078415	54.590744	2.6888623046875	3.4484692879142043	41.191982	0.39742398
5024000	1648.53	388	2360	8845.07	64.84534765625	3.1991601986400275	74.46588	56.0626	4.36425634765625	5.580723309415188	52.89596	0.49919802
5056000	1680.89	120	2203	8901.72	65.913484375	3.1974336633071845	74.706215	53.081474	4.88843505859375	6.696778026596074	118.33136	0.6120658
5088000	1459.27	120	2304	8958.2	66.15734375	3.034778230159495	76.884125	54.549026	5.969091796875	8.148241758195445	117.04346	0.8953301
5120000	1599.92	120	2338	9014.89	65.81509375	3.184893542176881	77.089096	55.60343	6.7686982421875	8.612245097824376	112.22803	0.6944761
5152000	1699.62	120	2315	9071.52	65.7049609375	2.9966428155625255	74.630905	56.420982	6.7053154296875	8.826832316862035	108.743484	0.7276653
5184000	1662.2	412	2336	9128.06	66.890375	3.026062571643224	76.54961	58.445015	6.66327490234375	9.463218268644129	114.32121	0.77266836
5216000	1668.92	712	2180	9184.68	67.3309609375	2.9539846632345608	76.312164	57.452698	7.060478515625	9.162618945339808	85.47111	0.8146269
5248000	1536.88	120	2230	9241.29	68.0138046875	2.9278796922325037	75.71759	58.148598	6.9235390625	9.06108911431181	114.13548	0.88538307
5280000	1588.65	582	2360	9297.88	68.588703125	3.067418881364265	78.71825	57.58831	7.2660341796875	9.381520648993957	56.354908	0.69850016
5312000	1818.35	120	2799	9354.76	69.5556015625	3.244756437074669	77.611404	58.484512	5.16264599609375	6.213125597273888	58.40312	0.6683187
5344000	1792.38	120	2360	9411.5	68.518125	3.2270378735769434	80.030556	59.399582	4.9007294921875	9.506875390342508	244.10278	0.7595831
5376000	1654.57	120	2360	9468.29	67.802953125	3.277079790472762	76.70355	57.36389	5.052583984375	8.555588451415835	167.70465	0.69674134
5408000	1705.63	523	2348	9524.81	67.1048828125	3.399106615163755	77.70943	56.465473	4.60835693359375	7.4727776796851115	110.3344	0.54172266
5440000	1616.69	120	2356	9581.46	66.510515625	3.294585698062049	75.90808	55.601692	5.1708427734375	9.338273060368282	119.76432	0.5388365
5472000	1639.42	579	2186	9638.17	66.79684375	3.355056817700708	76.9855	55.336327	5.0432001953125	6.539376821895952	83.33684	0.5977123
5504000	1742.99	120	2316	9694.72	64.5156484375	3.413418632077305	77.049614	50.949615	5.7026591796875	8.912075726226748	105.81274	0.7279702
5536000	1888.23	523	2348	9751.42	63.22326953125	3.4477016234551097	74.885056	52.512646	6.55048046875	10.795004269915784	131.3854	0.69611466
5568000	1690.17	800	2209	9808.14	63.10562109375	3.5204760975079776	76.02066	51.242786	6.5370576171875	10.591819514370512	108.347466	0.70701194
5600000	1781.7	120	2353	9864.85	63.49523828125	3.60134116727713	74.160995	51.148357	6.584853515625	10.18520296189526	127.19141	0.5688081
5632000	1752.57	523	2403	9921.19	64.89044140625	3.3711934552173064	75.73316	54.377045	6.838384765625	9.436921339875628	84.82561	0.58724844
5664000	1773.95	718	2346	9977.58	63.87513671875	3.2236193447253507	74.35843	52.399696	7.20024462890625	9.344675121426105	93.45158	0.7786004
5696000	1432.78	120	2416	10034.14	64.1831015625	2.9460358030962555	73.67236	53.732513	7.8837158203125	11.172168615022779	95.13239	0.8194103
5728000	1488.4	120	2354	10090.77	65.1929453125	2.8448249170368554	73.781784	55.498093	9.426783203125	12.182944020227623	92.53606	1.2713704
5760000	1687.8	133	2411	10147.34	64.672359375	3.069819378338895	72.260185	54.70225	8.5454833984375	11.170198563029217	90.74405	0.9779435
5792000	1541.69	120	2699	10203.86	62.51709375	3.7160947716066794	72.43194	51.76579	7.75601904296875	10.450690019084863	80.766594	0.7687586
5824000	1775.98	120	2348	10260.44	61.19224609375	3.794543136819965	71.693344	49.832413	6.4821787109375	9.052547120838423	84.40966	0.95233876
5856000	1945.08	523	2414	10317.13	60.07394921875	3.792786893812385	70.72139	47.634247	6.2469833984375	8.592203042584597	75.48371	0.7921927
5888000	1952.75	120	2417	10373.89	61.82670703125	3.639062164555588	72.57757	48.673996	5.6241962890625	8.088567114684157	64.637985	0.65989566
5920000	1540.55	120	2353	10430.67	62.442265625	3.483412002575564	72.843506	51.88128	4.3224609375	5.363220741191808	56.430454	0.66055995
5952000	1842.47	120	2406	10487.62	64.59175390625	3.3244705581772718	74.15285	53.893715	4.4725205078125	7.289967956891169	94.450264	0.43034595
5984000	1686.12	120	2695	10544.47	65.9339140625	3.224506381797065	74.52611	54.54625	5.7436083984375	11.32510899506049	105.333786	0.6401794
6016000	1801.41	120	2420	10601.13	66.48309375	3.3721286975922196	75.15747	54.924828	5.3928427734375	9.609668796321754	103.26091	0.48654172
6048000	2004.71	120	2418	10657.92	66.03009375	3.3720657093890534	78.2692	55.51287	3.962552734375	6.582154496249689	105.05143	0.48329517
6080000	2084.76	523	2419	10714.81	66.1311875	3.270899000800468	76.68733	55.60423	4.46257080078125	9.079518933429238	111.98971	0.6569427
6112000	1905.17	586	2644	10771.68	66.179625	3.143594988723102	75.502075	54.569195	3.81663671875	6.39058572726319	94.98887	0.5091822
6144000	2036.43	120	2749	10828.57	66.351609375	3.176821420215102	75.07036	54.884487	3.786916259765625	7.273204514259859	96.75496	0.57082886
6176000	1964.27	774	2419	10885.18	67.4815703125	3.024916869983785	76.23613	55.587456	3.840075439453125	5.828359412175952	82.45567	0.47339773
6208000	1853.76	767	2419	10941.96	68.790609375	2.998790771919575	79.21841	57.55123	3.90572900390625	6.00903551433173	109.06207	0.48757762
6240000	1869.15	120	2780	10998.57	68.525453125	3.124372124423562	78.17363	58.920982	4.2195478515625	7.1286385994276635	135.05826	0.50325
6272000	2024.08	120	2780	11055.27	67.8573984375	3.209898630603465	77.93245	55.466873	4.05057958984375	7.214963292526165	124.86368	0.46048665
6304000	1976.16	785	2745	11112.24	67.5081640625	3.4085648670848263	77.10645	54.421738	3.8162978515625	5.683927277585015	50.557297	0.40584186
6336000	1984.69	574	2789	11168.98	66.6428828125	3.4708878547138338	77.290665	55.603127	3.9184873046875	6.45411145607976	79.32089	0.37258744
6368000	2045.83	574	2695	11225.72	64.0186484375	3.737891388369919	75.31309	50.12628	3.990224609375	5.397580657398739	42.439285	0.4417539
6400000	2115.29	795	2790	11282.88	62.00819921875	3.7997751269812006	76.88061	50.723633	5.2051083984375	9.809136366163944	133.08377	0.43533832
6432000	2035.4	579	2804	11340.17	62.43486328125	3.874020289457065	73.32466	48.75923	5.0485849609375	10.281458964441768	156.13193	0.5929277
6464000	2051.59	588	2804	11396.95	63.194421875	3.792414174828153	73.52482	50.034927	4.3033759765625	8.774322445351551	138.85666	0.3566762
6496000	2032.84	579	2748	11453.53	60.881890625	4.241237289989797	74.76984	44.958282	3.580983642578125	7.558248805113523	128.32379	0.4301678
6528000	1968.48	579	2421	11510.18	59.15740625	4.193501995274952	71.78898	44.14978	4.699931640625	9.832092700691954	130.54247	0.4050104
6560000	1950.8	757	2779	11567.1	57.47425	4.5078616223493375	71.22351	43.004135	4.83636474609375	7.665974436593172	95.26365	0.5994911
6592000	1965.38	120	2779	11623.93	51.5116171875	5.3201065029870405	66.91597	36.313587	4.9494326171875	8.126864209213785	85.69565	0.35991007
6624000	1969.06	120	2769	11680.49	44.52261328125	5.3700725961107825	58.67885	25.706413	4.48662548828125	7.67069912067994	121.58716	0.54704154
6656000	1704.61	523	2422	11736.76	35.9462109375	5.510309939105059	55.19836	18.36858	3.332408935546875	5.714733391364378	63.59287	0.36242402
6688000	1706.05	790	2800	11793.19	31.01697265625	5.0775895871589505	47.541264	17.780416	3.343405517578125	7.621322627585713	120.27233	0.3461558
6720000	1755.36	781	2800	11849.74	24.343828125	5.761976318395451	47.00702	7.0712814	2.86480322265625	6.27569841730783	72.773155	0.31420457
6752000	1721.0	781	2800	11906.36	20.57857421875	4.99151428363678	38.05728	5.8915453	2.871318603515625	6.534899697967828	134.06314	0.27724448
6784000	1666.01	582	2731	11963.09	19.85756640625	5.204766445288396	37.81225	1.8743426	2.53455078125	4.2895967904920855	54.43002	0.34701073
6816000	1819.91	582	2803	12021.44	23.21034765625	6.197398962972289	43.812897	2.5321226	3.695803955078125	7.801531300007711	126.64052	0.27733058
6848000	1782.42	120	2803	12080.61	33.29124609375	6.530084824295929	53.943153	14.154337	5.2332001953125	8.552026441142473	116.10318	0.4315061
6880000	2111.38	120	2805	12140.96	46.2011796875	6.790434160917106	65.49332	23.65916	5.75339990234375	9.159236714240986	129.00594	0.5793207
6912000	2313.07	564	2805	12203.19	57.3509609375	4.6990486902936	70.756294	40.38055	5.8653076171875	8.741206295472038	56.722393	0.7601107
6944000	2315.19	738	2803	12266.03	58.8271796875	4.039822643654978	71.965515	43.253647	4.9683720703125	7.99039804624901	66.48738	0.5352407
6976000	2090.93	523	2805	12326.49	56.639484375	4.253347716431729	69.45067	42.104935	5.2089931640625	8.483054340124198	90.94994	0.5092646
7008000	2409.42	807	2805	12389.67	56.9941640625	4.262292883531116	70.41708	44.979904	5.107544921875	9.793053181975477	111.27644	0.46260953
7040000	2213.75	783	2806	12450.99	60.47481640625	4.239497362969459	73.27428	48.470917	5.6640224609375	10.33806981500899	83.19811	0.46340263
7072000	2287.05	579	2803	12512.81	62.081046875	3.935235335839205	73.925896	46.77889	4.74260888671875	7.983264722217346	75.66079	0.5573679
7104000	2025.78	579	2804	12575.08	59.92120703125	4.028329004725471	73.294395	46.83354	4.31747119140625	5.97467212751043	68.36942	0.45422775
7136000	2273.82	797	2804	12636.88	58.36927734375	4.27537461808904	72.36172	45.10986	4.14130908203125	6.727947774024409	73.29204	0.5039595
7168000	2195.64	798	2804	12697.56	59.6920546875	4.82851778337566	72.359085	42.104694	4.58632373046875	6.702094472066176	82.57865	0.55276704
7200000	2181.44	785	2805	12759.77	63.204625	4.131176720227543	75.44092	50.172745	4.7134931640625	7.357167264392594	102.14056	0.625255
7232000	2247.29	579	2805	12822.73	65.173609375	3.854518199058736	77.27406	53.28923	5.02281005859375	7.04898097688595	57.144054	0.47528443
7264000	2156.98	789	2805	12884.84	64.396390625	3.9385983091228027	76.19505	50.28421	5.29065673828125	9.694250873584817	110.780174	0.4712919
7296000	2270.76	789	2806	12947.04	63.42515234375	4.2116083069594685	74.311356	47.463345	4.29655859375	7.280473939329087	111.65847	0.43421617
7328000	2134.85	523	2804	13007.74	64.857125	4.372146390790226	77.11667	49.14659	3.987807373046875	6.4539192913105135	89.29938	0.3756491
7360000	2097.3	120	2806	13067.47	68.2233203125	4.01919333188421	79.99034	53.477448	4.0069052734375	6.507856129805729	70.89566	0.44814938
7392000	2099.74	120	2806	13129.16	70.73128125	3.641742317816432	80.33431	57.653454	4.347384765625	7.685665939754342	154.32031	0.52659523
7424000	2209.42	120	2805	13192.64	69.501078125	3.80795912981941	78.94714	53.426174	4.0792880859375	6.606693457206865	143.61046	0.61154634
7456000	2233.42	582	2805	13254.97	67.1307265625	4.160659315240795	78.91183	49.016747	3.76444873046875	5.6771898308053785	66.95163	0.5165109
7488000	2301.85	582	2805	13316.7	62.91705859375	4.4499403085884195	76.7948	45.821053	3.67870068359375	7.73486576725802	111.377556	0.5588263
7520000	2140.94	397	2805	13377.31	62.1291875	4.565022419167293	78.90076	47.05719	3.4009150390625	5.774675315548052	102.151146	0.57081133
7552000	2196.85	397	2803	13440.34	63.8006171875	4.742579318656674	79.03038	47.76514	3.475360107421875	6.479050374090327	92.62627	0.44908512
7584000	2195.34	120	2805	13501.85	67.0017265625	4.400628950076341	81.043846	53.967834	3.72879638671875	6.8468383442651835	107.588844	0.49250525
7616000	2060.31	120	2805	13563.67	68.3309375	4.1103846193209215	81.45963	54.40245	4.09699755859375	6.793924215797524	95.23991	0.5616396
7648000	2184.9	397	2805	13625.92	68.57215625	4.066430550479745	79.32414	55.514503	4.05524658203125	6.554097895114934	93.97746	0.5308895
7680000	2406.1	120	2804	13689.24	67.099140625	4.0913862450580245	80.000946	54.946167	3.713875	7.268007808196136	95.976494	0.44425648
7712000	2382.14	120	2805	13753.04	67.5648203125	4.035551121168272	79.96963	55.1099	3.074586669921875	5.701428172232375	104.55496	0.49640185
7744000	2448.66	579	2806	13817.65	66.677734375	4.019193088909452	80.03563	52.76579	2.88474951171875	6.267619227525712	80.40228	0.3517144
7776000	2339.5	806	2806	13880.7	67.9519375	4.00695915622901	78.22633	55.283215	2.545566162109375	5.189495286453684	77.669106	0.33802474
7808000	2349.84	582	2805	13945.09	67.323140625	4.174635556698333	78.61891	53.077717	3.37111962890625	6.182618655351468	75.84084	0.42983145
7840000	2316.76	133	2805	14010.79	67.76646875	4.096703848446333	78.76305	55.3671	2.91575927734375	6.101611915612955	107.11433	0.36023253
7872000	2285.1	707	2805	14073.4	66.9078203125	4.2905824378806665	79.11767	51.025623	3.498187255859375	9.976254620347257	165.69843	0.44339654
7904000	2140.88	398	2805	14135.81	67.3485	4.32919526478363	79.97541	48.993114	3.4870107421875	7.722953814765436	151.91324	0.4786174
7936000	2479.4	398	2805	14201.62	68.4497109375	4.177533381823538	79.837585	51.125374	3.47188720703125	8.96062306008907	163.21461	0.31364086
7968000	2399.13	411	2805	14264.18	67.9760546875	4.1430884181519705	80.47433	50.67875	3.676058349609375	6.805434409352573	73.687614	0.4898121
8000000	2256.31	763	2805	14327.75	67.0740546875	4.2284125456546935	81.33356	51.551292	3.695221435546875	7.629421361577823	145.41554	0.44894534
8032000	2219.9	120	2806	14390.8	66.4754453125	4.2574181583443265	78.801254	51.50318	3.733904296875	6.983220961705279	76.88833	0.5431948
8064000	2324.38	579	2806	14455.13	68.6808125	4.18658432152632	80.13336	47.470524	3.3308857421875	5.502659158307009	56.919926	0.40815836
8096000	2260.69	579	2806	14519.23	70.585828125	4.202623343668809	84.03873	52.81629	3.24220361328125	8.466991053497104	151.39787	0.4283235
8128000	2390.84	579	2805	14582.8	70.98653125	3.9600285569519573	81.23767	58.697517	3.201579345703125	6.185322217758748	82.768814	0.3878351
8160000	2406.57	579	2805	14647.78	69.2792734375	4.169585748308817	83.553085	56.07676	3.09697216796875	7.144878793146179	143.32233	0.3618728
8192000	2177.71	762	2805	14712.62	69.2019375	4.2391762447880135	82.926895	53.99996	2.89176416015625	6.964041570812167	147.51076	0.3735235
8224000	2150.26	769	2805	14777.92	70.3257578125	4.221476202482374	82.66452	57.031937	3.598287109375	9.442852786631802	152.11671	0.41946596
8256000	1798.88	396	2805	14838.71	72.91559375	3.7815271076147265	84.99984	61.254562	6.2390146484375	13.859174533499461	148.73816	0.614305
8288000	1977.92	120	2805	14900.01	75.2486640625	3.406478633381912	85.22374	66.050735	6.5241318359375	13.448196905161673	148.58139	0.63428736
8320000	2239.83	588	2805	14963.31	75.276421875	3.5619721374278743	85.44228	64.032	7.1045751953125	13.042302567031635	150.35684	0.68442166
8352000	2428.26	777	2805	15027.25	72.430515625	3.9688277551438285	82.77794	51.570175	4.67600537109375	6.368515697358372	57.53173	0.48698175
8384000	2329.62	791	2805	15091.12	69.6979921875	4.027238071479633	80.27229	56.573948	4.59381494140625	8.557688885587043	139.01703	0.50165594
8416000	2162.1	120	2803	15153.19	66.638109375	4.222169447541157	79.03966	52.167763	3.89721484375	7.430338201000678	101.307655	0.5155282
8448000	2483.99	795	2805	15218.29	65.5813359375	4.45242033898418	78.578835	49.483524	3.0854248046875	5.72241685719417	90.70568	0.43156955
8480000	2143.55	133	2804	15281.44	67.5364375	4.278088248563837	79.3235	52.640503	3.70866015625	7.797544435189196	104.17	0.46044844
8512000	2158.51	398	2804	15342.53	69.504171875	4.020096003206889	83.930695	57.25568	4.0581982421875	7.212560116733863	83.782646	0.5123372
8544000	2295.39	398	2804	15403.91	65.9966484375	5.110774846464086	78.4015	48.965126	4.28128662109375	8.229023521961764	71.28039	0.45376247
8576000	2402.16	701	2804	15465.92	60.59182421875	5.359599120678244	76.848526	42.42473	3.20616796875	6.3560054033567335	68.01726	0.40766588
8608000	2296.85	579	2805	15528.61	59.6001015625	5.285902351715835	77.53908	41.349228	3.75290185546875	6.74587692362898	76.49649	0.38449994
8640000	1840.7	-101	2804	15590.88	65.21983984375	4.720469264609717	76.9695	48.554886	4.12980908203125	6.477324027906895	67.48603	0.3160941
8672000	2295.31	582	2805	15654.5	68.7457734375	3.877054646813093	80.0784	55.000664	5.46441259765625	10.147955459106036	99.47223	0.5043652
8704000	1742.55	120	2805	15715.76	67.9996640625	4.120633579165951	80.025	54.670464	5.6731806640625	13.400613325516112	252.93019	0.43468696
8736000	2015.69	582	2805	15778.25	68.9245625	4.36910450993679	81.8134	55.634163	6.21511328125	10.82585699552234	90.508896	0.38345745
8768000	1852.52	783	2805	15838.61	71.777578125	4.079023129071469	85.06298	58.186684	6.9662431640625	13.961674102699863	148.58688	0.4620286
8800000	1907.51	797	2804	15898.56	74.1567578125	3.466799141724611	84.38422	60.557785	6.5949990234375	10.292486640749164	120.101135	0.5933513
8832000	2224.38	120	2804	15958.43	71.20221875	3.7808385623264846	81.3931	56.138573	6.3074072265625	11.089918000147701	146.28969	0.5325989
8864000	1970.44	-101	2804	16020.65	68.12703125	4.112537993745468	81.23451	53.51571	6.5594130859375	14.112993237616179	156.75108	0.5874866
8896000	2112.73	120	2805	16081.95	65.0665625	3.9554275655815645	75.7607	50.785625	5.9382080078125	12.717874355606758	122.081406	0.56743616
8928000	2145.55	795	2805	16142.08	66.969375	4.208239917486288	80.2263	54.038055	6.13987158203125	13.438388342729198	123.70348	0.5940797
8960000	2151.36	133	2805	16203.15	70.455625	4.038894157517005	81.53787	55.422882	5.1820009765625	11.454099293484408	149.95749	0.57177496
8992000	2211.86	133	2804	16266.37	73.9386875	3.422046799340272	84.72805	63.305264	4.5433486328125	10.561697454718157	211.78223	0.3924924
9024000	2115.45	579	2804	16328.81	73.546125	3.388015124578844	84.10985	62.80255	4.057293701171875	9.056853413299788	146.53146	0.43362164
9056000	1586.06	120	2804	16389.15	71.5026875	3.7502262952553944	82.74428	58.82872	4.98386572265625	13.16320629633981	147.5601	0.41330203
9088000	2130.28	586	2805	16453.43	70.5780546875	3.9305372465955593	82.07181	56.97445	7.16915625	17.42012485603935	155.60562	0.3932696
9120000	2299.14	120	2805	16517.66	70.326296875	3.9168160848050424	82.19398	58.19832	6.215626953125	15.728249862905917	138.68364	0.4440198
9152000	2299.1	795	2805	16579.26	69.72384375	3.854244945714076	80.78727	54.59199	5.47342529296875	14.095963517972086	167.36897	0.3668619
9184000	2229.39	120	2805	16641.92	67.8032578125	3.9590460844043607	80.80351	54.191254	3.651070068359375	8.595776579227731	161.55933	0.32682872
9216000	2285.27	120	2805	16705.66	67.798296875	3.9784819164318193	80.37727	54.20591	4.5198837890625	13.528668633683065	182.49986	0.43389308
9248000	2198.06	785	2805	16767.65	68.52921875	4.1442769272817666	79.715576	53.073692	4.275796875	10.491736703830306	148.8523	0.5358174
9280000	2175.67	120	2805	16832.27	68.168140625	3.940603439671391	80.336945	53.410862	5.1169013671875	12.990601771088205	134.66127	0.42271042
9312000	2484.38	588	2804	16895.45	67.8504921875	3.92940263629537	79.36636	53.16777	4.26698388671875	11.414490174225916	132.26091	0.5197774
9344000	2362.99	120	2805	16960.68	67.675625	3.984562985761425	80.10127	54.01999	4.00596435546875	9.790453736931706	111.9551	0.41243556
9376000	2097.35	120	2805	17023.07	69.5150703125	3.8713079689718564	81.224525	54.594242	3.50515478515625	7.476201826462418	88.72019	0.49776375
9408000	2033.93	120	2804	17085.23	69.4649375	3.805803032048558	80.418915	58.38552	4.76181591796875	9.792531433444571	149.8828	0.48089984
9440000	2020.16	120	2803	17148.21	69.708375	3.8467564461829395	82.851295	54.976532	5.57207275390625	10.60543566408283	118.12675	0.6987667
9472000	2212.74	500	2804	17211.44	67.160390625	4.093642889820141	78.5057	54.280937	5.232544921875	9.18571028486638	128.13477	0.33688542
9504000	1946.98	589	2804	17271.71	65.6457421875	4.285785918300166	77.082596	50.800552	4.9916865234375	7.483498252405087	83.00654	0.5912361
9536000	2149.58	798	2804	17332.84	63.23320703125	4.669309287116243	77.450455	47.90766	4.05609326171875	6.5147638819453775	124.51214	0.50227773
9568000	1911.81	523	2805	17395.07	64.30903125	4.601115693503044	76.80237	48.002296	3.5920087890625	5.264654769664389	73.85237	0.4488813
9600000	2028.74	772	2805	17456.85	64.2876484375	4.759599674604997	80.684784	50.478737	3.513734619140625	4.155484891983125	51.30346	0.34215525
9632000	1866.35	764	2802	17517.82	61.48340625	4.863149056938313	77.72287	43.28751	4.22779638671875	6.61886596923899	119.025154	0.46159458
9664000	2382.15	646	2804	17580.21	60.779640625	4.899201146615639	74.17119	45.012394	4.53950390625	7.821669119344029	117.30023	0.5656334
9696000	2346.76	120	2804	17642.72	60.5218671875	5.0120787697072355	74.31605	34.228214	3.876560546875	7.406287447162715	105.725365	0.5085109
9728000	2178.0	523	2805	17706.15	64.904515625	4.631468871346325	78.34826	50.51345	3.531494140625	6.295710965609842	85.92464	0.41695592
9760000	2048.55	120	2804	17768.88	67.087265625	4.136335277906036	80.526505	53.274117	4.0332080078125	8.035576169447964	95.22916	0.56291485
9792000	1609.46	769	2803	17830.81	69.5736875	4.028984949905187	80.38292	53.91709	4.43605126953125	7.667722526930666	96.61594	0.60630757
9824000	2158.36	120	2804	17894.72	69.8431640625	3.8682531991197266	80.41502	57.31038	4.4855263671875	7.6552892254310025	112.074066	0.7706426
9856000	1836.96	120	2803	17954.52	68.205953125	4.018266397807642	79.198265	55.55709	5.160427734375	8.31477412501386	94.71695	0.6659434
9888000	2091.77	120	2804	18017.63	66.0798984375	4.280698869635658	76.81354	52.503555	4.92006201171875	8.624769018646239	108.274635	0.68214417
9920000	2036.27	120	2805	18079.69	66.477828125	3.785771960371821	78.13836	52.872337	4.77964453125	7.153178653140854	74.3438	0.68996364
9952000	1984.35	120	2803	18141.47	67.27434375	3.935564752595871	77.548706	55.306614	5.76928662109375	10.024373032140215	106.05454	0.6534751
9984000	2195.53	365	2803	18205.19	67.3664296875	3.843124186859566	78.956924	54.418106	5.46994384765625	9.519651549557894	168.638	0.72221845
10016000	2284.53	-69	2803	18267.25	63.5066796875	3.84750401031305	75.06473	49.64148	5.11192236328125	7.641522058791691	76.60479	0.6907924
10048000	2131.2	-69	2801	18329.84	61.7453828125	4.0545499133689304	73.73954	50.080494	5.7553125	9.687378628271944	120.25741	0.6124904
10080000	2236.5	788	2806	18393.1	61.315609375	4.177609354867326	72.57528	48.381924	5.019359375	9.178926271628942	86.73599	0.59359217
10112000	2329.75	587	2803	18456.63	64.93559375	3.7445007855270243	77.13902	53.20014	4.72165771484375	9.233064733608229	89.639305	0.44262323
10144000	2395.05	1034	2804	18519.83	66.794734375	3.4627772339373784	76.839645	53.882263	4.94035302734375	9.209313390530262	101.32573	0.48874536
10176000	2024.4	582	2803	18580.25	67.9742421875	3.831378719289572	80.48683	54.370197	3.9055517578125	7.444465225924559	107.65672	0.292831
10208000	2265.32	120	2805	18644.13	67.7897265625	3.9783157358045376	81.34682	55.20376	6.0853681640625	11.165570686265884	139.10431	0.4938708
10240000	2341.33	727	2804	18708.67	66.8703984375	4.134555457135023	79.7711	51.01202	5.2906728515625	11.426211300667426	156.9366	0.63171244
10272000	2234.18	786	2806	18773.35	65.265296875	4.233908876558399	79.04267	50.984604	4.7081298828125	9.92438521395658	122.358986	0.4451483
10304000	2497.62	729	2804	18838.0	63.30341015625	4.6469870110911655	76.16905	45.869064	3.309982666015625	7.249843478913872	108.512276	0.45247436
10336000	2672.82	729	2805	18906.33	64.626015625	4.466190263384443	77.72742	51.43402	3.046343017578125	7.590698203640427	116.91889	0.34260845
10368000	2480.31	120	2806	18970.58	66.798203125	4.294479104763464	79.01038	52.529873	2.61963330078125	6.385168972901187	86.61605	0.2756055
10400000	2377.96	120	2806	19033.92	67.4753203125	4.223490854731427	79.007164	54.69429	2.216330322265625	4.5069516617387855	62.236633	0.31638128
10432000	2339.73	120	2804	19097.3	66.945046875	4.349132905677866	80.49626	49.865364	2.560931884765625	5.6372280283619896	73.69606	0.26976782
10464000	2030.2	120	2805	19160.94	67.50321875	4.358935685749447	80.6281	53.793343	3.117697021484375	4.89917503418943	60.34839	0.3314609
10496000	2204.21	777	2804	19224.13	69.989390625	4.091973135374302	83.15239	56.46457	3.590216552734375	7.3916300849339045	125.72243	0.45166045
10528000	2370.5	778	2805	19287.36	72.26434375	3.5941711709725235	83.330215	61.25012	3.698341064453125	6.436704441132901	78.57004	0.41563356
10560000	2296.65	781	2805	19350.62	71.6607109375	3.870024527538553	83.53978	54.92511	4.6302275390625	11.09379683088707	158.08652	0.29729742
10592000	2348.97	-101	2805	19416.41	69.5898828125	3.984988433170164	80.63428	57.25569	4.3712001953125	10.461783876328166	162.93707	0.46758157
10624000	2467.0	120	2805	19481.47	68.454390625	4.165412128844515	82.106995	54.498253	3.926875	9.284981993789756	159.01431	0.41070533
10656000	2554.53	798	2806	19546.5	69.0842421875	3.9209411238725584	81.903366	54.474327	3.42211279296875	9.00563452095409	153.37692	0.29389143
10688000	2504.04	120	2806	19611.39	70.62034375	3.771727420476591	82.30288	54.847942	2.759712890625	5.271209019878646	68.99482	0.32509577
10720000	2539.07	-69	2806	19677.15	70.502796875	3.7678075884309035	82.37558	56.82487	2.32423193359375	4.864319630611253	85.2922	0.25460693
10752000	2481.4	-69	2806	19742.44	67.55296875	4.519861982820935	82.2551	53.56724	2.13160498046875	4.9406348829755675	74.29528	0.25361738
10784000	2282.32	582	2806	19807.24	63.3246171875	4.801897411440607	76.98164	39.41945	2.1707890625	5.892067959871984	105.13518	0.2759569
10816000	2354.87	120	2805	19871.19	63.96575	4.904331233078573	79.51879	43.93915	2.9247392578125	8.411886121732747	185.64896	0.32856506
10848000	2005.23	775	2806	19935.65	67.69834375	4.901912493481499	81.93908	49.171516	5.6702197265625	16.244658737566635	193.04076	0.3321387
10880000	2182.64	582	2806	19998.69	71.697796875	4.299885082039984	82.316284	57.70576	5.9375693359375	13.532769833814509	154.59834	0.36242735
10912000	2263.04	120	2806	20063.82	71.556578125	3.965955462984298	83.77704	58.56773	5.46772265625	11.89531288995796	159.44516	0.38011023
10944000	2103.25	554	2806	20125.68	70.768875	4.029603588211252	82.8197	56.79052	6.180958984375	11.76758391727036	117.34353	0.55707127
10976000	2146.52	120	2805	20186.35	69.671625	4.346287478268091	83.67272	54.632347	5.1670517578125	10.116919615179317	131.08772	0.46360585
11008000	2368.6	120	2805	20251.8	67.2668515625	4.850303630959613	81.27322	51.7844	4.952201171875	8.402416877006281	61.669914	0.47985226
11040000	2492.02	582	2805	20317.46	65.0534375	4.9675863417257276	78.42762	50.6243	3.694394287109375	8.745172775594545	133.09209	0.34164348
11072000	2233.46	791	2805	20379.2	66.2458125	4.662926840381479	78.81076	51.221497	3.7687890625	7.855831581936441	84.982346	0.42265576
11104000	2325.53	709	2805	20443.12	68.100140625	4.295013460398	80.87392	54.4574	4.1978173828125	9.610794305753297	140.92604	0.3897829
11136000	2332.29	769	2807	20508.01	69.936390625	4.179543280222135	81.33049	55.67685	4.17924755859375	8.5776462753485	102.802666	0.3786673
11168000	2148.53	120	2806	20573.96	70.8083203125	3.9014115033856656	80.96147	55.800133	3.972322509765625	7.387585130643166	69.81292	0.3909252
11200000	2470.78	777	2805	20639.24	71.51296875	3.8238307547046326	83.657455	58.849934	4.036972900390625	11.16164120436596	165.67055	0.29942468
11232000	1895.09	783	2807	20704.05	73.493609375	3.745986784838876	84.87543	61.375366	5.06880859375	15.570302261035268	163.08289	0.319821
11264000	2177.41	120	2805	20768.98	72.189515625	3.9583327850876815	84.54385	58.41211	4.98960546875	14.586591659808676	157.27626	0.28891128
11296000	2332.5	120	2805	20833.34	71.916171875	4.018435665195164	84.19501	59.43107	5.38458447265625	14.871851032235362	152.81784	0.25639135
11328000	2452.07	765	2807	20899.12	71.0467578125	4.000024413987995	83.05935	56.2582	4.74026708984375	13.82084363380181	137.57443	0.30667916
11360000	2489.29	765	2807	20965.61	70.9007890625	3.8960528152301146	83.11139	57.88565	3.513525390625	10.962559150353535	151.00072	0.24066582
11392000	2285.73	778	2807	21030.02	68.6190390625	4.174405833468998	80.87103	54.861237	3.21103857421875	10.368335585449577	153.3415	0.27302513
11424000	2357.8	523	2807	21095.27	68.219890625	4.430196234014358	80.60977	51.969658	2.81437451171875	8.511470202027379	139.51788	0.26323292
11456000	2337.29	582	2805	21159.1	67.941734375	4.2871606097451025	81.42541	52.732956	2.849897216796875	8.208641597426459	110.20892	0.23259181
11488000	2365.91	582	2805	21225.32	68.8477421875	4.222889635664186	81.40574	51.526234	2.83872119140625	8.157872443995432	128.00018	0.22394827
11520000	2286.68	783	2807	21289.09	67.6024453125	4.5798030201227	79.75304	51.506363	2.16765283203125	4.5186622571010995	72.64055	0.19537096
11552000	2288.38	588	2807	21353.49	65.9723984375	4.727714374105632	81.207214	47.01152	2.422613525390625	4.816086326053552	65.76526	0.26763403
11584000	2324.54	778	2805	21418.61	66.3261484375	4.659476440880992	79.527756	49.32442	3.337447509765625	10.030705592703836	136.34354	0.3412525
11616000	2375.27	778	2806	21484.21	68.3430546875	4.622202490087923	81.47676	51.28291	3.43356689453125	11.096191632717957	213.59856	0.2911267
11648000	2480.75	783	2807	21549.15	70.283125	4.188553971838013	81.98163	55.049828	3.49152490234375	10.414526363450236	136.39836	0.30816764
11680000	2542.83	394	2806	21615.57	71.4023125	4.072735183509971	81.93202	52.791897	2.539255615234375	7.327742127524686	141.64018	0.26056784
11712000	2166.26	575	2805	21680.54	70.9217109375	4.0472513097239835	82.58786	55.341652	3.3228349609375	11.772621840524735	156.57742	0.3276615
11744000	2225.0	575	2805	21744.33	68.996296875	4.286722323786555	83.17015	50.388863	3.544298583984375	11.640956790573531	145.72552	0.3645653
11776000	2029.65	589	2806	21807.06	67.8	4.812177343079742	83.57202	50.098328	3.86136572265625	12.205764519275307	148.00087	0.33509922
11808000	1987.28	589	2807	21866.98	65.3459453125	5.306506177561654	78.51888	46.942913	4.31095361328125	10.848601220318683	139.71317	0.3162982
11840000	2278.35	589	2807	21930.79	62.773578125	5.4602630574222335	81.33128	39.985756	4.032733154296875	8.983663123971201	143.22879	0.288081
11872000	2122.82	589	2807	21996.06	62.6294375	5.279136781354505	78.215546	43.750496	3.600396728515625	7.805965267024956	94.66546	0.27567604
11904000	2391.05	784	2807	22063.02	65.972	5.097854749487769	80.14679	44.34294	3.158971923828125	7.8266439467213536	118.570755	0.2779137
11936000	2372.7	781	2806	22127.58	69.572609375	4.2756441400682546	82.39524	54.980316	3.0124638671875	7.631458842351179	105.26178	0.23664959
11968000	2213.17	797	2807	22191.55	70.5226796875	3.9581946247626583	84.03041	56.256325	2.22291943359375	4.76195616973739	72.825905	0.2504505
12000000	2017.82	120	2807	22256.82	70.67265625	3.9070331714902293	81.95329	58.480804	3.170890380859375	8.999088061437114	124.73344	0.31384087
12032000	2103.32	120	2807	22320.47	71.7750078125	4.000543908332966	83.05371	56.157417	3.266361328125	6.0603578689711055	87.25802	0.33361697
12064000	2411.0	783	2806	22386.04	71.227109375	4.02404989271536	83.019165	56.971237	3.30853515625	6.256119504133533	100.20334	0.2773019
12096000	2463.35	783	2807	22453.19	69.3272265625	4.5203152544927665	82.87561	54.8615	2.900683837890625	8.520972747433241	160.41019	0.25992557
12128000	2552.24	120	2807	22518.53	68.121625	4.4120529164437725	81.03565	51.27858	2.09950244140625	8.975146673592581	160.50224	0.19393003
12160000	2541.62	120	2807	22582.09	69.1693984375	4.6035821650102	81.761475	55.318565	2.74572705078125	8.858292372122293	152.93364	0.23297699
12192000	2557.1	787	2807	22648.27	69.247265625	4.532624575990714	83.58008	52.03514	2.68043212890625	11.177649993402012	159.40201	0.20132127
12224000	2376.8	120	2807	22712.35	70.5730625	4.392106511615468	83.56724	56.699844	1.99942041015625	7.422250122099093	154.28093	0.20495111
12256000	2525.51	120	2807	22779.07	70.628015625	4.391960428584255	82.45647	56.711205	2.27807861328125	6.555410456256724	121.79723	0.22042593
12288000	2470.87	534	2807	22845.33	71.527046875	4.210601389647327	83.73189	59.147434	2.35052392578125	7.237993290615846	149.5362	0.27102834
12320000	2419.51	120	2805	22909.92	71.898953125	4.058874103045696	83.89112	57.484863	2.0492939453125	6.7508876731138105	155.56151	0.2311464
12352000	2393.93	120	2806	22973.57	71.3772578125	4.266506548102323	87.10298	58.620983	2.39178466796875	9.597731258610027	192.70241	0.23798487
12384000	2290.73	120	2805	23039.01	70.9231328125	4.115781365670436	85.01819	59.10798	2.752917724609375	8.455070594028177	147.88332	0.2610262
12416000	2488.45	783	2805	23104.14	70.1796328125	4.186231384327077	82.86777	57.129585	2.254202880859375	8.586241265099648	151.41919	0.2592942
12448000	2390.83	575	2806	23169.33	70.254296875	4.320056784927717	82.54735	57.32322	3.32144091796875	13.051592934389273	155.81937	0.29102784
12480000	2279.79	783	2806	23232.91	71.707609375	4.060097125916448	84.33576	60.12226	3.05309814453125	9.810807178820712	159.58989	0.28535193
12512000	1996.99	587	2806	23295.77	73.060859375	3.85984675760418	85.62335	58.01123	4.477205078125	12.578791674878792	149.26581	0.23941153
12544000	2003.21	313	2806	23360.62	73.9351875	3.774730950677147	85.44249	59.94841	5.47745458984375	14.619428425899557	175.71544	0.6108936
12576000	2511.73	313	2805	23425.48	72.20875	3.898633198995835	84.347374	59.356873	5.4700625	12.658119923590549	157.61447	0.49332923
12608000	2195.61	120	2804	23489.39	71.27503125	3.909174155512261	83.47281	58.85933	5.2419814453125	12.300783765679324	136.92398	0.41345984
12640000	2183.86	795	2804	23554.63	71.789390625	3.7063548678249902	82.483536	59.156765	4.584107421875	12.126235761768777	132.36116	0.36684006
12672000	2202.0	120	2805	23618.17	72.52146875	3.68096176184805	84.6603	61.667507	4.2629150390625	10.71775724265576	169.51744	0.3468567
12704000	1933.99	120	2805	23679.86	72.5396796875	3.885856264229288	84.09218	58.052673	5.398482421875	14.059125150591697	148.7741	0.44035563
12736000	2250.22	120	2804	23742.6	70.872125	3.975808806276089	83.03762	56.80756	5.139232421875	15.214212619291214	180.01929	0.36160284
12768000	2260.2	798	2806	23807.1	69.07759375	4.301963123824982	83.444084	54.506603	4.5349951171875	13.79962635363726	136.71445	0.33063167
12800000	2374.24	791	2805	23870.95	68.213	4.337386075593225	81.92273	54.81813	3.528236328125	11.92450077571384	177.32652	0.24912131
12832000	2216.12	786	2805	23932.77	68.3401796875	4.323067668045459	82.28854	54.52925	4.03525341796875	11.983029666991566	129.5063	0.2478756
12864000	2274.75	120	2805	23997.89	68.643515625	4.64406375117741	81.114105	52.640182	3.4141669921875	9.949746384958765	173.5428	0.28079915
12896000	2379.66	778	2805	24063.11	68.7125625	4.3250139992548	83.04082	54.796524	3.107848388671875	8.359590300965712	132.87695	0.30046245
12928000	2417.93	750	2805	24126.58	69.370375	4.387468393760803	83.49129	55.055744	2.988602294921875	7.119221340849012	104.80882	0.35175705
12960000	2061.72	781	2804	24188.13	71.230171875	4.315196620665158	83.31357	52.89044	4.804419921875	14.900261113483884	163.43729	0.29746905
12992000	2093.5	791	2806	24249.83	74.357765625	4.0440687664158235	86.39874	62.099323	4.7847392578125	9.930773666990905	151.54308	0.29805106
13024000	2474.76	120	2805	24315.79	74.398703125	3.858017094109032	85.23441	56.94883	4.90764453125	12.349158625185767	155.2805	0.24564022
13056000	2371.26	120	2805	24381.22	73.081890625	3.9535235718043342	84.124374	60.141075	4.30635302734375	10.24968025415915	119.94607	0.32384846
13088000	2465.14	120	2805	24445.92	71.833625	4.01250438083873	82.95261	58.485985	3.135183837890625	8.430554548782661	125.00779	0.27567074
13120000	2508.35	120	2805	24510.06	72.5281796875	3.8366754000045407	84.11162	56.70504	4.22419287109375	13.111478749553767	196.32773	0.34138024
13152000	2523.66	797	2805	24575.2	74.345625	3.5189609173021514	83.83891	61.896297	2.58851708984375	6.458426242611275	78.024994	0.22540256
13184000	2275.58	120	2805	24639.38	74.364046875	3.5687735331973642	84.75162	61.361633	3.271630126953125	9.58209104266913	177.68611	0.2392274
13216000	2443.24	397	2806	24702.5	73.2153515625	3.7674259179013725	85.04491	60.69196	3.07509423828125	8.807314963994418	181.49963	0.28636193
13248000	2314.78	397	2806	24767.86	73.193640625	3.9262204511782066	84.10556	57.031853	3.0886357421875	9.51462525536345	172.76569	0.30052716
13280000	2276.85	120	2804	24831.54	72.27471875	4.053297268891094	82.71532	55.913254	4.1316865234375	11.346519978610182	193.73607	0.3821242
13312000	2399.2	388	2805	24897.56	72.302984375	3.8824893602961104	83.299515	59.67212	4.612751953125	8.394644405065648	69.358696	0.40315694
13344000	2348.03	120	2805	24961.32	69.345453125	4.2631945915006035	81.95732	56.6497	5.323140625	10.598760614453937	124.87213	0.37037665
13376000	2361.81	120	2806	25024.74	65.9760234375	4.41952654067718	78.27137	50.788483	6.21780859375	12.878338159483157	155.0177	0.48318583
13408000	2442.46	723	2806	25089.32	62.332453125	4.798323681896627	77.814735	46.529373	5.592740234375	12.612960843909729	114.336334	0.39907062
13440000	2324.79	120	2804	25155.13	63.195046875	4.647187279352425	78.41612	43.91799	5.239005859375	11.54801660459492	108.70283	0.27782094
13472000	2075.61	120	2805	25220.42	67.11090625	4.63155700736804	80.903305	53.73734	5.0652294921875	11.392197165165287	150.69763	0.34815505
13504000	2356.81	120	2805	25285.39	69.498203125	4.205483539008921	81.36345	52.160492	4.2042685546875	10.351524268797325	146.03094	0.23679015
13536000	2231.32	120	2805	25350.93	71.95003125	3.8598891357945764	85.4573	58.628998	3.21547607421875	7.477396929664092	80.88586	0.15829659
13568000	2451.91	120	2806	25416.69	72.138671875	3.9501194107741857	82.62305	57.171402	2.651382080078125	7.623321536574461	130.47147	0.23459801
13600000	2508.28	791	2806	25481.52	72.809390625	4.147677955419756	84.47716	58.134647	2.1329267578125	6.111745863499234	99.85299	0.15558505
13632000	2378.34	120	2806	25545.58	69.889234375	4.45659513915893	81.6749	53.81992	2.115444091796875	6.547399292849032	96.379715	0.17292246
13664000	2511.72	790	2806	25611.1	68.2095546875	4.474217372206004	84.120865	52.765434	1.781515380859375	5.021414299029707	63.73319	0.16509515
13696000	2397.54	579	2806	25675.15	68.8128984375	4.606739924759699	82.03529	54.22727	1.838651123046875	3.2423268795342026	38.80312	0.2046153
13728000	2432.44	523	2806	25740.0	70.2768359375	4.463047497926725	83.08273	53.393044	2.712471435546875	6.735842792479646	125.17817	0.21576235
13760000	2412.96	120	2807	25804.28	70.227609375	4.603720896595492	82.40228	55.30649	2.603358642578125	6.844117570037791	85.70767	0.2235969
13792000	2334.42	120	2807	25868.53	70.9737265625	4.2401802917152	84.515594	57.551933	2.9604287109375	8.177041507324027	116.99913	0.202444
13824000	2477.63	579	2807	25935.1	71.902375	4.511485775911302	84.278305	53.946087	2.98864794921875	10.955664559372927	157.55753	0.17903185
13856000	2342.58	120	2806	26000.63	74.010484375	4.046755307110254	88.09483	62.09639	2.289613037109375	7.701111679085689	157.4146	0.16615544
13888000	2483.07	120	2807	26067.8	73.6864296875	3.9045711392225906	84.09515	58.429295	2.596326171875	10.85278118156816	159.27943	0.19181801
13920000	2508.57	735	2807	26133.94	74.0955703125	3.890553965214979	87.00009	59.83195	2.41296240234375	9.103683148868924	166.26266	0.18813008
13952000	2038.9	120	2807	26198.51	74.644453125	4.029008218726105	86.12291	61.001976	3.904064697265625	16.12345680600162	240.66165	0.17700057
13984000	1746.66	120	2807	26263.96	74.2459375	4.185076024175069	87.48443	58.228878	5.5703125	19.671047887695256	159.77814	0.17865759
14016000	1923.47	120	2805	26329.47	74.7033828125	4.218017992049109	87.21462	61.474136	6.073845703125	18.4847766756864	136.88179	0.11879786
14048000	2131.89	783	2805	26394.05	74.122015625	4.149526045978022	87.471664	58.805496	8.658404296875	20.242004594407145	149.60606	0.22781736
14080000	1894.39	120	2804	26458.85	74.661625	3.791318336220595	88.70343	62.930176	9.289421875	21.23486519853611	155.4838	0.17991298
14112000	1891.88	120	2805	26524.04	75.488734375	3.7347290627132512	86.47577	60.457275	6.61612060546875	16.635825422863753	190.49294	0.1789963
14144000	1779.94	792	2805	26588.23	76.621515625	3.3431066846105133	85.28308	66.0823	7.61153515625	18.102498101090912	205.8872	0.2479442
14176000	1713.54	404	2805	26652.63	76.006890625	3.3874197119175387	86.65442	64.88516	8.306009765625	16.8935092935127	185.94424	0.272097
14208000	1896.73	582	2807	26717.05	75.0805546875	3.435579435071688	85.75165	62.903816	7.1539580078125	16.52918441726633	170.75702	0.2911528
14240000	1665.78	792	2804	26781.07	74.148265625	3.404953738443079	83.27925	61.40521	8.97009375	17.89572225421483	119.1238	0.29366314
14272000	1852.91	120	2806	26845.65	74.084671875	3.09799803048275	82.78644	64.96611	7.90833740234375	16.36137219184259	98.36688	0.16734101
14304000	1895.08	792	2806	26909.53	72.35609375	3.4402039081553726	81.93065	60.231476	8.5102421875	17.129984676000152	148.24094	0.23943946
14336000	1463.86	120	2805	26970.07	71.769875	3.537142208054406	80.96597	59.682335	8.38906640625	15.730822153498526	117.99405	0.2821642
14368000	2094.44	120	2804	27034.52	70.069078125	3.7236940611357294	79.98985	57.782326	9.262388671875	18.502756551389847	140.76773	0.35896766
14400000	1842.73	798	2805	27097.7	68.25496875	3.8905881022346738	77.95266	55.425735	8.109802734375	16.064220238623474	144.40881	0.27184346
14432000	1243.55	795	2804	27158.94	68.3851328125	3.676936936415282	78.93486	54.23352	8.799724609375	16.793318053618826	109.322655	0.24667022
14464000	1435.98	120	2805	27221.8	68.4392421875	3.5773203243664105	80.76958	56.25559	8.46860546875	15.775437791072552	121.03669	0.26843017
14496000	1839.51	579	2805	27286.0	69.5050625	3.459562015044318	79.07955	57.15956	6.9089765625	13.963267660186135	97.68857	0.22959995
14528000	2158.17	795	2804	27350.83	68.817703125	3.508867672590404	78.22948	56.90365	5.83318994140625	14.127662359711177	142.05045	0.317048
14560000	2535.12	795	2803	27416.69	68.5498125	3.739455226450104	78.29414	56.696373	3.85376513671875	13.524409645156421	148.30537	0.24429356
14592000	2028.61	120	2806	27481.22	69.6408515625	3.3630645436863085	80.78121	58.207302	5.5137802734375	16.137903751726864	120.88428	0.3200576
14624000	2098.42	786	2805	27545.63	70.2475078125	3.2065228928700944	79.03016	58.69883	5.680662109375	15.49462154668516	140.28261	0.3383945
14656000	2218.59	575	2803	27609.54	71.5898125	3.033218111078562	79.97228	61.376854	6.1720166015625	15.44812690911102	114.92878	0.37680036
14688000	2081.44	579	2804	27676.14	71.8858046875	3.1982613990358106	80.90289	61.59666	6.3646796875	14.045291137067967	124.08961	0.4322698
14720000	2560.74	579	2806	27740.74	71.095296875	3.4182776467561116	84.2657	59.581497	4.53373828125	9.419421840670477	68.30602	0.26991853
14752000	2443.45	523	2806	27805.59	68.1657109375	3.659004971684584	78.31461	56.617874	4.3437568359375	9.925961068077992	113.16828	0.38548088
14784000	2391.85	575	2806	27870.0	67.757703125	4.0588194866241585	78.366905	54.27865	3.25761279296875	8.375709857976219	97.07523	0.25809288
14816000	2474.83	120	2805	27934.15	69.0741796875	3.8453901480376476	83.31792	55.124184	2.620889892578125	5.731877351160787	79.07559	0.29712582
14848000	2454.06	120	2805	27998.87	69.952234375	3.9445514736310643	82.14125	54.87886	3.0369189453125	7.451274010194498	148.26295	0.31845126
14880000	2183.03	120	2806	28061.67	69.2301875	4.099418308583548	80.02891	55.570484	3.85132861328125	8.609711540609243	128.2912	0.35399634
14912000	2254.59	579	2805	28123.18	68.435515625	4.301075446908598	79.8863	55.176395	3.824091064453125	8.12818254977704	134.81256	0.39350414
14944000	2104.41	395	2804	28185.02	69.0270234375	4.685620456513737	84.282234	52.4901	3.884991943359375	9.161060596350184	145.82684	0.32544428
14976000	2358.2	120	2807	28249.49	71.8482734375	4.190633622287923	84.54502	58.312874	4.588171875	9.611852221346311	156.11206	0.23903531
15008000	2655.23	796	2807	28316.63	73.3313125	4.015968005778619	84.35754	61.374817	3.14566552734375	7.633482986160381	84.689064	0.121242404
15040000	2227.23	794	2807	28380.56	75.208109375	3.7546988789881675	86.376114	58.66416	3.08782421875	8.368494674969925	103.383316	0.1254001
15072000	1762.1	120	2807	28443.22	73.794765625	3.915513640675065	83.435074	60.91893	4.67741748046875	14.063922150310702	115.9335	0.25505558
15104000	2219.25	120	2805	28509.6	72.6769296875	4.110430710400067	84.329834	59.506878	6.52716162109375	17.173717201002233	174.48796	0.37671587
15136000	2551.97	797	2806	28576.28	70.667859375	4.145902061825629	83.07958	55.613857	6.9991103515625	15.317369633850324	152.33269	0.3380738
15168000	2428.57	588	2807	28641.23	69.1586484375	4.223079260148926	84.933914	54.11981	5.3524931640625	14.534851972930444	153.95065	0.3506552
15200000	2463.73	120	2807	28705.77	68.685140625	4.457306151141068	81.62934	54.435383	3.473610595703125	10.858116204019922	149.96695	0.31173253
15232000	2553.32	579	2807	28771.25	67.6713671875	4.353963935671149	79.67854	53.59733	2.73787353515625	8.29093867197798	142.7227	0.263144
15264000	2522.07	579	2807	28835.56	67.7162578125	4.363270213168674	80.05857	50.980145	2.5373486328125	5.640042386808808	77.51002	0.25807327
15296000	2577.6	798	2807	28902.87	69.69809375	4.414884049652381	82.6815	52.132233	2.413514892578125	6.0671232371693256	119.50896	0.24663481
15328000	2219.93	582	2807	28966.23	72.8648515625	4.006732493371313	84.959175	59.208015	2.4225029296875	5.036949799357743	86.935905	0.29715264
15360000	2353.99	120	2807	29029.71	74.57665625	3.605456476820931	85.46681	62.522316	3.18244677734375	6.266403474083041	70.460625	0.31827763
15392000	2468.85	120	2806	29096.09	73.6374375	3.686533109465789	83.61014	60.91324	2.996868408203125	5.105472515779025	54.16144	0.31312642
15424000	2358.57	120	2805	29159.66	72.3810390625	3.989586542644488	83.50726	58.36434	3.005550537109375	6.673643354645197	94.25076	0.27431917
15456000	2190.47	120	2807	29223.54	71.68690625	4.122711249514692	85.56836	56.75215	2.82780859375	6.219507491554295	81.24838	0.27960968
15488000	1719.61	120	2805	29285.39	70.376328125	4.089245852308834	82.03189	56.846046	3.61962646484375	6.870278492353858	118.17387	0.31973273
15520000	1904.38	120	2805	29347.7	70.49971875	3.9236251075217417	84.55827	57.482964	5.6050693359375	9.495308874649629	103.86785	0.638674
15552000	2226.26	120	2806	29414.34	69.727515625	3.8261345590638207	82.01944	55.82377	5.9695869140625	12.35242891094703	218.87189	0.82872134
15584000	2400.43	120	2806	29479.56	69.5520078125	3.636286309547146	79.14657	57.006184	4.5630830078125	7.273742374115267	105.39722	0.64036876
15616000	2451.77	120	2805	29544.11	67.41625	4.2267648403507145	79.77635	52.11331	4.4426611328125	9.218251257695247	104.45861	0.53496027
15648000	2425.83	397	2806	29609.22	65.25328515625	4.398847949321504	76.93678	49.704914	2.622884521484375	4.712298984439548	62.9443	0.3739473
15680000	2373.4	397	2806	29673.49	64.67044140625	4.732646342824488	77.876785	46.197968	2.906483154296875	6.130533852161653	94.90139	0.25976825
15712000	2412.34	798	2806	29738.76	65.8418671875	4.8015797367897575	82.75345	47.696457	2.40521044921875	6.69273510046528	117.28812	0.27263975
15744000	2614.62	794	2805	29804.23	65.67790625	4.621834220577368	78.795334	50.061234	2.72825634765625	5.424798203332084	79.31768	0.32059062
15776000	2476.83	120	2807	29869.33	66.5615234375	4.678407222615941	80.18704	51.03808	2.38367724609375	6.212571050901551	126.837746	0.29077107
15808000	2369.65	575	2806	29935.28	67.304796875	4.654614226093286	80.83017	52.51185	2.917260986328125	8.144162499146244	140.65988	0.3310786
15840000	2511.46	120	2805	30000.85	68.8140703125	4.509635733972868	81.57093	53.70562	3.6093037109375	11.700275771322657	149.52986	0.3033983
15872000	2389.48	120	2806	30066.72	69.0146171875	4.446625739676097	83.92554	55.05418	3.4484248046875	12.592512035928335	160.62837	0.31455636
15904000	2449.06	120	2805	30131.38	69.1042578125	4.3707559772309414	80.649155	55.583015	3.953095947265625	12.888586278176517	159.68147	0.3799562
15936000	2603.08	791	2804	30197.47	69.310515625	4.272229548198458	84.06984	46.42046	2.45106103515625	6.061021082499218	76.273	0.33546022
15968000	2583.75	120	2805	30263.83	71.0553203125	4.0398237314578465	83.2827	57.866753	2.80145849609375	8.947611413109087	176.42947	0.2600137
16000000	2425.06	773	2805	30330.79	70.932109375	4.221204841333811	83.482086	55.21396	1.8389027099609374	4.328281811238727	55.967747	0.22179434
16032000	2357.02	771	2806	30396.0	70.52146875	4.11659014879123	83.48259	55.639244	2.70145068359375	8.260825756999115	135.07477	0.24947356
16064000	2282.51	785	2805	30460.28	71.55475	4.252530726299929	84.64784	59.17946	3.0276875	8.026449927427443	81.13781	0.26568502
16096000	2256.09	682	2805	30525.93	72.1123828125	4.212234320256887	86.12521	58.860115	3.9021181640625	9.372772652075799	88.81151	0.39527518
16128000	2388.92	589	2805	30590.35	73.54603125	3.9765995209475142	85.83562	57.43371	4.44169091796875	10.717724076267311	169.03372	0.35817477
16160000	2477.25	588	2805	30656.64	73.12884375	3.9218710159342316	85.26716	58.433594	3.902366455078125	9.591720062116075	105.679276	0.33093402
16192000	2316.73	120	2805	30719.75	74.013421875	3.8113748339673967	84.05536	59.1802	2.92621533203125	6.262037158545133	99.16646	0.35465136
16224000	2246.97	795	2806	30781.91	72.799859375	3.9157690266807745	84.6819	57.557205	3.0235576171875	6.539537803813049	92.26529	0.40449792
16256000	2378.47	797	2806	30845.46	71.831125	4.213860129085919	84.294525	56.900593	3.909934814453125	9.061459423017906	124.504105	0.37499478
16288000	2444.05	783	2804	30909.07	70.170078125	4.370074012531138	82.118164	55.33886	3.70331982421875	9.085146273588554	123.603386	0.31207627
16320000	2539.3	772	2805	30973.86	70.4157265625	4.338066425551826	83.07976	57.138077	2.8645419921875	6.063993372770126	78.43712	0.27335656
16352000	2451.85	772	2806	31037.52	69.740421875	4.333632777113793	82.33953	48.304203	3.448753173828125	10.096219125246837	198.81583	0.2705362
16384000	2328.42	785	2804	31101.98	69.551875	4.3164893232956105	82.447876	54.445484	3.11899609375	7.9359577734039135	129.78064	0.26529804
16416000	2439.77	785	2805	31167.41	70.47378125	4.12286639896929	85.006454	56.928837	2.85502001953125	6.129019408212867	54.498444	0.2894784
16448000	2539.15	780	2805	31232.48	72.4686328125	4.079423883191105	83.39109	58.205944	2.04295361328125	4.315143211702249	49.276806	0.21868625
16480000	2606.07	780	2807	31298.61	74.092578125	3.8501237804777135	84.555115	61.920563	2.240947509765625	6.32710254085549	99.14128	0.16354346
16512000	2684.21	798	2807	31364.93	73.27646875	3.811254279064505	87.73654	61.158653	1.6503441162109376	4.778893414340291	63.252888	0.2279669
16544000	2632.95	589	2806	31432.44	73.059828125	3.855167113960496	84.442566	58.233673	1.4679931640625	5.003254995188133	132.14752	0.13547291
16576000	2585.63	791	2806	31498.31	73.6166015625	3.7495794034964773	85.7815	61.876083	1.402939208984375	3.095334979095558	40.686497	0.17138642
16608000	2405.27	381	2805	31562.3	72.852375	3.7647762269572542	86.55811	61.143883	1.694077880859375	6.141854997677819	156.73964	0.16730177
16640000	2388.28	579	2805	31623.99	71.5166875	4.158301890119932	85.337715	56.444378	2.536654296875	8.50248309319107	155.62512	0.15625831
16672000	2496.96	579	2805	31690.97	71.44459375	4.226769461199061	82.448875	58.287834	2.5855322265625	7.338691875089183	156.6412	0.23182882
16704000	2446.71	781	2805	31753.96	71.9831875	4.334118143074206	86.95323	58.548748	3.6727119140625	11.493869969466333	178.91891	0.24387407
16736000	2422.42	582	2805	31818.38	73.6015625	4.113274053293799	84.64353	60.032116	2.99254296875	8.191972061109583	91.99735	0.26379237
16768000	2363.8	798	2803	31881.8	72.704296875	4.217182347625604	86.78254	59.055008	2.99004052734375	7.3265063510857615	103.51064	0.20209613
16800000	2362.92	120	2805	31945.56	72.8020625	4.191498790334431	83.777	55.912575	3.56746240234375	8.739601857350253	120.60239	0.19525993
16832000	2370.23	796	2805	32009.35	72.439609375	4.233291604945258	83.295685	56.43702	3.0439990234375	6.380541708977381	75.99529	0.27691984
16864000	2302.79	796	2805	32074.63	73.3510703125	4.132538093442092	84.95942	60.00031	3.24174658203125	7.222262403066646	91.34161	0.29178876
16896000	2548.46	589	2805	32139.89	73.5954609375	4.030240183599484	84.76684	59.528633	2.542902099609375	6.954720463020063	88.277824	0.25420362
16928000	2421.59	589	2805	32204.83	73.0239296875	3.911765231524318	86.763756	58.83806	2.664818115234375	8.228665596559384	132.61441	0.24215311
16960000	2488.2	797	2805	32270.96	72.93878125	3.8668143128016244	86.74546	59.761875	2.287583984375	7.725068011432003	123.19999	0.18527493
16992000	2416.3	769	2805	32333.67	73.75159375	3.7253426331513455	84.35118	59.421196	2.8504189453125	9.56227409863888	133.81914	0.23593773
17024000	2415.88	758	2804	32399.75	75.0346875	3.314412773214887	85.656876	64.17248	3.03746337890625	8.274827698357228	118.34638	0.24177611
17056000	2455.99	758	2806	32464.02	73.017140625	3.6267466158562827	84.104965	59.352207	2.569321533203125	7.765741322066426	143.86346	0.2795799
17088000	2411.91	120	2806	32528.61	69.27784375	4.470468638045681	82.26242	52.693497	2.9728603515625	12.033818232381607	257.60764	0.29490536
17120000	2631.23	876	2805	32594.66	65.73834375	4.774401754081342	79.908394	49.32806	2.43942529296875	8.630643081485875	141.9307	0.22650099
17152000	2636.32	580	2805	32660.43	66.4776015625	4.687904565874821	79.18152	49.300682	1.1541329345703124	2.616324857833742	39.439342	0.16498879
17184000	2476.78	580	2805	32725.96	69.735125	4.373765004261203	81.33912	55.478806	1.84972314453125	7.941915602516814	144.5138	0.20271777
17216000	2566.06	589	2806	32792.84	73.599609375	3.559578709052168	84.71115	61.749382	1.7623837890625	7.4838310084140724	150.962	0.17390324
17248000	2676.52	589	2807	32858.82	73.1187890625	3.8002833210581155	84.837616	61.02649	1.6619010009765625	7.505802963374405	147.17944	0.10521405
17280000	2548.69	781	2807	32923.22	72.98409375	3.831713878931985	83.69531	59.643166	1.499994384765625	6.651354126698562	143.94577	0.15336692
17312000	2592.19	797	2805	32989.89	72.269125	3.840217889326073	84.79381	58.415733	1.3681494140625	5.67850249845855	114.25723	0.18954161
17344000	2470.37	797	2804	33054.71	71.596109375	3.8929995263934978	81.731094	54.27664	1.927846923828125	7.5726620773344955	149.13455	0.20876443
17376000	2460.77	349	2805	33119.97	70.225828125	4.111700625197559	82.68375	56.936302	1.5727557373046874	6.076699543646205	133.64145	0.18491247
17408000	2592.37	797	2805	33185.58	68.696046875	4.217594517687185	81.49565	57.622616	1.3634813232421874	5.260101888271747	145.15869	0.18917675
17440000	2044.61	582	2805	33249.17	70.288984375	4.319915047269448	84.659065	55.662567	2.956879638671875	12.432791822434734	131.24646	0.17304632
17472000	2385.62	397	2805	33312.94	71.989328125	4.155428960257893	83.962685	56.242893	3.35747607421875	11.805145197116383	146.38219	0.18179698
17504000	2409.64	797	2805	33374.92	72.7493203125	4.128242570240998	83.68842	60.343544	3.308465087890625	11.418993908177725	139.3209	0.22265579
17536000	2338.16	769	2806	33440.76	72.042171875	4.179472015473366	86.46738	51.03834	2.419896484375	8.559104253658791	163.76385	0.18844816
17568000	2326.99	572	2807	33506.77	72.06253125	4.0435174295562275	83.571724	59.35132	2.7431474609375	9.529585510398656	135.15526	0.19368683
17600000	2141.61	572	2805	33569.82	73.3705234375	4.009288531803367	83.52985	59.072582	3.750595703125	13.097374498348897	143.38898	0.18862966
17632000	2332.88	724	2804	33633.81	73.900390625	3.8042931648829326	84.86414	56.57703	3.65176220703125	11.347855661974204	129.9767	0.24690692
17664000	2343.43	740	2806	33696.38	73.5326875	3.8876753376857485	85.928375	61.95037	3.15807568359375	9.27173712823007	132.07205	0.25395086
17696000	2363.18	775	2805	33760.86	72.897125	3.778748785353758	84.17992	62.037666	3.215958984375	10.081101595311893	150.94269	0.25754592
17728000	1677.06	120	2805	33823.6	74.608296875	3.8939728317057503	84.632965	62.44613	5.50851953125	15.382517979024112	135.43604	0.23006883
17760000	1541.42	791	2805	33884.32	77.874046875	3.617909552662974	86.56695	66.47938	7.816310546875	16.84210311986006	146.49547	0.2531159
17792000	2186.95	582	2805	33946.11	78.5665078125	3.23526648342142	87.43654	67.94855	7.13614697265625	14.278193600732552	149.77745	0.29792947
17824000	2369.07	780	2805	34010.79	77.393328125	3.4176529318378717	88.07001	65.5615	7.4360302734375	15.241161373071279	153.6273	0.32494864
17856000	2417.67	582	2804	34075.74	72.23309375	3.9151517321730327	81.47827	58.783485	5.16052197265625	11.22806159528438	110.62676	0.38913384
17888000	2666.22	1027	2805	34141.8	68.1532109375	3.9413654141838967	81.3449	55.839706	3.2438740234375	6.395576168825605	88.976814	0.2622478
17920000	2492.04	120	2805	34207.07	67.0394140625	4.1138101066711865	80.61582	54.18568	2.0032872314453125	5.440346955847577	134.51921	0.16664158
17952000	2479.23	786	2806	34270.13	67.581734375	4.123149206007466	79.50488	55.340145	1.624087890625	3.431890593663353	47.314064	0.15979367
17984000	2229.7	786	2806	34332.79	68.599890625	4.4095904890647155	81.5058	53.367744	2.295478759765625	5.504651797003149	90.693596	0.16096112
18016000	2260.86	523	2805	34396.99	69.556296875	4.259723023199395	81.38516	54.276833	2.9937587890625	7.58747940689133	157.93262	0.25077194
18048000	2366.97	120	2805	34461.71	71.6346484375	3.9975446565673285	82.41777	59.225067	3.60240673828125	9.981281700012278	169.21068	0.3267964
18080000	2450.93	807	2804	34527.3	73.696875	3.7258193048224304	87.24121	61.14019	3.07244384765625	4.39871208068339	56.23112	0.3765576
18112000	2291.62	582	2805	34593.56	73.37778125	3.645681306354136	83.51349	60.617966	3.97146875	10.974700665052328	207.15392	0.2879492
18144000	2269.24	120	2805	34659.75	73.2541171875	3.868703932480166	84.15387	59.604736	3.75871435546875	7.0106244706695	75.96349	0.30739462
18176000	2283.75	772	2806	34724.58	71.538875	3.8371068100686223	82.20019	58.68128	3.68375048828125	7.1524266533289245	95.150986	0.3390687
18208000	2359.79	120	2805	34790.31	69.9493671875	4.300394240648176	83.36042	57.196445	3.13341064453125	4.81410139752218	59.880383	0.3562144
18240000	2477.47	120	2805	34857.77	66.991453125	4.570215650683236	81.15303	51.668667	2.694447265625	5.766636936941669	95.26315	0.2831344
18272000	2380.94	755	2806	34921.2	67.220671875	4.4349372000908875	79.00844	52.084183	2.6318154296875	5.829140159577569	82.034035	0.22802052
18304000	2437.64	778	2806	34987.7	69.16134375	4.2953083507619105	80.16146	56.69597	2.1156572265625	4.768312357047827	67.69221	0.25798875
18336000	2470.12	797	2804	35051.97	70.802921875	4.1229786714219125	82.80701	57.80809	2.072633544921875	4.529958652198164	56.723255	0.13257985
18368000	2608.94	1035	2806	35116.01	70.2440859375	4.331308396070984	81.54181	58.369812	1.740171630859375	3.093736111079935	43.385452	0.14240919
18400000	2521.14	523	2806	35181.48	68.8794765625	4.0210238512722105	81.06405	54.931526	1.56487109375	2.819300285808963	37.252625	0.2027103
18432000	2331.28	523	2806	35243.86	68.998546875	4.084451510377495	82.98963	53.703568	2.33729833984375	8.510790944442238	153.43202	0.18778029
18464000	2264.51	523	2806	35307.34	67.074734375	4.386911908592421	80.7166	50.718834	2.822812255859375	8.577064255909477	174.40048	0.27476776
18496000	2004.37	523	2804	35368.65	62.9573671875	5.355425840911253	76.91597	42.538425	4.045937744140625	12.294690800300755	152.63608	0.3018595
18528000	2225.84	582	2804	35431.28	58.710421875	5.416047300326595	74.8428	40.981747	4.58647705078125	11.913836493758003	130.86081	0.35678774
18560000	2305.71	781	2805	35495.65	60.2529375	5.333470742044996	75.346954	42.96799	5.165048828125	13.184395369147575	149.13092	0.40339863
18592000	2601.27	800	2805	35559.73	64.347234375	4.923701050150181	79.32306	48.59246	3.765828857421875	9.806229286147659	151.25803	0.33676183
18624000	2526.59	523	2804	35623.03	69.2416875	4.034454637091611	83.374954	56.53147	3.1016748046875	10.74343513209346	152.40398	0.27931535
18656000	2644.41	793	2805	35689.27	68.8518828125	4.154956565657455	81.44326	53.31694	1.93307861328125	7.194436326947373	153.52339	0.24284892
18688000	2501.7	523	2805	35753.02	68.7145625	4.080887474327735	83.08381	54.55684	1.704278564453125	7.177977931667107	129.50354	0.21010208
18720000	2453.0	797	2805	35816.12	66.733921875	4.286773353146863	80.026215	52.514343	1.900824951171875	6.952299529652041	144.26503	0.18551975
18752000	2343.16	523	2804	35881.28	65.858078125	4.360237145930253	77.75628	50.72107	1.912895263671875	6.888789012772854	141.97166	0.21152511
18784000	2480.74	523	2804	35945.72	66.116875	4.496653269377126	77.87114	50.432476	2.11505859375	5.854071766727839	146.73354	0.31571156
18816000	2468.33	789	2804	36009.97	64.6228046875	4.655498261464609	80.17312	50.822502	2.13271728515625	5.838676273351692	142.912	0.25930935
18848000	2390.84	579	2804	36073.07	64.24567578125	4.537623965248773	78.64826	49.65072	2.960659912109375	6.790213258341007	112.76764	0.27799118
18880000	2447.36	579	2804	36138.39	63.47937890625	4.725885747005528	79.20831	50.25547	4.1433349609375	8.924741767972897	127.831696	0.408399
18912000	2529.95	796	2804	36203.54	65.927984375	4.407325666574913	78.42114	48.210083	4.4250615234375	12.003637469533974	152.39003	0.24336405
18944000	2439.33	703	2804	36266.77	67.241140625	4.004455892151579	78.94133	54.620388	3.998917236328125	9.235502152021837	136.72255	0.3246723
18976000	2443.4	745	2805	36330.6	67.614265625	4.118386744224005	81.402695	52.543583	4.3599658203125	10.335935492252261	158.28764	0.33805025
19008000	2512.07	775	2805	36396.79	64.084796875	4.670054202040914	77.21407	48.21061	3.54067919921875	9.298277310206446	154.07669	0.35036367
19040000	2636.69	798	2805	36462.03	62.565609375	4.9019483530786	77.88689	44.400993	2.1812294921875	6.277666888462623	150.9836	0.2239902
19072000	2675.05	798	2805	36527.61	60.5758828125	5.011688681223126	76.2539	44.737	1.61095361328125	7.815367973582562	148.14189	0.17193197
19104000	2682.19	582	2805	36593.92	63.328984375	5.060665176757893	78.44408	45.717953	1.12773388671875	3.533600434578024	78.155525	0.12439166
19136000	2474.13	582	2805	36659.15	66.796171875	4.581935487596917	79.72002	47.44021	1.187975830078125	3.2185271464114606	79.19201	0.17385168
19168000	2489.59	797	2806	36724.38	69.80525	4.286429348828696	82.54307	53.8198	1.30851708984375	3.38390722759948	72.791084	0.16625878
19200000	2531.98	798	2806	36790.6	71.050640625	3.9752051342509356	82.480606	56.418682	1.88743310546875	5.654595925273972	70.30141	0.16984561
19232000	2536.32	791	2805	36854.21	68.288203125	4.57963797525252	79.93936	49.513226	1.3927120361328125	3.8092728400985534	87.26624	0.1686884
19264000	2520.2	797	2805	36919.81	67.5141875	4.647667635828212	81.793015	53.666893	1.9069716796875	5.318263050564536	72.11849	0.1958591
19296000	2326.11	120	2806	36985.19	68.951765625	4.630216652598451	81.99039	50.914036	2.73942919921875	9.582581854594304	214.72183	0.2625063
19328000	2399.07	589	2806	37048.27	71.0672890625	4.337853912074495	83.86894	55.622585	3.069622314453125	8.627171375224906	149.08792	0.2843766
19360000	2382.89	589	2806	37112.7	70.9798046875	4.144999104719445	82.59866	57.318474	2.93451513671875	6.788349969801204	81.29592	0.27951503
19392000	2365.23	589	2804	37177.61	70.70559375	4.192324180123718	81.14751	51.216476	3.10146923828125	6.576606564653994	78.17864	0.2607935
19424000	2351.76	778	2803	37242.4	70.080359375	4.052317768496814	82.73666	55.84935	4.35410546875	11.406448285947734	128.17757	0.29118717
19456000	2470.98	589	2803	37306.72	69.70190625	4.094973576685202	84.238304	55.921616	3.5652138671875	8.174190040150767	136.43533	0.36006507
19488000	2228.86	589	2805	37370.2	69.5161328125	3.9973793905742174	83.368095	54.42144	5.09744140625	10.200891505157772	112.52331	0.35941908
19520000	2467.09	748	2805	37435.56	67.7641484375	4.434286468460851	79.09424	52.708256	3.841975830078125	9.113101831977957	150.87666	0.25328854
19552000	2213.66	589	2804	37498.8	67.3524921875	4.673124623846447	82.56339	51.37092	3.351540771484375	9.374188298194143	156.57585	0.29422337
19584000	2378.46	589	2805	37564.67	68.2075625	4.631965826932988	83.57157	53.5821	3.480440673828125	9.62201089949497	149.68254	0.28716093
19616000	2117.62	589	2804	37628.03	69.4548046875	4.637429665908692	86.57027	53.331635	4.60608203125	13.797502604638275	151.04924	0.28695205
19648000	2199.03	120	2804	37693.51	71.591265625	4.0927424809808155	82.53006	54.623634	4.20086279296875	11.464437540716945	157.58315	0.41533992
19680000	2481.62	120	2804	37759.27	70.0645	4.228740716439706	81.66347	57.06832	4.22490625	12.147789150705572	120.52932	0.27116168
19712000	2586.7	791	2804	37825.5	70.945359375	4.095331278571979	82.064064	57.69767	3.395189453125	10.05118851803109	147.54832	0.27448353
19744000	2402.77	751	2804	37890.42	70.6438515625	4.02801978140314	83.24074	57.422432	2.83517333984375	8.755357288540543	146.71826	0.22263181
19776000	2197.13	120	2804	37953.46	71.3278203125	3.9246407080776198	81.77813	57.821003	3.386057373046875	7.44881780678988	130.13594	0.299644
19808000	2211.97	120	2804	38018.56	70.4357734375	3.989780157242376	82.6301	57.425552	5.644388671875	12.519272642609874	189.30045	0.38391924
19840000	2232.04	781	2803	38082.13	68.2799375	4.103484133178779	80.710464	52.88853	6.64328125	13.013079958257384	163.88834	0.7184586
19872000	2308.12	394	2804	38148.03	68.26415625	4.102526374839045	80.62843	54.67493	5.7733740234375	9.580899781596715	97.17743	0.51680505
19904000	2431.5	388	2804	38212.59	69.2992421875	3.9288951114626363	79.89194	55.33588	4.255908203125	6.921929034777806	85.72157	0.5190082
19936000	2416.21	388	2805	38277.13	69.5448359375	3.956892226703932	80.90755	56.32229	3.92498583984375	9.962090644036522	129.52174	0.34420523
19968000	2582.61	796	2805	38343.97	69.335359375	3.974826548888643	79.81237	56.48323	2.502861328125	6.240771937428895	128.36632	0.28492758
20000000	2589.88	796	2805	38409.17	67.7209765625	4.257917945942007	82.57576	54.6681	2.53267724609375	5.849860441711408	83.63946	0.33863673
