TotalEnvInteracts	AverageEpRet	MinEpRet	MaxEpRet	time	Averageloss	Stdloss	Maxloss	Minloss
16000	644.62	215	1789	58.15	0.3838799	0.33231777	3.1614482	0.022539023
32000	620.19	215	1826	119.45	1.2602808	1.2597413	9.379457	0.14541548
48000	697.37	215	1510	181.33	2.7472675	2.45887	20.120806	0.29412425
64000	658.47	217	1510	244.27	4.5801535	4.667145	30.646923	0.39743328
80000	645.2	217	1317	308.15	5.7166724	5.8203635	36.86202	0.45557234
96000	669.18	217	2502	371.73	6.383207	6.760854	47.469864	0.6985014
112000	715.54	222	2220	435.32	8.302622	9.003629	69.83125	0.86504906
128000	702.98	215	1401	499.55	9.762816	10.764901	70.668724	0.79573435
144000	744.77	218	1801	563.57	10.224301	11.769516	84.15401	1.0982201
160000	639.68	215	1822	627.8	12.099857	14.019156	132.071	1.1908146
176000	679.5	217	1818	692.55	12.243817	12.538708	94.758316	1.1261826
192000	670.61	215	1542	757.32	11.719536	12.489723	87.50481	1.1501056
208000	699.83	223	1868	822.12	10.242361	11.921019	139.3003	1.3996048
224000	733.79	215	1826	887.33	9.404879	9.695578	68.11814	1.1988754
240000	645.47	217	1315	952.49	9.347792	9.293387	62.68564	1.2961502
256000	660.77	215	1312	1017.75	9.1649475	9.379964	67.92916	0.9277992
272000	678.57	217	1314	1082.32	8.271387	9.026191	67.093864	0.97171307
288000	626.33	217	1545	1146.89	8.093357	8.291247	64.20964	1.0225943
304000	664.4	222	1393	1212.4	8.61749	8.74344	55.20905	1.2764087
320000	614.62	217	1310	1277.01	7.954123	8.324979	66.980934	1.0038838
336000	553.75	223	1304	1341.44	7.503268	7.714993	58.107533	1.2985637
352000	521.25	223	1299	1406.07	7.427162	7.938644	114.13199	1.289027
368000	450.28	223	1050	1471.04	6.2718306	6.385959	45.25013	0.7470229
384000	408.65	215	1047	1535.68	5.66932	5.1996093	40.570206	0.8652838
400000	379.26	215	697	1600.21	5.005332	4.861831	38.46867	0.76954854
416000	409.76	223	870	1665.43	3.886173	3.2855208	34.598778	0.47702625
432000	446.9	223	1307	1729.71	4.101881	3.6160781	41.354816	0.68533814
448000	385.1	223	1016	1794.51	4.341743	3.8759778	32.894196	0.4900518
464000	434.01	215	1322	1858.77	4.549289	3.9148877	41.445	0.60667187
480000	366.21	215	964	1923.89	5.075918	5.027581	47.378517	0.6933441
496000	390.97	217	912	1988.61	5.2534666	5.4119473	45.771114	0.56015867
512000	390.23	217	636	2053.46	5.113291	5.3668804	41.45705	0.59328514
528000	337.82	215	805	2117.9	4.931048	5.2261667	45.021137	0.41858903
544000	484.34	215	1043	2182.83	4.6293106	4.7513075	35.88292	0.50457084
560000	537.77	215	1045	2247.52	4.756857	4.5124307	34.439213	0.5408448
576000	599.56	215	1045	2312.37	5.585055	5.299775	39.54354	0.46785134
592000	600.62	215	1045	2377.25	5.399966	4.763728	37.221977	0.60095865
608000	591.51	215	1046	2442.27	5.185106	4.541887	33.050327	0.48492646
624000	575.04	215	1046	2506.66	4.6332264	3.830533	33.628613	0.5608268
640000	570.86	215	1029	2571.66	4.3119073	3.7148082	27.162731	0.49577025
656000	599.56	217	1048	2635.65	4.007997	3.2381086	26.759941	0.53077596
672000	653.13	231	1048	2699.71	4.0290008	3.5129623	29.181686	0.5282687
688000	691.19	215	1049	2764.36	5.053026	4.471655	34.149757	0.5845526
704000	697.89	215	1045	2829.23	5.4997277	4.772211	36.786636	0.4916629
720000	676.12	223	1045	2895.11	6.2595363	5.29786	44.63524	0.71930325
736000	466.16	217	1047	2959.74	7.818369	5.7683907	48.749134	1.0165416
752000	385.11	223	1046	3023.96	9.048941	6.4722195	42.124027	0.7687241
768000	611.9	223	1317	3088.76	10.649256	7.5144653	45.897533	1.1885353
784000	616.72	223	1314	3153.85	11.118852	7.619819	53.313255	0.9276347
800000	615.52	223	1315	3219.14	12.278061	8.1422205	64.95126	1.5876999
816000	627.77	231	1112	3284.27	11.804372	8.245602	56.19146	1.5151312
832000	525.83	215	1310	3349.63	10.6104765	7.3735056	58.482723	1.1230328
848000	636.57	215	1312	3414.48	9.965848	7.216713	53.20919	0.9887791
864000	492.65	215	1313	3479.62	8.555617	6.3610086	45.753567	1.0324244
880000	436.49	215	1313	3544.57	8.209545	6.4011617	57.108425	0.9681245
896000	423.25	217	1312	3609.56	8.511411	6.874606	39.325867	0.9324763
912000	439.15	223	1308	3674.89	8.362797	6.9147434	67.86878	0.8149811
928000	413.16	223	1304	3740.57	9.273229	7.5149274	49.260574	1.1084546
944000	683.65	223	1311	3804.8	9.846746	7.9266458	49.186184	0.84029645
960000	664.22	223	1310	3869.23	9.571188	7.4121623	50.427265	1.185929
976000	620.83	223	1311	3933.79	9.625203	7.6063557	59.72659	1.124877
992000	564.53	223	1314	3998.98	9.658475	7.418345	50.530872	1.3643384
1008000	621.38	223	1406	4064.3	9.565621	7.6046567	57.796097	1.2356226
1024000	642.47	223	1408	4129.23	9.438114	7.0631433	57.337498	1.032376
1040000	727.2	223	1411	4194.26	8.403625	6.882544	65.83261	0.85594714
1056000	844.14	223	1832	4259.38	8.858547	7.623455	59.058746	1.2365831
1072000	830.45	231	2004	4324.26	8.435857	7.1162086	55.478584	1.1405041
1088000	824.62	231	2004	4389.98	7.639615	6.8073845	55.630287	1.1413007
1104000	973.83	585	2328	4454.81	7.4716945	7.1017823	62.310097	1.0636911
1120000	1081.02	231	2328	4520.29	7.429883	7.1577916	60.210274	0.9510707
1136000	1060.76	231	2595	4585.7	8.430446	8.675886	80.095406	1.2970884
1152000	1006.95	231	2325	4650.58	9.114803	8.9365	72.073364	1.0792375
1168000	979.99	231	2898	4715.87	9.094814	9.089987	68.38279	1.1007106
1184000	897.98	139	2898	4780.81	8.745584	8.630655	58.825146	0.9146032
1200000	827.84	226	2823	4845.99	9.908387	9.543891	67.53053	1.4225291
1216000	948.72	231	2827	4910.57	10.649652	9.944433	79.09294	1.3601816
1232000	882.75	226	2827	4975.45	10.508526	9.502195	59.91757	1.4255807
1248000	779.19	226	2525	5040.45	10.957366	9.955715	75.780655	1.4528017
1264000	776.15	226	2525	5105.51	10.493577	9.806987	86.71661	1.445384
1280000	828.94	139	2313	5170.26	9.773059	8.698918	69.67087	1.3920679
1296000	947.62	226	2833	5234.84	10.1846	9.632196	83.09162	1.3831105
1312000	1013.1	231	2833	5299.51	10.607118	8.802147	62.72691	1.6720892
1328000	984.07	226	2084	5364.48	12.108853	11.32024	97.3695	1.1205904
1344000	994.0	226	2084	5429.9	11.19242	10.193236	104.25958	1.4215286
1360000	939.4	231	1327	5494.95	11.000432	9.87013	77.073166	1.2776259
1376000	942.18	231	2100	5559.97	13.26467	11.373584	84.066246	1.4370434
1392000	943.04	231	2100	5625.1	12.542535	10.48063	90.41424	1.6981006
1408000	940.74	481	1889	5691.95	13.332149	11.545456	99.71331	1.5949925
1424000	982.79	608	2489	5756.66	13.541856	12.276654	93.80438	1.4612553
1440000	967.82	530	2523	5822.13	13.225888	11.718821	72.95271	1.2386909
1456000	859.79	530	2244	5887.15	13.602997	12.956695	101.00723	1.3748937
1472000	858.86	231	2244	5952.16	13.601384	13.431889	108.92296	1.1176178
1488000	881.76	231	2082	6018.01	13.718868	13.817883	83.72111	1.2988677
1504000	929.63	231	2835	6083.52	13.538041	13.910144	107.32019	1.6638921
1520000	928.09	231	2835	6148.42	13.106043	13.628365	92.80344	1.4072001
1536000	809.53	231	1891	6213.04	12.54409	14.0335245	129.92427	1.4827776
1552000	804.93	231	1891	6278.08	13.123734	14.1339245	87.096985	1.3349484
1568000	802.77	231	1895	6342.86	11.239796	11.66507	85.86198	1.4343376
1584000	904.39	231	1895	6407.61	11.836109	11.136226	68.896675	1.4249432
1600000	979.97	231	1988	6472.29	10.165209	9.326435	84.22852	1.3042154
1616000	830.64	231	1988	6536.46	8.809888	7.6104813	96.97163	1.1741345
1632000	825.9	231	1889	6600.46	8.34711	7.738431	110.18352	1.4075719
1648000	923.89	560	2108	6664.82	8.9924345	8.395542	84.98559	1.1504595
1664000	1025.51	231	1881	6729.78	8.021461	6.753759	60.46727	1.08686
1680000	1049.41	231	1881	6795.42	9.048498	7.91448	78.72901	1.3738794
1696000	1024.35	231	1884	6860.9	9.98947	8.629416	78.85036	1.462224
1712000	973.18	584	1947	6925.55	10.4787035	7.894736	80.36095	1.4127445
1728000	852.26	580	1890	6990.44	9.992012	8.161776	59.51214	1.426326
1744000	860.59	231	1888	7055.39	10.0164585	8.66291	90.15383	1.4892164
1760000	957.63	223	1873	7120.02	10.73975	9.416783	84.70503	1.3362548
1776000	878.89	223	1895	7184.89	11.692573	10.399307	88.329124	1.4066883
1792000	662.86	223	1677	7250.16	11.452114	9.84088	87.91739	1.7744856
1808000	881.93	596	1889	7314.73	13.12914	11.411416	74.76281	1.7928393
1824000	993.16	231	1684	7379.57	12.931268	11.379106	85.627304	1.2569315
1840000	947.71	231	1825	7443.53	12.226566	10.470351	82.0633	2.0053186
1856000	1004.62	231	2301	7508.41	12.135768	10.291972	76.94636	1.2103713
1872000	949.59	231	2110	7572.43	10.386849	8.523496	66.43853	0.999726
1888000	1032.64	231	2110	7637.19	10.478616	9.37093	77.01923	1.8081398
1904000	1057.19	606	1886	7701.53	9.507624	7.681064	59.499203	1.7946423
1920000	984.88	231	1891	7766.25	9.200581	8.351756	73.424904	1.4681214
1936000	1018.4	231	2175	7831.46	7.867809	7.260179	61.973885	1.0022701
1952000	977.63	231	1891	7896.58	7.588034	6.292381	46.824993	1.0305004
1968000	879.07	231	1837	7961.37	8.366071	7.731066	75.09631	1.2663215
1984000	806.43	231	2172	8026.72	8.68025	7.8149753	57.23339	1.0616672
2000000	901.52	231	2172	8092.67	8.47534	7.7639785	54.794876	1.3446808
2016000	937.86	231	1828	8157.72	9.681957	8.666005	74.90256	1.2211673
2032000	810.03	231	1887	8222.65	9.931402	8.73747	84.73537	1.2386506
2048000	837.18	231	1409	8287.43	10.540594	8.495341	55.426235	1.6146041
2064000	878.47	231	1311	8352.42	9.706751	7.957635	67.50288	1.2063636
2080000	776.59	527	1317	8416.76	8.749336	7.548202	54.226345	1.3482772
2096000	881.02	231	1410	8481.4	8.187902	7.0616016	61.827663	0.98864615
2112000	889.16	231	1410	8545.53	7.6209373	6.351843	47.3572	0.84652364
2128000	915.64	231	1847	8610.12	7.8203826	6.9887815	68.011375	1.2299638
2144000	688.16	231	1883	8674.92	9.272463	9.438638	87.52042	1.4070175
2160000	930.1	231	1894	8739.83	9.866748	10.206995	84.21998	1.1663651
2176000	1005.04	231	1813	8804.51	10.259262	10.298352	127.09053	1.0874258
2192000	1019.46	583	1827	8869.73	11.04254	11.172004	130.59703	1.7731088
2208000	997.48	231	1829	8934.09	11.273488	11.282402	81.36058	1.4925859
2224000	1009.91	231	1876	8998.92	11.244304	11.159144	97.09016	1.3240489
2240000	960.85	231	1876	9063.34	10.763098	11.08344	85.99772	1.5583326
2256000	955.14	231	1820	9127.66	10.881497	10.75269	70.35528	1.3538418
2272000	944.66	231	1827	9192.87	10.63917	10.399892	90.238686	1.4724743
2288000	928.28	231	1555	9257.43	10.626576	10.602213	99.88745	1.5248295
2304000	650.77	231	1668	9322.33	11.827426	11.839191	86.532074	1.1950366
2320000	1022.51	231	1831	9386.93	13.037824	14.048803	83.49502	1.1876609
2336000	937.39	223	2315	9451.56	12.512194	13.515775	101.31889	1.5153681
2352000	992.56	231	2315	9516.71	12.346543	12.484775	84.49716	1.5115467
2368000	1024.96	614	2491	9581.44	11.900587	12.894743	107.26016	1.3872286
2384000	971.5	601	2491	9646.03	11.542363	11.3075075	78.88207	1.5085833
2400000	792.65	231	1830	9710.17	10.422686	10.986892	110.54721	1.1967301
2416000	833.42	600	1881	9774.66	9.757676	8.913165	66.19288	1.5763667
2432000	940.67	231	1892	9838.93	10.231067	9.092014	78.22813	1.4385669
2448000	1004.23	531	1888	9903.81	9.75616	8.171362	51.795868	1.2759345
2464000	985.19	531	1888	9968.16	9.293829	7.997874	72.87642	1.3383965
2480000	1013.31	575	2212	10032.52	8.840629	7.852179	64.03934	0.93698967
2496000	1089.47	443	2322	10097.23	9.475222	8.538626	59.072617	1.216258
2512000	999.72	231	1892	10162.28	9.006947	7.890184	60.80661	1.487291
2528000	1031.48	231	1892	10227.21	9.339242	8.797179	72.94469	1.0378578
2544000	1098.26	231	1888	10292.27	10.710762	9.381797	62.760735	1.7260556
2560000	1087.31	231	1893	10357.42	10.112929	9.435003	72.64694	1.516528
2576000	1038.05	267	1893	10422.37	9.761558	8.040318	59.31139	1.6012028
2592000	1013.58	231	2279	10486.98	10.273746	8.566149	64.05089	1.5745885
2608000	1073.59	231	2279	10551.71	10.0539255	9.124678	64.116234	1.0614424
2624000	1127.68	589	2523	10616.66	9.923661	9.099481	70.58395	1.247711
2640000	1098.62	231	2803	10681.1	9.481837	7.978178	53.47075	1.3327365
2656000	1059.63	267	2803	10746.2	9.786833	8.522611	78.234886	1.0175182
2672000	1089.71	231	2566	10811.14	11.322935	10.112317	84.91418	1.1309117
2688000	1028.9	231	1894	10876.08	12.059213	10.50788	87.23933	1.6400769
2704000	900.42	583	2555	10940.87	11.886379	10.285717	82.45715	1.4413881
2720000	868.71	618	1832	11005.81	12.500012	10.621682	88.33867	1.8032355
2736000	965.43	231	2224	11070.87	11.787113	9.590295	88.08008	1.5751343
2752000	922.24	231	2305	11134.9	13.073435	11.217243	102.37931	2.0788417
2768000	939.01	231	1844	11198.93	12.937048	11.484181	85.85776	2.3332143
2784000	1053.11	231	1892	11263.7	12.711497	11.150298	73.80001	1.6696905
2800000	1125.96	569	1892	11328.72	13.509673	12.123765	114.68401	1.8255401
2816000	1145.35	614	2329	11392.97	13.09294	10.957592	89.29492	2.3221617
2832000	1103.46	267	1890	11457.26	13.081998	11.282174	80.33404	1.1854215
2848000	993.96	231	1890	11521.7	12.295317	10.985604	107.9168	1.4183418
2864000	1098.86	231	2289	11587.02	10.906708	9.406862	71.599	1.2752957
2880000	1147.06	605	1889	11651.71	9.871472	9.234844	71.82328	1.7640849
2896000	1067.37	605	2141	11716.64	9.3824	8.234555	56.81897	1.1491351
2912000	960.98	602	1897	11781.11	9.67243	8.777968	75.14912	0.775113
2928000	1132.9	578	1897	11845.27	8.561639	8.452976	65.601654	1.0976772
2944000	1180.75	578	1887	11909.58	8.653041	8.401652	57.584503	1.5523872
2960000	1191.48	597	2324	11973.78	8.853994	9.364231	112.97257	1.0842377
2976000	1160.63	231	2303	12038.29	9.118676	9.42391	85.788155	1.204733
2992000	1262.56	231	2448	12102.36	9.9279785	10.86956	79.80658	1.3108456
3008000	1302.44	231	2448	12167.05	9.68408	9.8843155	65.36189	1.0194867
3024000	1268.05	231	2311	12232.09	10.441022	10.83849	78.275246	1.1109436
3040000	1281.73	231	2311	12297.09	9.313765	9.983649	67.35666	1.273082
3056000	1247.46	603	2924	12361.89	8.929262	10.618347	94.13163	0.88829195
3072000	1310.29	603	2924	12426.84	8.62222	9.893197	93.552895	1.1545347
3088000	1383.13	627	2944	12491.25	9.525613	12.268029	97.166824	1.0804659
3104000	1331.69	231	2944	12555.95	8.866446	12.071327	100.7647	0.98784447
3120000	1242.14	231	2261	12620.04	9.443014	13.645442	125.19543	1.1239254
3136000	1320.45	614	2285	12685.34	8.438536	11.376659	100.06799	0.97561634
3152000	1425.84	634	2325	12750.83	8.206048	10.874782	110.34513	1.2472537
3168000	1328.71	231	2855	12815.11	7.0890536	8.355708	92.28926	1.2124956
3184000	1262.76	231	2593	12879.44	6.856447	7.021459	57.912	0.90337765
3200000	1173.85	231	2593	12944.51	7.313685	8.256173	88.42047	0.9560733
3216000	1336.7	231	2081	13010.2	6.6094685	6.855339	66.67377	0.8856756
3232000	1308.26	620	2839	13074.86	6.4600806	7.291329	81.00191	0.64753056
3248000	1338.64	759	2839	13139.67	7.618087	9.174493	106.065186	0.9454271
3264000	1254.41	231	2295	13204.21	7.10703	8.5208435	85.28336	0.789291
3280000	1251.51	598	2197	13268.89	7.2224708	8.241243	81.57779	0.87664104
3296000	1402.58	615	2539	13333.54	7.1726856	7.9421315	91.907036	0.86647785
3312000	1385.43	620	2330	13399.11	6.5936465	7.1006856	93.76708	0.70978725
3328000	1362.14	620	2330	13464.42	6.7167234	7.3964424	52.467716	1.0813503
3344000	1388.29	231	1895	13529.02	6.202551	6.688134	45.065598	0.8725989
3360000	1389.46	231	2315	13593.67	6.0355616	7.045877	66.51967	0.7588469
3376000	1468.41	620	2315	13658.13	6.127162	7.348799	77.33985	0.9782257
3392000	1485.32	231	2595	13723.18	5.8411016	6.0538697	50.354877	0.85321087
3408000	1556.87	231	2947	13787.46	6.1002975	6.67753	77.27239	0.989588
3424000	1472.56	611	2947	13851.52	5.6165624	6.032252	88.99434	0.7079471
3440000	1479.68	618	2581	13916.24	6.9775543	8.619655	107.27728	0.7769075
3456000	1670.27	231	2965	13981.08	6.464183	6.427162	65.44464	1.0381546
3472000	1781.63	231	2965	14045.9	7.0847354	7.3037715	89.28143	1.0543658
3488000	1712.46	530	2612	14110.68	7.4113817	7.779246	73.26843	1.3680439
3504000	1769.59	231	2973	14175.17	7.589845	7.436268	58.690178	1.1387292
3520000	1775.24	231	2993	14240.17	7.3243017	7.058369	75.62664	0.9506552
3536000	1801.88	231	2993	14304.83	7.6371546	7.241469	57.152912	0.9528915
3552000	1713.34	231	2984	14370.27	7.716434	6.46022	58.188408	1.2198002
3568000	1616.38	231	2609	14435.32	7.964793	7.382196	67.822334	1.2112195
3584000	1683.83	231	3004	14499.79	8.391123	8.160867	84.686935	1.2786942
3600000	1685.28	231	3009	14564.44	9.409211	8.891006	73.34017	1.4489733
3616000	1699.85	231	3009	14628.8	10.023178	8.818832	93.23752	1.5803785
3632000	1730.45	231	3014	14693.83	10.033783	9.09266	78.624245	1.7238331
3648000	1732.45	577	3018	14757.79	11.33154	12.0102	166.05215	1.5592788
3664000	1634.83	614	3018	14821.89	10.472344	9.595614	80.79943	1.4785832
3680000	1491.88	231	3017	14886.57	10.801275	11.204672	129.54488	1.5902748
3696000	1462.39	231	3017	14950.32	12.851001	14.170529	131.08977	2.2066865
3712000	1579.42	231	3017	15015.17	11.436127	12.995423	166.0138	1.6477764
3728000	1703.77	231	3005	15079.7	12.312875	15.765789	169.11467	1.5994439
3744000	1711.06	231	3010	15144.55	12.298873	14.862306	165.30437	1.3994668
3760000	1706.44	231	3010	15209.45	10.32266	11.766028	110.65105	1.3474936
3776000	1842.47	231	3013	15273.99	11.595548	15.133806	174.85132	1.2270638
3792000	1882.89	615	3013	15338.49	9.079467	11.194312	158.87811	1.1403165
3808000	1899.06	615	3013	15402.9	8.65442	13.214065	194.41248	1.2112632
3824000	1989.67	636	3020	15467.73	8.345746	10.334006	154.84433	0.967862
3840000	2005.44	620	3020	15532.84	8.443887	13.675109	182.02647	1.020956
3856000	1901.44	617	3019	15597.74	7.544334	11.065911	153.53981	1.0016735
3872000	1909.37	617	3020	15663.17	6.923637	8.718114	120.33034	0.9588082
3888000	1966.01	617	3020	15727.48	7.194624	9.430781	111.682014	1.1202768
3904000	1970.3	620	3016	15792.14	6.6277184	6.61109	80.2443	1.1859417
3920000	2040.18	254	3008	15856.45	7.065087	8.0223	112.646484	1.1057936
3936000	1932.67	139	3018	15921.05	6.58854	7.0638103	99.9392	0.97886074
3952000	1954.98	139	3018	15985.83	7.747522	9.067031	108.21907	1.3343663
3968000	1905.38	231	3018	16050.46	7.515054	8.756455	117.27759	1.2279975
3984000	1853.63	231	3022	16114.75	7.549091	8.151398	81.90488	1.3420306
4000000	1865.0	231	3022	16179.09	8.450357	9.548292	105.65558	1.4234709
4016000	1884.45	231	3018	16243.72	8.831001	10.110746	98.431274	1.5816512
4032000	1800.99	620	3006	16308.26	10.193641	12.147815	144.74994	1.6332155
4048000	1809.08	620	3002	16373.5	9.145607	9.995831	94.61194	1.5592103
4064000	1915.23	620	3002	16438.07	9.681629	11.080592	123.67046	1.4696687
4080000	1998.86	715	3009	16502.6	9.596958	11.170567	96.772484	1.660398
4096000	1939.5	620	3009	16567.07	8.776586	9.424209	86.69182	1.4250638
4112000	1859.86	620	3013	16631.22	9.177103	11.238033	93.574165	1.1810809
4128000	1890.32	620	3013	16695.43	8.240719	9.049525	111.271996	1.404944
4144000	1689.17	231	3008	16760.68	9.785784	12.195136	130.78595	1.3480877
4160000	1728.61	231	3002	16825.49	9.855093	10.335727	132.28006	1.5856606
4176000	1748.93	231	3002	16890.19	10.166446	10.51604	111.48122	1.0230613
4192000	1839.91	618	2992	16954.98	10.706303	13.451287	187.12979	1.3365171
4208000	1872.27	620	2992	17019.54	9.850477	11.624351	138.19148	1.334923
4224000	1723.27	231	2990	17084.51	9.621058	11.021233	125.60495	1.1574776
4240000	1734.68	231	2993	17149.29	9.311959	11.066531	123.94732	1.2794366
4256000	1813.81	529	3000	17213.81	8.676957	11.603485	120.43535	1.2368072
4272000	1906.71	729	3009	17278.36	8.3989105	11.279817	111.07313	0.990492
4288000	1987.35	620	3016	17343.51	7.727384	10.053161	115.23114	1.0115275
4304000	1824.88	620	3016	17407.86	7.3110433	10.622962	104.615616	0.81947005
4320000	1711.17	620	3000	17472.96	6.4437017	6.8183084	70.93461	0.69390684
4336000	1685.76	231	2991	17537.66	7.6617517	11.173286	134.2233	1.1862323
4352000	1786.65	231	2988	17602.15	7.1626287	8.446747	85.1014	1.0396676
4368000	1754.55	231	3006	17666.96	6.720567	7.296017	103.402504	0.9256571
4384000	1763.54	231	3012	17731.85	6.9731245	7.4667826	74.99837	1.1870251
4400000	1807.27	231	3012	17795.88	8.049613	10.72985	181.41632	1.176471
4416000	1726.64	620	3012	17860.22	7.6729527	9.571329	113.66787	1.2284772
4432000	1751.21	619	2990	17924.97	9.421427	12.765971	243.16371	1.1036168
4448000	1746.9	618	2975	17989.48	9.091799	11.517093	236.9461	1.3510418
4464000	1813.58	618	2975	18054.16	9.703752	9.541542	82.49598	1.3616588
4480000	1753.99	620	2975	18118.83	9.568318	10.253963	123.15898	1.1347792
4496000	1747.91	620	2989	18183.17	9.320193	10.294124	138.83704	0.99218976
4512000	1817.44	620	2989	18247.47	9.199927	9.657046	73.65819	0.92861557
4528000	1816.65	620	3022	18311.85	8.384199	10.312181	133.47014	0.7655804
4544000	1835.05	231	3022	18376.8	8.797874	10.200273	110.29223	0.72751117
4560000	1736.91	231	3022	18441.16	8.518468	11.658171	208.39294	0.9324529
4576000	1703.21	231	3003	18505.59	8.525324	11.101063	139.21266	0.77993596
4592000	1675.08	231	3002	18570.21	8.247174	10.775973	138.04907	0.71109354
4608000	1754.55	231	3015	18635.13	7.7356563	9.553734	130.27988	0.7571821
4624000	1846.39	231	3015	18699.89	9.140159	15.900522	224.24944	1.1152837
4640000	1792.7	231	3015	18764.46	6.8398333	8.719876	116.872696	0.89518577
4656000	1821.76	231	3018	18829.12	7.381138	9.685014	125.354385	0.8228854
4672000	1771.11	231	3018	18893.51	7.126899	8.869996	122.05729	0.97123986
4688000	1795.17	231	3018	18957.98	7.418072	9.41691	109.345695	0.74175763
4704000	1811.41	231	3015	19022.92	7.608092	9.905139	143.17476	0.86816204
4720000	1709.79	231	3015	19087.83	7.9628973	8.69734	99.45056	0.73324144
4736000	1743.01	231	2980	19152.79	8.940059	9.563168	102.89337	1.0272694
4752000	1723.98	231	3006	19217.04	9.631877	13.608432	194.59337	1.2215818
4768000	1904.82	559	3015	19281.45	9.896701	14.273048	179.87413	1.2301791
4784000	1954.55	559	3015	19346.27	10.113775	13.698417	181.79477	1.251884
4800000	2057.2	620	3015	19410.69	8.8371525	9.425021	135.97089	1.3536067
4816000	1707.73	620	3018	19475.13	8.859297	12.719323	168.68578	1.426795
4832000	1495.23	231	3018	19539.86	9.645147	13.362372	162.24408	1.3049983
4848000	1527.24	231	3018	19604.71	9.419692	13.4045	166.83832	1.0702103
4864000	1709.9	231	3018	19668.91	9.374425	14.453349	135.39366	1.0639932
4880000	1684.03	231	3015	19733.25	9.425212	14.222994	154.36021	0.7722611
4896000	1567.83	231	3003	19797.72	8.704027	13.322757	131.03844	0.7623347
4912000	1609.52	614	3022	19862.54	9.562582	15.553079	176.14406	0.6562586
4928000	1789.14	614	3022	19927.36	9.17817	13.088034	124.83325	0.9303259
4944000	1876.09	620	3022	19993.02	7.7910643	9.687376	92.212395	0.8060038
4960000	1834.27	631	3004	20058.5	8.241918	10.273631	118.36941	0.8884113
4976000	1776.66	620	3009	20123.52	9.25934	11.061832	114.26687	0.70367813
4992000	1801.2	620	3018	20187.64	9.254248	10.200753	134.5758	1.1399858
5008000	1672.8	733	3018	20251.81	8.809691	10.208682	134.21133	0.84342647
5024000	1607.49	636	3008	20315.66	8.770443	9.576036	121.295784	1.2743556
5040000	1535.34	618	2583	20379.99	9.76369	10.536891	116.45059	1.2066026
5056000	1540.36	618	2996	20443.82	8.963709	8.927386	91.49691	1.1597329
5072000	1536.58	231	2996	20508.22	8.443064	10.505661	148.08316	1.1634185
5088000	1589.27	231	2998	20572.88	8.669046	10.187931	115.125496	0.84501153
5104000	1420.92	231	3004	20636.72	8.552316	11.202841	144.48322	0.85736084
5120000	1255.7	620	3004	20700.97	8.514283	12.59635	193.25287	1.2573048
5136000	1412.12	620	3022	20765.32	9.304617	11.7507	146.66298	1.0553322
5152000	1631.26	620	3022	20830.22	8.281894	9.6925745	131.48497	0.9995307
5168000	1675.01	231	3022	20894.95	8.89201	12.876595	168.68964	1.0108477
5184000	1830.37	231	3017	20959.55	8.272901	10.130048	122.77375	0.95455825
5200000	1955.79	231	3017	21024.39	8.102841	9.757105	145.01814	0.8315822
5216000	2083.63	612	3017	21088.75	7.4846907	8.981007	118.41547	1.0631781
5232000	2142.67	810	3017	21153.72	7.3401093	9.763049	119.66278	1.1809468
5248000	2065.43	231	3014	21218.86	6.350301	7.446809	78.336914	0.9146026
5264000	1817.23	231	3014	21283.63	6.508099	8.122697	106.384224	0.8699437
5280000	1673.73	231	3019	21347.99	7.972424	12.6041355	206.44342	0.9307158
5296000	1716.8	617	3019	21412.51	8.103706	11.14198	172.21307	0.904032
5312000	1719.75	231	3019	21476.88	7.8135843	10.517667	102.85323	1.0098848
5328000	1740.58	231	2999	21541.85	7.985845	11.138888	130.50995	1.098682
5344000	1621.9	231	2999	21606.06	8.113155	11.068948	139.60143	1.0951447
5360000	1821.95	231	3004	21670.61	8.535686	14.211069	186.22243	1.0502582
5376000	1853.47	231	3004	21735.32	7.121124	11.037693	175.92007	0.74789715
5392000	1957.45	231	3006	21799.53	6.324418	10.296414	189.1911	0.86446404
5408000	2003.25	231	3006	21863.85	7.014065	10.810359	140.12529	0.7238353
5424000	2054.46	620	3014	21928.35	6.7214074	9.93649	164.45929	0.6838961
5440000	2133.9	636	3015	21993.35	6.663101	8.524887	83.575264	0.8978114
5456000	2042.1	636	3015	22057.97	6.361302	9.003805	139.05272	0.78929937
5472000	2029.61	636	3015	22122.74	6.052423	7.0414367	76.92122	0.8344045
5488000	1854.79	620	3000	22187.62	5.685952	6.402046	71.5	0.75826776
5504000	1908.49	226	3000	22252.41	7.245855	12.013541	180.4721	0.85938156
5520000	1812.18	226	3011	22316.85	8.318422	9.849703	156.60074	1.1764648
5536000	1776.16	226	3011	22381.33	9.214857	11.049892	142.22516	0.9584869
5552000	1796.46	218	3006	22445.75	10.63957	12.573193	141.51686	1.3133485
5568000	1965.46	218	3006	22510.62	9.040184	9.738157	96.62361	1.3120205
5584000	1813.44	222	3015	22575.06	10.196524	12.384887	111.28503	1.3107572
5600000	1613.52	231	3015	22640.43	9.313227	10.862152	136.94641	1.1203547
5616000	1594.16	567	3005	22705.02	8.790618	10.525013	90.85811	0.96236575
5632000	1625.48	567	3004	22769.45	8.643278	11.256836	137.36755	1.0413485
5648000	1714.26	502	3007	22834.54	9.865138	13.657835	231.01666	1.3200872
5664000	1788.42	502	3007	22899.93	8.797676	10.4650955	111.92599	1.2851479
5680000	1936.23	502	3007	22964.98	8.805066	9.303202	85.5957	1.4172103
5696000	1978.07	231	3020	23029.47	9.473737	12.205179	151.57579	1.5093268
5712000	2005.75	231	3020	23093.64	9.25024	10.566755	126.52299	1.6282277
5728000	1972.9	231	3018	23158.5	9.020252	9.365193	133.64485	1.7777522
5744000	2003.42	231	3018	23223.27	8.490861	9.706913	159.25964	1.5301814
5760000	1683.82	231	3021	23287.89	8.007497	8.5799675	123.75237	1.3251506
5776000	1710.83	231	3021	23351.83	8.993618	9.966779	130.52994	1.6507692
5792000	1855.5	222	3017	23416.86	8.438612	9.395988	153.28973	1.714001
5808000	1869.37	222	3013	23481.73	8.216919	10.793767	139.20294	1.0950495
5824000	1877.29	217	2991	23546.13	6.7361083	8.190804	75.83464	0.9413573
5840000	1950.79	217	3007	23610.83	6.2518563	7.080869	110.33546	0.7380229
5856000	1980.6	217	3007	23674.95	6.174388	7.944235	104.698975	0.6195822
5872000	2083.99	218	3010	23739.9	5.286515	8.488538	145.30237	0.53909516
5888000	2176.07	231	3014	23804.13	4.575043	7.341375	118.99713	0.6636408
5904000	2293.63	231	3014	23868.7	4.6816134	7.4474745	113.706184	0.66778874
5920000	2178.6	231	3014	23933.47	4.263519	4.3511457	55.969215	0.68621814
5936000	2291.19	231	3014	23997.4	5.0711446	6.9684925	95.7835	0.48556742
5952000	2297.02	231	3013	24062.26	5.129613	6.930687	136.63046	0.8814464
5968000	2420.87	609	3016	24127.41	5.3194504	7.59096	103.59542	0.7882241
5984000	2490.5	609	3022	24192.3	5.54205	6.734823	113.51089	0.68259346
6000000	2450.83	609	3022	24256.94	5.3810716	7.5506144	117.555405	0.8413924
6016000	2477.36	616	3022	24321.64	5.215565	7.802556	164.64883	0.4743274
6032000	2348.11	217	3013	24386.48	4.957828	6.1552625	93.34523	0.8709131
6048000	2283.55	217	3019	24451.59	5.5774817	7.999305	122.54131	0.7706124
6064000	2075.04	217	3019	24516.24	5.642333	7.0722437	123.5177	0.6411008
6080000	2054.64	231	3018	24580.21	5.829169	6.655119	79.46381	0.8618386
6096000	2045.22	231	3019	24644.96	6.2547584	7.593925	74.84392	0.546276
6112000	2103.12	231	3019	24709.73	6.2916584	8.672666	149.69669	0.8845222
6128000	2272.98	231	3019	24773.73	6.696226	8.256842	84.865	0.98259366
6144000	2346.51	618	3019	24837.95	6.1875668	7.886901	150.30202	1.038636
6160000	2297.3	620	3019	24902.77	5.574998	7.635865	138.54552	0.8768404
6176000	2245.71	620	3017	24967.99	5.864717	7.287932	142.89502	0.8972
6192000	2291.02	620	3009	25032.53	5.0827646	5.1928964	60.373146	0.79093766
6208000	2315.93	620	3021	25097.26	5.181794	6.20418	76.11835	0.8938284
6224000	2369.9	635	3021	25161.95	5.1371655	6.8939457	135.45773	0.85628366
6240000	2220.63	635	3021	25226.22	5.3734813	7.5231934	125.83165	0.77085584
6256000	2092.35	580	3019	25290.96	6.051987	7.686716	66.34032	0.8108245
6272000	1977.35	580	3019	25354.94	5.387314	5.456243	42.658253	0.7158556
6288000	2075.78	616	3020	25419.15	6.0192122	9.60151	126.624115	0.6295233
6304000	2005.14	616	3020	25483.96	6.7982297	9.652456	130.05045	0.807467
6320000	1987.2	605	3018	25549.3	6.1981044	7.096803	78.896965	0.75725645
6336000	1848.68	605	3007	25613.38	7.219509	11.32296	149.07956	0.76975846
6352000	1765.72	601	3013	25678.18	7.0047393	9.57932	123.951195	0.8489284
6368000	1802.4	231	3013	25743.17	7.4266477	10.994745	131.37802	0.73208547
6384000	1862.46	231	3018	25807.68	7.918667	10.419239	105.73688	0.82125187
6400000	1857.4	231	3018	25872.19	7.4045258	10.305059	122.93755	0.68441534
6416000	1903.63	231	3018	25937.04	7.9610066	10.257921	90.92413	0.7221713
6432000	2002.49	1327	3009	26001.92	6.9473786	8.641553	75.10024	0.6300755
6448000	2204.11	1404	3017	26065.88	6.8847785	9.70272	85.279785	0.56545186
6464000	2189.62	1046	3017	26130.37	5.889448	7.6580863	70.608025	0.6227039
6480000	2292.21	1046	3017	26194.61	6.2265344	8.227903	85.44662	0.37455928
6496000	2284.86	1046	3016	26258.73	5.0658765	6.4935484	54.162663	0.7050866
6512000	2399.1	1049	3014	26322.76	4.256109	5.490432	83.64398	0.64994526
6528000	2484.29	811	3022	26387.64	4.465271	5.3667006	55.507095	0.6905786
6544000	2461.88	620	3022	26452.6	4.210734	4.6155024	40.0299	0.73849106
6560000	2280.01	620	3022	26517.17	4.8833222	6.3995037	119.13247	0.84228355
6576000	2111.6	620	3022	26581.98	4.589578	5.950836	77.24419	0.90088844
6592000	2116.5	620	3016	26646.33	5.1171093	6.9158235	96.237564	0.68499565
6608000	2197.75	620	3018	26711.37	5.0360093	6.904002	121.01353	0.80384576
6624000	2325.9	231	3022	26775.78	5.66005	9.177975	113.79527	0.8533664
6640000	2215.54	231	3022	26840.75	5.480671	8.374699	116.893074	0.73304784
6656000	2180.87	231	3022	26904.74	4.9910145	6.8814726	92.72656	0.6286092
6672000	2199.12	620	3022	26969.29	5.362408	8.194803	102.83248	0.6067561
6688000	2190.36	620	3022	27033.31	4.8752255	6.429289	100.33824	0.76413214
6704000	1998.41	636	3019	27098.15	5.2297783	7.2998986	81.65651	0.6807338
6720000	1884.12	635	3021	27162.54	6.0181293	9.332339	145.56512	0.53899574
6736000	2027.88	620	3023	27227.07	5.874383	8.318053	146.58589	0.7535851
6752000	1905.34	620	3023	27291.63	6.5690985	10.254314	129.46301	0.72300124
6768000	1710.55	759	3022	27356.4	6.9972277	11.313268	148.5557	0.63235956
6784000	1862.86	759	3018	27421.3	7.182377	9.712649	66.5742	0.7378496
6800000	1831.3	620	3018	27486.22	7.460253	11.70942	156.14882	0.6817684
6816000	1841.54	620	3019	27550.89	6.8144207	9.570424	132.29346	0.6654339
6832000	2046.9	620	3019	27615.84	7.338868	10.368099	131.76811	0.5772301
6848000	2238.73	620	3019	27680.21	7.350676	10.245323	135.43257	0.80648994
6864000	2253.59	597	3021	27745.02	6.6442184	8.719349	108.34307	0.7154166
6880000	1981.85	597	3021	27809.74	6.7653594	8.34127	108.55251	1.015495
6896000	1842.1	618	3025	27874.53	6.604333	7.1704125	64.631546	1.0089892
6912000	1696.81	231	3025	27938.93	6.703201	7.9747553	72.25151	1.0176702
6928000	1794.93	231	3020	28003.19	6.390481	8.5876045	71.183205	0.84214073
6944000	2006.34	231	3020	28067.96	6.5238147	8.420627	73.085205	0.93111336
6960000	2333.14	231	3022	28132.49	6.0651445	10.207988	161.7053	0.743318
6976000	2380.08	231	3022	28196.82	5.491225	7.0010004	68.74704	0.7497833
6992000	2296.17	231	3022	28260.71	6.086747	8.646512	89.03334	0.8154311
7008000	2262.95	231	3020	28325.23	6.107087	9.791477	101.50779	0.9119563
7024000	2323.29	231	3019	28389.37	5.992552	9.430474	97.62313	0.65397763
7040000	2256.77	231	3019	28454.23	5.9099264	9.188115	102.72023	0.73486805
7056000	2139.13	231	3019	28518.61	6.3206587	11.383762	143.141	0.68189645
7072000	2162.89	231	3011	28583.12	6.616435	10.474018	89.95052	0.73152006
7088000	2285.94	231	3023	28647.65	6.4207892	9.985812	137.3158	0.63330764
7104000	2423.58	231	3026	28712.53	5.969145	12.03129	135.40579	0.658249
7120000	2483.42	1049	3026	28777.29	5.17379	8.327668	77.151985	0.679986
7136000	2379.98	231	3026	28841.41	6.645576	12.108143	120.03762	0.69000816
7152000	2293.88	231	3019	28905.75	5.8275123	9.314793	112.12538	0.7495582
7168000	2227.47	231	3020	28970.83	6.1808596	9.702465	99.73057	0.78203535
7184000	2344.87	443	3020	29035.26	5.6725793	9.265609	152.99632	0.73475903
7200000	2241.45	231	3020	29099.5	6.0465975	8.391289	135.57478	0.7187592
7216000	2339.81	231	3020	29163.96	6.3073344	8.399566	94.41031	0.77213645
7232000	2347.77	231	3019	29228.77	5.884417	9.901434	119.60808	0.61393356
7248000	2371.18	231	3020	29292.93	5.748538	8.408301	96.44465	0.5075711
7264000	2357.14	443	3020	29357.43	5.369311	8.564848	135.37384	0.60146314
7280000	2383.23	1037	3020	29421.54	4.4709663	6.470363	105.64574	0.6531521
7296000	2381.43	1049	3020	29486.11	4.773596	7.540875	80.81747	0.578704
7312000	2411.91	1035	3015	29550.28	4.1445546	5.1566634	64.51784	0.5521523
7328000	2444.12	810	3012	29614.71	4.696382	6.501895	80.07831	0.64938897
7344000	2376.29	231	3012	29679.16	4.5368624	6.2765417	78.87298	0.5982151
7360000	2425.21	231	3019	29743.78	5.276177	7.950995	109.73854	0.6371643
7376000	2486.31	231	3019	29809.02	5.0176005	9.328377	126.39468	0.5890036
7392000	2378.28	231	3019	29873.41	5.349173	8.332509	116.175	0.62973857
7408000	2379.87	231	3022	29938.15	5.1463246	7.662609	106.43595	0.6219083
7424000	2373.63	231	3023	30002.74	5.842697	9.430381	133.07289	0.58910275
7440000	2393.7	231	3023	30067.14	5.256486	9.182811	116.266716	0.4701237
7456000	2409.16	231	3026	30131.77	4.79439	6.5019293	63.104343	0.5328965
7472000	2439.21	231	3026	30196.53	5.523201	8.34074	106.09776	0.6489433
7488000	2309.32	231	3026	30261.01	5.3897147	7.1599355	68.02016	0.5831361
7504000	2232.19	231	3021	30325.09	5.0635195	6.6436467	60.752605	0.5134207
7520000	2183.73	231	3021	30389.64	5.527247	6.5829177	55.58554	0.5708287
7536000	2170.78	231	3021	30454.11	5.980576	6.9407854	65.37632	0.5357802
7552000	2149.63	795	3021	30518.77	6.6506777	8.833514	114.51358	0.67096263
7568000	2107.97	810	3023	30582.56	6.987161	8.682477	129.04736	0.85570526
7584000	2146.0	810	3023	30646.82	6.268467	7.719888	83.951965	0.8029648
7600000	2403.41	1040	3024	30711.12	6.241552	7.6592445	103.08126	0.88632977
7616000	2509.06	1040	3024	30776.03	6.028175	7.060644	73.54888	0.6577753
7632000	2555.96	1037	3024	30840.82	5.6535907	6.7534513	68.37505	0.68024695
7648000	2534.9	231	3023	30905.27	5.5809913	7.2885103	116.117615	0.8315811
7664000	2446.01	231	3023	30970.33	5.38205	6.430168	69.41064	0.75377023
7680000	2415.0	231	3023	31034.81	5.0204544	6.312527	78.90635	0.65301615
7696000	2425.8	231	3022	31099.32	5.5064893	8.695422	109.486336	0.7652705
7712000	2489.13	231	3025	31164.09	5.852457	9.0283575	101.835434	0.44351164
7728000	2438.06	231	3025	31228.59	5.577294	8.122821	102.92319	0.7872788
7744000	2339.59	231	3025	31293.5	6.3352213	10.52049	124.34492	0.847534
7760000	2259.49	231	3025	31357.93	5.6184855	9.614719	161.21664	0.6583167
7776000	2308.16	599	3025	31422.31	5.4195585	7.9588823	112.13792	0.8849011
7792000	2275.01	231	3023	31487.31	4.6743574	7.488722	135.99265	0.6301797
7808000	2484.18	231	3026	31551.89	4.9758396	7.588093	103.45904	0.72497654
7824000	2482.94	231	3026	31616.73	4.87838	8.635626	166.83844	0.59747624
7840000	2593.12	1037	3026	31681.18	4.84	7.623846	115.165115	0.53693986
7856000	2550.77	1037	3027	31745.06	4.3562517	5.5912557	56.04379	0.5729038
7872000	2427.96	767	3027	31808.63	4.6672997	6.507953	78.55963	0.633649
7888000	2309.92	620	3027	31873.57	5.4810653	8.7508335	117.474396	0.7002387
7904000	2308.57	598	3023	31938.62	5.0753856	7.3909745	110.22728	0.6788802
7920000	2401.59	598	3025	32003.51	5.438665	7.2522964	93.56075	0.8206866
7936000	2415.32	598	3025	32068.36	4.9364796	6.683126	80.07466	0.8261267
7952000	2448.01	636	3025	32132.9	5.6207247	8.113171	101.535576	0.87350214
7968000	2435.35	231	3025	32197.51	5.495887	8.066866	107.303856	0.7686772
7984000	2404.06	231	3025	32261.72	5.658819	8.368784	100.413445	0.8736212
8000000	2224.87	231	3025	32326.36	5.5105996	8.073304	76.853645	0.69373786
8016000	1915.44	636	3025	32390.46	5.872008	11.07346	152.69583	0.63210666
8032000	1900.71	636	3025	32454.52	6.5171185	9.67258	103.81091	0.5976546
8048000	1985.79	231	3025	32518.99	7.500401	11.823091	103.58996	0.83420765
8064000	1997.99	231	3024	32583.5	9.05034	14.646397	168.03831	0.9290637
8080000	1973.99	231	3025	32647.5	9.29535	15.655961	169.49315	0.8365912
8096000	1907.4	810	3025	32712.24	9.720025	15.1928425	130.5223	0.5795536
8112000	2103.75	810	3022	32775.91	8.748795	13.720395	122.81847	0.6012532
8128000	2246.47	809	3023	32840.68	9.216097	13.81145	107.470566	0.6618689
8144000	2409.36	231	3026	32905.55	8.263912	13.091655	107.51673	0.6522445
8160000	2394.94	231	3026	32970.01	7.316001	11.643111	112.63056	0.6820038
8176000	2392.54	231	3026	33035.0	6.1971674	10.087409	141.2501	0.6906493
8192000	2329.33	636	3026	33100.25	5.843581	8.762743	131.00484	0.7134049
8208000	2287.0	231	3026	33164.92	5.680355	8.055274	90.04816	0.75791484
8224000	2200.91	231	3025	33229.39	7.256695	10.499191	122.600494	0.8553392
8240000	2351.6	231	3026	33292.95	7.0078397	9.609519	94.28667	0.8504255
8256000	2295.73	231	3026	33358.52	5.389915	6.7074375	79.67613	0.69996893
8272000	2379.71	231	3026	33422.88	6.7702293	9.972686	106.59362	0.628609
8288000	2343.34	231	3024	33487.54	7.0886354	10.00151	89.62422	0.860042
8304000	2393.36	231	3024	33552.32	6.75089	9.296943	93.386215	0.66689116
8320000	2377.4	231	3024	33617.43	6.307968	10.035746	137.53229	0.67297786
8336000	2360.2	231	3024	33682.3	6.2155695	10.123484	116.24139	0.63995486
8352000	2262.35	231	3023	33746.86	6.365036	9.39889	116.85252	0.65424615
8368000	2240.92	620	3023	33811.61	6.6503363	10.494664	101.72685	0.606569
8384000	2167.41	620	3021	33876.57	6.6413894	9.642252	98.154655	0.68094873
8400000	1897.01	231	3024	33941.67	6.4364376	9.399643	98.8821	0.672269
8416000	1924.38	231	3024	34006.69	5.8524323	7.973836	114.29772	0.49657404
8432000	2050.48	599	3025	34070.27	6.295993	10.240422	186.14348	0.6736037
8448000	2162.26	636	3025	34133.64	6.4427648	10.515871	145.66463	0.6294723
8464000	2160.01	760	3025	34197.96	5.879576	8.45159	80.45841	0.60413605
8480000	2280.72	594	3024	34262.59	5.37198	7.540745	76.07858	0.5231977
8496000	2359.04	594	3025	34327.39	5.5458546	8.3038	88.16912	0.57567954
8512000	2297.84	594	3025	34392.52	5.519575	7.418334	74.05476	0.7314381
8528000	2104.65	636	3025	34457.58	5.7347302	7.212984	65.14589	0.72111624
8544000	2152.57	636	3025	34522.7	5.4577575	8.098887	95.807175	0.6992488
8560000	2277.07	636	3025	34587.42	5.5710607	7.701775	66.50788	0.60605323
8576000	2359.4	1052	3025	34652.16	5.390132	7.240471	73.29109	0.6115563
8592000	2310.64	636	3022	34716.42	5.470185	7.191777	72.64955	0.76879925
8608000	2314.58	231	3026	34780.35	5.410999	7.2880783	82.72992	0.79213613
8624000	2289.2	231	3026	34843.7	5.697651	7.570541	74.36291	0.59842235
8640000	2339.85	231	3026	34907.67	5.882384	7.9601283	118.96701	0.6606576
8656000	2342.57	231	3025	34972.23	4.9713516	6.1503444	60.7532	0.6601787
8672000	2418.7	231	3025	35036.61	5.40468	6.8829975	75.73684	0.78957134
8688000	2431.26	636	3025	35101.26	5.3193927	6.151463	65.599205	0.616539
8704000	2421.1	231	3025	35165.97	6.5076	9.334794	86.02829	0.89387286
8720000	2451.23	231	3027	35230.91	5.7530675	6.9706054	63.611645	0.60841143
8736000	2410.38	231	3027	35296.42	5.460173	7.094891	72.10544	0.78152066
8752000	2012.22	636	3027	35361.92	5.667094	7.162233	88.68879	0.68034995
8768000	1831.84	231	3025	35426.93	6.6104856	8.165429	84.41643	0.86222535
8784000	1956.0	231	3025	35491.8	7.011214	8.710245	73.41701	0.75612974
8800000	2361.38	231	3026	35557.1	6.89254	10.318638	92.57496	0.7170327
8816000	2546.93	231	3026	35622.39	6.9191804	10.328754	125.93768	0.6727433
8832000	2573.62	231	3026	35687.43	6.2209244	9.032378	116.92711	0.40561837
8848000	2527.22	231	3027	35752.05	5.9590263	7.969692	105.02763	0.7246945
8864000	2473.29	231	3027	35817.21	5.543585	8.816622	130.96196	0.6526194
8880000	2245.51	636	3027	35881.57	5.240967	9.414801	117.52065	0.5008291
8896000	2182.22	633	3027	35946.41	6.3747287	12.382239	155.4973	0.65042216
8912000	2297.76	633	3026	36010.92	6.459163	12.195059	183.81802	0.5440168
8928000	2329.96	633	3025	36075.92	6.3953896	9.743504	133.39212	0.6568986
8944000	2532.2	636	3025	36140.86	6.668476	10.938845	145.75406	0.6852186
8960000	2552.75	636	3026	36205.46	5.954359	9.282858	115.519226	0.7632658
8976000	2616.74	636	3026	36269.48	6.5963397	10.129832	138.93494	0.6688169
8992000	2659.15	636	3026	36334.57	4.584816	6.753759	90.31014	0.5398629
9008000	2669.81	636	3026	36399.05	4.531758	7.2402673	75.76781	0.5863456
9024000	2709.82	636	3026	36463.66	3.9725795	5.9136066	63.657	0.48012388
9040000	2732.04	231	3026	36528.23	3.6642807	4.819569	49.72756	0.4427753
9056000	2569.13	231	3025	36592.9	3.8318188	5.4722385	57.51991	0.4911994
9072000	2523.5	231	3024	36657.45	4.551961	7.0428667	83.17483	0.49379042
9088000	2473.5	589	3026	36722.0	4.843041	8.127885	106.254196	0.6495321
9104000	2510.09	589	3026	36786.89	5.0442996	10.686536	120.61639	0.5319227
9120000	2563.97	589	3027	36851.68	5.1288123	11.730532	218.96497	0.5285923
9136000	2480.43	1049	3027	36916.53	5.2501087	10.98942	115.91238	0.46832746
9152000	2319.38	231	3026	36981.9	5.1030188	9.720602	105.95121	0.51984286
9168000	2210.94	231	3025	37046.13	6.067254	11.284699	128.39124	0.6316862
9184000	2252.17	231	3025	37110.1	6.2280045	10.946577	108.08941	0.45999986
9200000	2250.96	231	3023	37174.94	7.0034995	11.297769	115.8308	0.74056184
9216000	2212.92	267	3024	37239.66	7.8369603	13.465177	172.46605	0.68610394
9232000	2079.68	267	3024	37304.12	7.7629647	13.5724125	208.07579	0.6299957
9248000	2114.45	267	3025	37368.82	7.1171904	11.915677	176.45291	0.66960394
9264000	2161.42	596	3025	37433.42	6.854412	11.272047	119.12223	0.6703193
9280000	2262.71	616	3025	37497.96	7.0348544	10.305123	138.88066	0.5946914
9296000	2179.94	616	3024	37563.19	6.7397857	7.8803005	59.10207	1.0848768
9312000	2237.62	793	3024	37627.31	6.720488	9.397195	161.52736	0.9634917
9328000	2291.88	443	3025	37692.63	6.6912627	9.34935	123.09423	0.83641875
9344000	2424.62	231	3026	37757.39	5.134175	5.679319	55.18358	0.68662447
9360000	2551.78	231	3026	37822.41	5.4733825	6.803964	78.10704	0.82445323
9376000	2497.25	231	3027	37887.32	5.483488	6.904007	103.80325	0.64180374
9392000	2443.72	636	3027	37951.83	4.9248805	6.1227283	118.31485	0.6887427
9408000	2405.95	636	3027	38017.21	5.1478696	6.6062636	89.628624	0.7958255
9424000	2420.36	636	3025	38081.8	4.5401964	4.9304733	61.137077	0.67112833
9440000	2545.81	562	3026	38147.06	4.5136857	5.25002	95.957375	0.71564513
9456000	2537.84	231	3027	38211.74	5.06451	8.464776	173.78493	0.8894213
9472000	2626.13	231	3027	38276.55	5.6068726	9.39323	134.94452	0.46147966
9488000	2634.13	231	3027	38341.28	4.985	7.5876236	100.85022	0.81001943
9504000	2736.66	620	3024	38406.06	4.827771	6.173297	74.64546	0.6877958
9520000	2773.43	620	3027	38470.79	4.7803016	6.5611773	85.98238	0.7436346
9536000	2645.93	620	3027	38535.92	5.5195484	10.601466	153.43002	0.8783151
9552000	2389.78	620	3027	38600.28	4.251656	5.4315004	91.565796	0.7197098
9568000	2298.38	620	3025	38665.03	3.9286406	5.04546	55.875282	0.63933015
9584000	2350.26	267	3025	38729.64	4.221297	6.1043954	88.95243	0.5461786
9600000	2442.27	267	3025	38795.01	4.6708384	7.2354345	143.01265	0.550039
9616000	2494.69	267	3025	38859.64	4.422056	5.554641	66.669586	0.5845896
9632000	2599.83	636	3026	38924.63	4.4143972	6.483519	86.285805	0.39536032
9648000	2572.98	636	3027	38989.57	4.5818067	6.866865	89.72493	0.5306339
9664000	2633.19	807	3027	39054.4	4.0805755	6.340666	92.49879	0.45201692
9680000	2545.85	807	3027	39119.43	4.0841084	6.7612343	78.572876	0.43104452
9696000	2503.18	636	3027	39184.59	4.3675265	8.615231	101.10717	0.42179298
9712000	2503.08	231	3027	39249.48	4.659338	9.056992	99.512726	0.48610768
9728000	2409.98	231	3027	39313.94	4.723415	11.464624	185.20439	0.47563577
9744000	2319.45	231	3027	39378.73	5.6893716	9.461585	81.64188	0.54455614
9760000	2224.3	231	3026	39442.99	5.8186693	10.565985	127.75829	0.5580548
9776000	2232.57	589	3026	39507.63	6.4906855	10.396091	122.75844	0.562239
9792000	2282.68	589	3026	39572.47	7.003649	10.978179	127.950066	0.65419245
9808000	2358.43	589	3026	39637.56	5.9126554	8.631863	101.44373	0.71641254
9824000	2424.89	231	3026	39702.22	6.7633886	10.050903	146.86067	0.82969856
9840000	2494.69	231	3026	39766.84	5.281067	6.949106	85.70122	0.7461669
9856000	2608.08	231	3026	39831.56	5.834085	8.513605	82.89659	0.6854842
9872000	2486.48	231	3022	39894.94	5.793446	9.054218	95.358185	0.70425457
9888000	2324.04	636	3022	39959.56	5.695645	8.38381	82.345406	0.77176046
9904000	2223.64	636	3020	40024.1	5.433385	8.909695	126.471855	0.76443654
9920000	2254.26	636	3027	40088.76	5.2379704	7.245394	63.45539	0.7610967
9936000	2330.54	636	3027	40153.54	4.9581103	6.689809	67.01899	0.49956265
9952000	2495.37	1049	3027	40218.06	4.818504	6.086964	49.58364	0.6849785
9968000	2501.01	231	3025	40282.65	5.143572	6.6397533	79.28779	0.6308546
9984000	2401.83	231	3025	40348.0	5.0779405	6.3211026	73.77265	0.65210545
10000000	2337.82	231	3025	40412.36	5.0181727	6.8046193	60.90875	0.5918035
10016000	2216.31	699	3026	40477.2	4.8729725	5.9945154	53.92016	0.5724931
10032000	2273.14	231	3027	40541.64	4.987427	6.379652	55.64788	0.63027775
10048000	2277.4	231	3027	40607.13	6.273694	9.214848	150.22481	0.74322975
10064000	2348.91	231	3027	40672.18	5.4507804	7.0169044	122.72812	0.5856874
10080000	2442.59	758	3025	40736.44	5.393749	7.160959	104.739586	0.6950233
10096000	2469.08	758	3026	40799.99	5.1877756	6.1044044	96.05367	0.6994883
10112000	2500.25	737	3026	40864.35	5.828461	7.065846	74.28899	0.62407064
10128000	2559.08	737	3026	40928.5	4.829291	8.483148	208.40639	0.4112079
10144000	2591.96	737	3025	40992.5	5.041955	12.341896	334.04535	0.7692047
10160000	2621.58	1038	3024	41056.54	5.256837	8.885366	133.55884	0.59720117
10176000	2580.25	636	3024	41119.96	4.835482	5.7807493	67.106224	0.5948253
10192000	2555.35	636	3026	41184.68	4.7521486	6.014667	76.85547	0.7509251
10208000	2553.94	636	3026	41248.42	4.2340593	4.882171	61.652622	0.64165723
10224000	2583.99	809	3026	41312.47	5.0127215	5.8713207	57.242092	0.7464208
10240000	2560.16	811	3026	41378.22	4.57196	5.6423893	66.33083	0.60915697
10256000	2621.79	811	3026	41442.57	4.7236266	5.6371455	37.65378	0.6321627
10272000	2592.37	811	3026	41507.65	4.3804107	5.319272	59.42307	0.63119954
10288000	2728.32	1036	3027	41572.79	4.4912744	4.994884	58.034084	0.47099635
10304000	2707.25	1036	3027	41637.64	3.8763509	4.648251	64.015274	0.51297176
10320000	2753.44	636	3027	41702.89	3.5682461	4.5438075	65.93745	0.44048372
10336000	2764.93	636	3027	41767.7	3.6285908	4.3506694	34.036438	0.36596206
10352000	2768.31	636	3027	41833.28	2.978021	3.784552	49.21629	0.34442094
10368000	2755.46	626	3027	41898.08	2.6644044	3.3595808	40.625683	0.378078
10384000	2706.09	626	3027	41962.55	3.1557827	5.0492024	78.70113	0.38936388
10400000	2595.22	626	3027	42027.19	3.7350512	6.681817	123.40877	0.37595242
10416000	2567.16	626	3027	42091.91	3.882394	6.8577704	120.37246	0.40195253
10432000	2487.01	620	3027	42156.56	4.536091	6.5045877	93.4674	0.660999
10448000	2531.0	620	3026	42220.87	5.180085	9.3953705	112.92592	0.5863083
10464000	2556.9	620	3026	42285.3	4.7445354	7.1807218	104.182625	0.3595007
10480000	2514.15	626	3026	42350.33	5.021997	7.4293103	107.54686	0.6765156
10496000	2537.42	626	3025	42415.19	5.4553337	8.196996	81.80762	0.4968874
10512000	2170.76	620	3025	42480.49	6.0801783	9.257685	86.25584	0.56329536
10528000	2080.28	620	3025	42545.01	6.9806504	12.294777	123.82924	0.76482904
10544000	1683.67	618	3022	42609.36	9.271921	17.416283	215.17732	0.6460255
10560000	1498.16	587	3021	42674.15	13.538183	22.473524	167.6933	0.756026
10576000	1478.39	231	3021	42738.72	14.015594	22.83992	201.3976	0.83124304
10592000	1484.57	231	3018	42803.57	13.459166	20.536177	199.0651	0.9143074
10608000	1677.11	443	3022	42868.13	16.358536	26.362358	254.90027	1.0714134
10624000	1935.99	443	3024	42933.68	15.2289505	22.977364	171.45387	1.3197548
10640000	1990.16	618	3024	42998.29	13.357901	20.371737	193.50221	1.109382
10656000	2198.45	618	3024	43062.74	12.48517	17.40272	170.38156	1.3092219
10672000	2338.63	231	3024	43127.79	12.328979	18.313557	207.40785	0.97922707
10688000	2401.61	231	3024	43192.91	8.356359	12.873294	164.97891	0.9586786
10704000	2473.45	231	3024	43257.13	8.329606	16.256203	264.45688	1.1222274
10720000	2569.15	231	3023	43322.32	6.6129355	10.717019	129.65816	0.8573123
10736000	2586.42	620	3023	43387.27	5.3015203	6.718668	89.41212	0.7110266
10752000	2548.55	620	3023	43451.71	5.4285235	10.251959	137.67583	0.6854117
10768000	2370.7	231	3028	43515.95	5.6532316	9.660094	101.151245	0.6322363
10784000	2336.3	231	3028	43580.17	6.540381	12.119577	129.7998	0.78169036
10800000	2093.7	231	3028	43644.83	5.9234123	13.249088	189.07962	0.62728137
10816000	2241.54	620	3027	43708.91	9.1609745	17.50145	139.47475	0.7075685
10832000	2249.66	231	3027	43773.51	8.146967	15.947723	120.34203	0.4621969
10848000	2232.58	231	3027	43837.92	8.135855	15.173928	148.01831	0.5276464
10864000	2027.66	231	3026	43902.47	8.627145	16.789755	132.96669	0.63652164
10880000	2067.06	617	3026	43967.0	8.741377	15.961381	119.49098	0.6874805
10896000	1909.55	231	3026	44031.42	9.02206	17.254757	211.20847	0.61096567
10912000	1843.22	231	3027	44095.85	10.886486	19.649136	147.78061	0.6975117
10928000	1853.36	231	3027	44160.13	11.967158	20.070814	202.62875	0.8918078
10944000	2145.33	617	3026	44224.87	10.448789	19.1354	167.27606	0.7192828
10960000	1807.81	590	3026	44289.13	11.924705	21.666574	254.13196	0.7085413
10976000	1795.57	587	3024	44353.9	10.708861	19.14509	248.08592	0.91735375
10992000	1963.91	587	3027	44418.16	13.602823	25.826828	254.48349	0.7956078
11008000	1965.47	616	3027	44482.79	13.136673	22.255249	249.8202	1.0481448
11024000	1923.05	620	3027	44547.03	12.589648	20.49382	228.3175	0.9231235
11040000	1769.09	615	3024	44611.23	12.191631	20.99035	222.28656	1.0054357
11056000	1937.24	615	3024	44675.42	11.98517	20.513699	193.2511	0.86954087
11072000	2154.73	618	3027	44740.17	9.961655	15.803099	194.733	1.0022559
11088000	2379.96	609	3027	44805.11	8.812775	13.0603	105.38886	0.9651116
11104000	2460.75	609	3027	44869.45	9.032301	14.691159	178.98268	0.9557973
11120000	2568.93	609	3027	44934.07	8.644852	15.182432	187.27756	1.0114541
11136000	2594.55	609	3027	44998.4	6.674787	10.094856	113.596924	0.7562942
11152000	2614.12	620	3026	45063.02	6.026449	9.497944	103.85939	0.8028885
11168000	2582.36	1048	3025	45127.47	5.3924365	9.972745	151.35379	0.77057296
11184000	2608.45	636	3024	45191.99	5.503488	10.911348	210.4919	0.6513565
11200000	2552.75	231	3024	45256.4	5.232241	7.430172	120.005974	0.62072015
11216000	2575.03	231	3024	45321.41	5.3917003	7.9954066	127.239685	0.85085404
11232000	2533.07	231	3024	45386.05	5.8585963	10.016004	143.05554	0.9300815
11248000	2532.28	614	3027	45450.32	5.9862785	9.351102	142.75671	0.78803194
11264000	2628.41	614	3027	45514.75	5.711607	9.414923	158.89478	0.84596217
11280000	2706.36	635	3027	45578.96	5.505042	6.575267	72.63346	0.7567998
11296000	2576.99	231	3027	45643.52	5.6385994	7.7043324	84.96744	0.61812747
11312000	2309.74	231	3027	45707.77	5.6831203	9.079527	124.50132	0.563721
11328000	2317.24	231	3025	45772.66	5.894138	8.220858	98.276955	0.73099494
11344000	2368.77	620	3025	45837.59	5.990279	10.150373	136.29633	0.7030245
11360000	2427.96	620	3025	45901.62	6.348549	9.714353	100.315796	0.6774305
11376000	2365.67	620	3027	45965.74	6.810597	10.54915	136.09497	0.79009116
11392000	1809.93	626	3027	46030.55	8.016698	13.269961	121.78895	0.96041596
11408000	1891.14	626	3025	46095.37	8.861217	11.294066	122.731514	0.7903774
11424000	1984.39	626	3025	46159.94	9.829521	15.181742	224.78589	0.7431533
11440000	2435.22	626	3025	46224.23	11.343996	16.535622	137.20383	1.1011008
11456000	2389.4	620	3025	46288.0	10.5551195	15.024408	129.90358	0.8641902
11472000	2525.42	604	3027	46352.67	12.082559	17.353071	162.87938	0.96994746
11488000	2575.28	604	3027	46417.32	10.105746	17.236853	173.62231	0.72777563
11504000	2527.18	231	3027	46481.95	6.251499	9.758727	120.53415	0.6203394
11520000	2412.24	231	3028	46547.15	6.282624	10.946559	133.70032	0.6271838
11536000	2457.0	231	3028	46611.44	6.0375986	11.096747	118.331635	0.6727873
11552000	2403.95	626	3028	46675.2	5.489662	9.111268	121.32999	0.69988185
11568000	2346.65	626	3026	46739.81	6.251695	10.351467	105.2515	0.46979156
11584000	2163.65	231	3027	46804.54	6.98312	13.799309	162.86339	0.7475059
11600000	2062.41	231	3027	46869.63	7.7135506	13.952472	143.3028	0.8232238
11616000	2227.62	231	3027	46934.29	8.21267	13.981084	194.39485	0.80690956
11632000	2289.12	589	3027	46998.94	8.860338	16.663145	167.12137	0.66723466
11648000	2435.54	609	3028	47063.33	8.371263	14.425953	133.05655	0.8050498
11664000	2476.62	609	3028	47128.09	6.6918945	11.658152	115.079575	0.85020196
11680000	2691.99	609	3028	47191.87	5.1774297	8.91755	96.90017	0.58615524
11696000	2691.3	1038	3026	47256.48	5.338282	9.032004	112.9626	0.4915396
11712000	2693.64	1038	3024	47320.25	4.4025135	6.955295	98.35196	0.44036683
11728000	2539.65	231	3026	47384.83	3.97662	6.533649	90.24727	0.46167022
11744000	2553.46	231	3028	47449.39	4.019532	5.4279504	64.20362	0.3935992
11760000	2597.6	231	3028	47514.36	3.780978	5.781515	77.00321	0.4776687
11776000	2694.59	810	3028	47578.87	3.9603453	5.966707	76.41051	0.46232998
11792000	2619.36	712	3028	47642.52	3.5846963	5.169798	69.27178	0.4807997
11808000	2579.26	231	3027	47707.41	4.4641	8.466114	135.83894	0.4117963
11824000	2562.06	231	3027	47771.47	3.934883	8.575726	113.152	0.43779102
11840000	2652.73	231	3025	47836.01	4.097494	8.530835	186.90558	0.5341432
11856000	2619.33	231	3028	47900.51	4.0553207	8.803409	155.47777	0.475281
11872000	2553.2	231	3028	47964.96	3.8347821	6.543974	121.96835	0.28276557
11888000	2554.33	231	3028	48028.91	4.5164533	9.538095	139.61124	0.5576781
11904000	2576.93	231	3026	48093.84	3.9109116	6.7815604	114.14521	0.4859098
11920000	2588.49	231	3026	48158.51	4.111171	8.420058	156.10162	0.51460135
11936000	2662.94	712	3026	48223.1	4.635841	10.786986	223.32199	0.5478832
11952000	2685.62	620	3026	48287.89	4.4043074	7.691158	103.03302	0.5648685
11968000	2664.31	620	3027	48352.32	4.1932316	6.4418354	101.392525	0.5773987
11984000	2505.74	620	3027	48417.09	4.1768622	7.959395	124.07744	0.5496062
12000000	2499.31	712	3028	48481.84	4.010042	5.620261	82.606155	0.61174536
12016000	2463.21	620	3028	48545.99	4.001165	6.0976305	87.79094	0.66072905
12032000	2584.22	620	3028	48610.84	4.6643333	6.0152855	53.803356	0.6060126
12048000	2614.46	618	3026	48675.47	4.4494157	7.9573274	180.57297	0.7288529
12064000	2666.12	618	3026	48739.53	4.040691	6.477911	106.550934	0.5135654
12080000	2775.05	618	3027	48803.65	4.4175906	6.8345847	116.01062	0.6371862
12096000	2755.82	714	3027	48868.51	3.8547428	4.8773565	75.33476	0.65122247
12112000	2715.87	714	3029	48932.89	3.7087765	5.649839	64.35188	0.5352651
12128000	2681.21	714	3029	48997.9	3.9889512	5.848002	78.96376	0.44570842
12144000	2626.1	620	3029	49062.46	4.0468726	5.681078	65.07956	0.51152015
12160000	2534.91	620	3028	49127.37	4.047255	6.2876387	89.75869	0.6099335
12176000	2485.69	620	3028	49192.02	4.2951317	6.969209	107.323555	0.5470104
12192000	2590.31	773	3028	49257.13	4.358937	6.3691473	102.03514	0.6431364
12208000	2636.45	773	3028	49321.49	4.5018234	6.5879374	80.564384	0.544225
12224000	2740.06	773	3027	49385.99	4.5868974	7.5057683	82.72125	0.6648995
12240000	2787.99	1330	3027	49450.29	4.1738205	5.965674	56.606655	0.5929675
12256000	2830.2	1319	3028	49514.66	3.767552	5.3681016	72.63242	0.49382618
12272000	2823.52	231	3028	49579.07	3.2445111	5.553401	65.798355	0.5001139
12288000	2710.36	231	3028	49643.65	3.4598858	6.414729	100.04596	0.3423968
12304000	2585.87	231	3028	49708.47	3.6466959	6.676671	88.22736	0.41668063
12320000	2542.35	231	3028	49773.13	3.6819627	6.030511	72.96302	0.44270965
12336000	2533.08	231	3028	49837.3	4.317633	8.179426	81.85215	0.5202335
12352000	2617.4	604	3026	49901.77	4.4379706	6.274728	65.879326	0.6294178
12368000	2578.76	604	3028	49966.35	4.0291066	5.7610283	66.19867	0.5466278
12384000	2639.65	604	3028	50031.61	3.8849018	5.884702	78.359535	0.36704534
12400000	2685.0	454	3029	50096.74	3.2600412	5.0408792	82.867096	0.44363147
12416000	2772.98	231	3029	50161.22	2.7990434	5.215286	113.46904	0.46919277
12432000	2704.41	231	3029	50226.34	3.17463	6.3575006	107.105934	0.37620753
12448000	2718.46	231	3027	50290.92	2.8883867	5.8873935	105.168625	0.3569963
12464000	2791.64	776	3028	50355.38	3.0677116	6.5519266	117.43278	0.44260752
12480000	2824.82	776	3028	50419.92	2.41775	3.82291	77.078674	0.4083284
12496000	2785.11	231	3028	50484.16	2.9137993	5.1460633	89.54678	0.29357216
12512000	2709.89	231	3027	50548.76	3.2740376	6.6369696	112.68634	0.45434022
12528000	2651.93	231	3027	50613.34	3.370005	6.4007287	101.97296	0.51189953
12544000	2670.27	231	3028	50678.03	3.126859	4.9050565	79.30371	0.40983975
12560000	2631.66	772	3028	50742.51	3.7791758	8.024777	99.119606	0.48564184
12576000	2558.08	772	3028	50807.12	4.4257464	9.19284	110.487526	0.43312633
12592000	2590.31	772	3028	50871.86	5.0410795	9.601007	120.22889	0.43891007
12608000	2553.68	1049	3028	50936.73	4.8858857	9.96003	146.37166	0.53520244
12624000	2576.83	1049	3028	51000.95	4.9347224	9.682134	117.049034	0.34604737
12640000	2621.78	1049	3027	51065.66	4.191545	8.3277645	120.18379	0.41739058
12656000	2721.73	1049	3027	51130.47	4.4606757	9.396591	121.65622	0.3533004
12672000	2871.58	1049	3027	51195.22	4.0695	8.79365	130.69278	0.37951246
12688000	2774.56	589	3027	51259.88	3.256477	6.746034	117.95397	0.3799097
12704000	2712.45	231	3027	51324.33	3.7905927	8.903214	133.30124	0.4558758
12720000	2701.65	231	3027	51389.17	3.1460254	7.4838953	96.68914	0.3503468
12736000	2736.27	231	3027	51453.54	2.5733764	4.7578764	67.47123	0.31156918
12752000	2748.18	811	3027	51518.47	2.8897374	5.549046	77.99391	0.44689304
12768000	2763.51	1036	3027	51583.26	3.8503988	7.6655416	83.508064	0.43068838
12784000	2718.5	807	3027	51647.56	3.8030655	5.9887233	60.022133	0.5009706
12800000	2823.85	807	3027	51712.03	3.8220997	7.0187726	130.17577	0.4893924
12816000	2884.37	807	3026	51776.29	3.1330078	5.7853694	100.170334	0.40138745
12832000	2878.31	807	3026	51840.85	3.0482557	5.312086	75.46338	0.4385472
12848000	2904.07	1673	3026	51905.5	2.4806597	4.3091774	88.34316	0.44487816
12864000	2818.12	231	3026	51969.73	2.5206854	6.1325817	113.48756	0.4359938
12880000	2777.83	231	3026	52034.09	2.732419	6.264014	108.82615	0.474758
12896000	2778.67	231	3026	52098.67	2.713916	8.047148	205.33783	0.33225477
12912000	2743.3	810	3026	52163.18	2.632442	3.9315858	58.771706	0.35677087
12928000	2767.81	810	3028	52228.12	3.2378118	6.3650074	90.750694	0.36462063
12944000	2822.91	810	3028	52292.22	3.1243827	8.250268	197.11055	0.3902784
12960000	2869.88	1036	3028	52357.12	3.0806384	5.254159	79.38549	0.3775397
12976000	2851.06	231	3028	52421.67	3.2773867	5.8010573	90.455	0.3924452
12992000	2790.15	231	3028	52485.95	3.3311758	6.7688656	112.50886	0.43720096
13008000	2778.94	231	3028	52550.42	3.5222046	5.981056	117.47446	0.31910697
13024000	2769.75	780	3026	52615.19	3.2035458	6.630318	84.641304	0.38755503
13040000	2805.03	780	3026	52680.05	3.110716	6.471763	136.33139	0.31247568
13056000	2663.39	780	3026	52744.48	3.0395334	5.7819967	82.66965	0.4879928
13072000	2645.86	636	3026	52808.96	3.3086073	7.2445526	160.83896	0.29447198
13088000	2554.13	636	3026	52873.54	3.9611204	9.671633	172.23802	0.42614508
13104000	2678.17	636	3026	52938.33	3.6801689	7.460065	111.597786	0.41798574
13120000	2745.06	636	3026	53002.74	3.6314702	8.448283	165.37376	0.4487167
13136000	2755.72	636	3026	53066.67	4.09971	7.6686325	126.24308	0.49352616
13152000	2771.84	636	3028	53131.04	4.6946306	6.872587	94.610214	0.5370646
13168000	2760.0	636	3028	53195.69	4.3927455	7.394134	102.76458	0.43485004
13184000	2797.46	636	3028	53260.21	3.8227484	6.184466	101.57646	0.45716518
13200000	2921.55	809	3027	53324.09	2.9772892	6.029804	122.17414	0.38800353
13216000	2899.44	1671	3027	53388.5	2.6426954	3.6746955	35.624348	0.45948726
13232000	2792.98	800	3027	53453.02	2.9427505	5.779196	83.48559	0.42033386
13248000	2734.22	231	3026	53517.59	2.825891	5.7711964	107.57276	0.3429112
13264000	2770.16	231	3026	53581.84	2.5654614	3.6788063	41.040813	0.34299797
13280000	2787.33	231	3026	53646.5	2.1266117	3.151169	50.15524	0.31095332
13296000	2760.96	231	3026	53711.12	2.4176211	4.0614905	65.60489	0.21108264
13312000	2732.95	231	3028	53775.4	2.6481495	5.7053876	126.50757	0.30728203
13328000	2745.39	231	3028	53839.8	2.3654711	6.0066767	105.03565	0.35383046
13344000	2698.33	231	3028	53903.88	2.913542	6.6671023	130.82986	0.2972893
13360000	2719.88	231	3027	53968.82	3.4847689	8.878035	175.00279	0.4192416
13376000	2695.67	231	3027	54033.64	3.7087815	8.709681	123.80074	0.4243183
13392000	2808.07	811	3027	54098.3	3.3566391	7.9816604	166.99994	0.3464105
13408000	2822.41	811	3028	54162.58	2.9803305	7.312931	132.57436	0.36630452
13424000	2813.91	1318	3028	54227.19	3.281065	6.5093923	132.9035	0.41250616
13440000	2759.81	636	3028	54291.13	3.156985	6.0845966	106.70378	0.34339118
13456000	2793.55	636	3028	54355.19	2.5519712	4.2184987	67.8045	0.29146016
13472000	2816.44	636	3028	54418.74	2.614819	3.8281224	40.804935	0.37796068
13488000	2873.55	1329	3028	54483.14	2.322465	3.3658683	34.698788	0.29834205
13504000	2765.13	231	3028	54547.78	3.011832	5.5181503	74.290794	0.41373357
13520000	2747.93	231	3028	54612.31	3.2706983	6.0131154	102.870094	0.29799217
13536000	2742.68	231	3027	54677.41	3.2983997	4.5341067	38.75552	0.4350506
13552000	2761.03	1042	3029	54742.39	2.577673	3.484618	33.263218	0.454575
13568000	2779.11	811	3029	54806.64	3.4234965	5.57776	73.2889	0.4897465
13584000	2771.13	811	3029	54871.06	3.7086766	6.879579	131.39795	0.5460278
13600000	2719.6	811	3028	54935.37	4.0530825	7.8353863	102.669014	0.54727477
13616000	2751.55	811	3028	54999.99	3.7968478	6.1718335	101.84053	0.38584152
13632000	2751.65	1037	3027	55064.16	3.5998533	7.1055818	113.97405	0.47250637
13648000	2790.07	1037	3027	55129.25	3.615278	6.0955863	71.60957	0.50468487
13664000	2845.65	1319	3027	55193.61	3.0687642	4.8364615	70.84201	0.4180498
13680000	2858.24	1555	3027	55258.62	2.6902866	5.6334505	88.4733	0.41135043
13696000	2791.81	231	3027	55322.89	2.5764403	4.0823812	45.081463	0.30963245
13712000	2717.99	231	3027	55387.66	3.8232296	9.064343	108.73918	0.39640605
13728000	2683.22	231	3027	55452.26	4.206961	9.070884	87.11674	0.5181473
13744000	2693.7	345	3027	55517.14	2.8961625	5.276916	77.19465	0.33874968
13760000	2779.02	345	3027	55581.97	2.9859648	6.4693427	91.26742	0.44576287
13776000	2811.13	345	3027	55646.75	3.4924269	9.156344	193.3785	0.41037846
13792000	2787.88	636	3027	55711.35	3.30272	6.3745217	92.34078	0.44295081
13808000	2752.22	443	3027	55775.6	3.8027005	6.85267	110.81211	0.39705536
13824000	2648.42	267	3027	55840.31	3.777846	9.980059	147.79565	0.41515797
13840000	2702.19	267	3027	55904.63	4.0845456	10.564598	183.20912	0.45873663
13856000	2651.26	267	3027	55969.48	3.8867815	6.7982364	99.60349	0.52774507
13872000	2658.35	584	3027	56033.85	4.1795197	8.703636	150.62524	0.5349358
13888000	2590.03	730	3027	56098.56	5.313576	11.312959	152.00566	0.60184145
13904000	2580.68	712	3026	56163.38	4.5933695	8.58453	124.705215	0.6673065
13920000	2543.76	712	3026	56227.83	5.300386	10.283238	158.29422	0.65899736
13936000	2591.68	712	3026	56292.21	4.930129	7.3279524	107.610886	0.46108922
13952000	2628.79	734	3026	56356.53	5.2880077	9.858307	197.8117	0.69889605
13968000	2729.49	1037	3026	56420.85	4.7247195	6.9489346	103.06995	0.6874162
13984000	2639.96	714	3026	56485.38	5.003006	9.022943	181.30415	0.6672554
14000000	2557.28	267	3026	56550.14	4.266378	7.6874638	178.93224	0.70450187
14016000	2467.8	267	3027	56615.18	5.3754277	8.92816	111.69101	0.747355
14032000	2503.47	636	3027	56679.96	4.5608974	6.9639807	130.35362	0.51460373
14048000	2453.57	636	3027	56744.08	5.4631233	8.886632	137.30939	0.71253
14064000	2520.11	636	3027	56808.72	5.853362	10.677298	164.73285	0.61892635
14080000	2611.28	636	3027	56873.27	5.8050365	10.915626	166.86563	0.61043644
14096000	2715.72	231	3027	56937.74	6.581058	12.014812	149.07521	0.5069496
14112000	2756.43	231	3027	57002.21	5.238802	10.716438	209.25293	0.43784338
14128000	2839.18	231	3027	57067.15	4.787879	9.053473	138.2682	0.42043597
14144000	2810.18	231	3027	57131.22	5.3438535	13.8262615	193.01398	0.56973577
14160000	2788.05	231	3027	57195.85	4.122627	8.282706	117.74421	0.39171177
14176000	2808.27	620	3027	57260.63	4.031187	7.976874	138.9179	0.46051365
14192000	2715.03	231	3026	57325.36	3.8139236	7.4182057	104.22166	0.45736146
14208000	2664.46	231	3027	57389.78	3.0238335	5.560644	76.37768	0.33117354
14224000	2665.4	231	3027	57454.37	3.6049995	8.174347	157.42607	0.34149003
14240000	2628.64	231	3027	57518.61	3.6376894	7.212779	83.31844	0.33158445
14256000	2528.51	231	3026	57582.8	3.7973373	8.80176	199.27327	0.46794403
14272000	2449.69	231	3026	57647.25	5.3858	11.974135	158.60892	0.41004708
14288000	2501.71	231	3026	57711.76	4.337516	10.329399	181.90367	0.45094848
14304000	2649.96	231	3027	57776.31	4.942337	12.60561	136.17307	0.3626371
14320000	2728.31	231	3027	57840.94	4.0939035	9.895914	142.3736	0.3520097
14336000	2795.32	616	3027	57905.14	5.3246975	16.10236	290.43985	0.32971472
14352000	2654.51	616	3027	57969.65	4.51813	11.770599	154.11644	0.3470315
14368000	2670.51	616	3027	58033.9	4.848846	11.983344	153.57875	0.3099624
14384000	2680.58	616	3027	58098.74	4.1627307	8.689488	120.51466	0.3674264
14400000	2666.65	267	3026	58162.78	5.441196	12.587679	159.04189	0.4420442
14416000	2490.53	267	3027	58227.1	5.8037744	14.202495	239.06905	0.44957966
14432000	2415.2	231	3027	58291.65	6.2191787	15.340189	231.8167	0.40258554
14448000	2530.73	231	3027	58356.4	7.454053	14.68956	172.32817	0.5000508
14464000	2463.5	231	3027	58421.45	6.9436927	13.875258	215.74687	0.78590286
14480000	2304.9	620	3027	58485.69	7.3707333	12.909271	151.0144	0.6389588
14496000	2327.72	620	3027	58550.63	7.0802374	13.755416	208.47037	0.7663563
14512000	2477.54	231	3027	58614.88	6.9438624	12.358989	201.68182	0.66590446
14528000	2747.02	231	3027	58679.54	6.507656	12.229943	217.05496	0.8142638
14544000	2885.01	231	3027	58743.64	5.846205	9.141189	119.25191	0.7314929
14560000	2860.08	231	3027	58808.25	3.9289298	5.374426	75.53421	0.47246665
14576000	2836.27	231	3027	58872.53	3.1863222	5.984808	76.33291	0.41997272
14592000	2699.75	231	3027	58937.09	2.9131637	7.293088	100.54373	0.3755956
14608000	2710.28	231	3027	59001.49	2.5833383	5.9629874	111.57402	0.3245634
14624000	2351.55	231	3027	59065.78	2.9181118	7.035302	80.983444	0.3355928
14640000	2367.63	231	3027	59130.28	4.4258966	10.61779	133.232	0.5119858
14656000	2392.85	809	3028	59194.35	4.4929924	9.613349	100.49559	0.38089633
14672000	2676.48	231	3028	59258.84	5.9516687	13.1197605	182.25008	0.5376653
14688000	2686.91	231	3028	59322.76	6.173402	14.531057	153.18082	0.5378722
14704000	2663.26	231	3027	59386.95	6.906662	14.798601	143.02238	0.63923776
14720000	2639.5	231	3027	59451.06	6.3600955	12.431671	133.01941	0.61521626
14736000	2635.19	231	3027	59515.84	5.0701847	10.582432	166.17445	0.49333483
14752000	2706.27	231	3027	59580.08	3.8211107	6.813767	108.36549	0.53493345
14768000	2777.09	626	3027	59644.95	3.4285977	5.816758	78.682915	0.5142676
14784000	2764.84	231	3027	59709.6	3.625856	6.667937	101.60558	0.59838915
14800000	2735.34	231	3027	59773.92	4.0818505	8.018031	116.652794	0.52728134
14816000	2686.1	231	3027	59838.58	3.366833	6.3187556	115.88323	0.40063757
14832000	2677.54	636	3027	59902.86	3.6865528	7.7846174	113.52794	0.45461607
14848000	2531.61	636	3027	59967.75	4.6830864	8.057186	99.11286	0.5351187
14864000	2205.77	636	3025	60032.75	6.442516	12.738169	169.67522	0.663257
14880000	2347.49	636	3027	60096.86	6.8204775	11.353056	138.6862	0.86381745
14896000	2459.63	636	3028	60161.18	6.146334	9.491945	105.98309	0.5085143
14912000	2613.76	231	3028	60225.25	5.40986	8.370236	90.752174	0.72245157
14928000	2612.28	231	3028	60289.62	5.104359	9.554537	155.61452	0.683473
14944000	2591.96	231	3028	60354.39	4.806069	8.908041	123.29429	0.5106325
14960000	2743.96	620	3027	60419.44	4.8598075	9.397842	110.76479	0.4579108
14976000	2777.03	620	3027	60484.07	3.374401	8.156148	160.46944	0.4568887
14992000	2701.57	636	3028	60548.23	3.9305222	8.353381	125.17805	0.53666604
15008000	2731.66	1037	3028	60613.03	4.151248	9.111807	98.96302	0.3899639
15024000	2772.55	1037	3028	60677.84	3.8031209	8.422973	122.62767	0.43016708
15040000	2799.72	620	3027	60741.66	3.5677197	7.5480185	101.54226	0.43593186
15056000	2723.15	620	3027	60805.88	3.3935666	6.74689	80.974785	0.27400336
15072000	2699.44	620	3027	60870.76	3.5279124	9.882931	156.00426	0.3290292
15088000	2759.7	636	3027	60935.58	3.1789887	6.760012	94.24326	0.31522268
15104000	2746.05	620	3027	61000.49	3.4420993	9.036236	143.1956	0.33344465
15120000	2711.37	231	3027	61065.19	2.939126	6.611935	104.205	0.30511796
15136000	2672.3	231	3027	61129.55	3.0270698	5.533736	106.12947	0.2844835
15152000	2704.1	231	3027	61194.27	2.2825181	2.8603432	23.541431	0.30735984
15168000	2807.9	231	3027	61258.87	3.2408872	7.7664447	123.08428	0.3680761
15184000	2863.1	231	3027	61323.01	3.537717	10.333826	170.91074	0.29681677
15200000	2866.7	231	3027	61387.31	3.6336453	8.781453	138.20149	0.3277833
15216000	2812.52	231	3029	61452.02	3.7007315	8.090468	121.88829	0.27556524
15232000	2690.44	231	3029	61516.45	2.9820871	4.7629952	63.993187	0.30537498
15248000	2670.01	231	3029	61580.66	3.7315588	7.762385	150.31714	0.4337424
15264000	2715.26	231	3027	61645.29	3.20361	6.3671546	95.87676	0.41918653
15280000	2780.92	231	3027	61709.91	3.7472324	7.409992	116.64001	0.39183968
15296000	2828.04	231	3027	61773.86	3.6509545	5.9298444	60.912735	0.41579434
15312000	2816.57	231	3027	61838.14	3.649631	5.7776895	77.332954	0.41159174
15328000	2764.21	231	3027	61902.66	3.5230784	7.7864003	96.581856	0.3776546
15344000	2727.25	231	3027	61967.7	4.5243983	10.584572	155.37016	0.42471683
15360000	2645.81	231	3027	62032.78	3.4983292	8.314116	98.25072	0.35068583
15376000	2713.87	231	3027	62097.03	4.4533205	10.956715	138.22232	0.29615277
15392000	2726.22	231	3027	62161.39	4.145024	8.020404	83.02547	0.37674963
15408000	2744.16	755	3027	62226.14	3.8374705	7.4728956	122.16664	0.3644293
15424000	2673.87	231	3027	62290.85	4.044959	7.009715	76.54533	0.40798685
15440000	2682.05	231	3027	62355.81	4.3552246	11.266254	215.77455	0.4184659
15456000	2653.19	231	3027	62419.84	3.7766025	8.04237	126.38622	0.45723104
15472000	2764.11	231	3027	62484.57	3.1848886	5.435481	99.18471	0.44659486
15488000	2810.57	636	3028	62548.88	3.2688103	7.108574	116.3205	0.3532964
15504000	2893.22	811	3028	62613.53	2.6915276	6.639278	183.81888	0.34982902
15520000	2783.34	231	3028	62677.28	3.1474922	9.135669	139.38211	0.31435418
15536000	2762.79	231	3028	62741.85	3.1451979	9.659738	185.5405	0.3647927
15552000	2755.08	231	3027	62806.19	2.949088	9.23879	192.57433	0.31848267
15568000	2881.97	231	3027	62870.44	2.7593184	6.6567163	145.27643	0.31081912
15584000	2892.54	628	3027	62934.53	2.6085043	5.201172	107.72109	0.3391106
15600000	2852.69	628	3027	62999.41	2.538749	4.328789	78.761314	0.26424587
15616000	2819.43	628	3028	63063.97	2.6627998	6.936771	168.4946	0.25436407
15632000	2784.35	810	3028	63128.42	2.0952444	5.785571	141.98508	0.2955374
15648000	2795.76	810	3028	63193.02	2.0996885	3.8171375	59.61309	0.25765523
15664000	2834.16	231	3028	63257.55	2.14696	4.386398	94.604744	0.2866643
15680000	2897.59	231	3028	63322.21	1.716544	2.806816	53.225777	0.17154382
15696000	2890.81	231	3027	63386.54	2.0590496	5.232283	110.16841	0.23990381
15712000	2933.38	1674	3027	63451.3	2.2418752	4.293878	80.7773	0.22605458
15728000	2824.43	1036	3027	63515.91	2.4247324	4.8975873	114.211876	0.27002674
15744000	2767.76	231	3027	63581.09	2.4852886	4.1830544	70.44312	0.3168009
15760000	2776.86	231	3027	63645.14	2.1960998	4.3036995	89.48704	0.2983922
15776000	2822.15	231	3027	63709.55	2.9839232	8.571086	178.3945	0.28510073
15792000	2793.04	231	3027	63773.76	2.8250241	6.234719	110.412735	0.29257613
15808000	2518.21	217	3027	63838.49	3.867543	9.309212	155.52338	0.39001983
15824000	2472.73	217	3027	63903.3	4.9409184	13.194665	184.99469	0.40101779
15840000	2511.68	217	3027	63967.61	4.2999754	10.872144	133.27678	0.38907593
15856000	2648.87	231	3027	64032.12	4.2621617	9.919282	116.30199	0.45825797
15872000	2777.86	231	3027	64096.69	3.5665214	7.9149537	106.64076	0.37013394
15888000	2770.52	231	3027	64161.24	4.5099316	11.025959	139.91582	0.44806403
15904000	2792.12	231	3027	64225.85	4.6214104	10.18202	133.42084	0.4135036
15920000	2698.45	231	3027	64290.64	2.9340458	5.6718016	76.52628	0.34791812
15936000	2688.09	620	3027	64355.56	3.9135947	6.8709793	89.90636	0.5660938
15952000	2612.58	620	3027	64420.17	3.7405336	7.6763678	132.09335	0.49294752
15968000	2628.56	620	3027	64484.49	3.4515216	6.091398	94.92503	0.5234717
15984000	2726.49	808	3027	64549.26	3.3372047	6.498218	109.24379	0.50660604
16000000	2770.22	620	3027	64613.81	3.3280413	6.114801	121.8394	0.46227723
16016000	2772.8	620	3027	64678.53	4.1755705	8.258933	115.85388	0.39735565
16032000	2787.82	620	3027	64743.47	3.936339	10.33823	242.20738	0.5931103
16048000	2811.25	620	3027	64808.34	3.005339	7.6837573	121.80589	0.42257878
16064000	2833.99	1318	3027	64872.53	2.843315	5.616851	97.161354	0.388808
16080000	2878.09	1325	3027	64937.04	3.1748052	9.326437	139.82271	0.42632
16096000	2876.3	1325	3028	65002.08	2.5014546	4.3834066	67.51275	0.33801568
16112000	2812.33	636	3028	65067.84	2.8367357	6.0797367	104.45934	0.35333803
16128000	2707.47	231	3028	65132.49	3.1216562	6.300978	86.902245	0.3674538
16144000	2561.46	231	3027	65196.58	4.0915647	9.985526	185.42412	0.48681027
16160000	2583.45	231	3027	65261.18	3.83906	7.896072	125.73663	0.42184094
16176000	2600.64	217	3027	65325.55	3.3821368	5.9997106	79.40283	0.4144949
16192000	2663.58	217	3027	65390.33	4.2324824	8.6715975	126.51306	0.52273077
16208000	2697.35	217	3027	65455.18	4.436576	8.976992	138.48442	0.59289604
16224000	2678.2	231	3027	65519.86	4.979139	10.62671	143.32378	0.4213429
16240000	2608.67	231	3028	65584.77	5.147211	12.5694	188.1013	0.59530246
16256000	2691.95	635	3028	65648.79	4.298723	7.9598446	117.74561	0.48477978
16272000	2735.91	636	3028	65713.77	3.4741528	5.834901	85.62462	0.41406927
16288000	2729.58	636	3027	65778.37	4.1629205	10.239265	173.10435	0.43986335
16304000	2564.07	231	3028	65843.16	5.2031255	13.997596	145.41763	0.35347202
16320000	2341.71	231	3028	65907.74	6.21516	13.742572	149.21729	0.4889726
16336000	2390.78	231	3028	65971.8	5.7080717	11.276523	120.40147	0.35410464
16352000	2430.46	231	3028	66036.11	7.3950725	15.471381	150.51753	0.46106604
16368000	2547.02	231	3028	66101.06	8.628282	15.985842	120.1975	0.45443034
16384000	2517.1	231	3028	66165.49	8.570156	15.247148	133.73912	0.6531286
16400000	2497.86	231	3026	66229.28	6.3227243	11.09233	113.95766	0.59313536
16416000	2450.82	231	3027	66294.45	6.7879133	12.777333	139.63531	0.58894914
16432000	2417.76	620	3027	66359.38	6.415451	13.054512	136.73853	0.54332256
16448000	2433.6	620	3026	66424.06	5.776671	11.969989	102.22169	0.43441367
16464000	2357.96	620	3026	66489.16	4.9485106	12.207788	212.7645	0.42388538
16480000	2364.31	620	3026	66553.51	7.213944	17.60162	223.3271	0.3692938
16496000	2406.58	620	3026	66617.66	6.6379657	14.841632	206.73824	0.46183217
16512000	2439.14	620	3026	66681.89	7.698873	20.190952	252.67355	0.45447725
16528000	2551.39	620	3027	66745.8	8.152978	20.30077	212.69788	0.40074438
16544000	2389.63	620	3027	66810.25	8.118636	18.16562	220.82928	0.3694443
16560000	2393.61	620	3027	66875.18	10.050803	21.346968	178.46075	0.63905466
16576000	1969.71	620	3027	66939.78	11.088271	20.8247	155.68886	0.55467784
16592000	1866.1	620	3027	67005.08	9.782912	17.876602	136.87581	0.44244778
16608000	2009.61	620	3027	67070.24	10.731486	20.68638	163.22626	0.6480868
16624000	2331.34	620	3027	67134.49	9.17832	18.523266	189.34702	0.54538274
16640000	2480.18	620	3027	67199.46	9.508856	18.944336	166.7555	0.47102636
16656000	2469.91	620	3027	67264.64	9.626344	19.625914	166.17508	0.5711825
16672000	2544.84	620	3027	67329.11	8.969631	18.00167	138.63425	0.6555345
16688000	2614.54	231	3027	67393.48	5.2694826	11.41086	218.57484	0.5887402
16704000	2836.29	231	3027	67457.95	4.285981	10.044854	191.17337	0.5363424
16720000	2767.66	231	3026	67522.18	5.014545	12.631726	180.12875	0.60314023
16736000	2616.29	599	3026	67587.26	4.7579885	11.125048	176.59546	0.64920235
16752000	2531.34	599	3026	67651.78	4.8320184	10.133322	180.97147	0.576229
16768000	2530.9	599	3026	67716.83	7.5236077	17.27826	218.64688	0.6752697
16784000	2509.98	636	3026	67781.75	8.074451	19.124748	189.59169	0.76572984
16800000	2553.57	636	3026	67846.48	6.692052	15.246178	170.41405	0.5260183
16816000	2644.93	636	3026	67910.6	7.058188	13.906265	137.48534	0.77314556
16832000	2725.17	1037	3027	67975.28	7.0391064	14.54839	160.77077	0.80607295
16848000	2756.38	618	3027	68040.02	5.6172714	10.988532	148.7312	0.6401572
16864000	2758.4	618	3027	68104.44	4.672611	11.05094	159.59775	0.6043774
16880000	2813.25	618	3027	68168.86	3.518198	5.431146	62.386658	0.5140314
16896000	2763.57	231	3027	68233.15	3.792352	6.1627173	81.7414	0.5487859
16912000	2793.71	231	3027	68297.34	2.9533732	4.4715757	56.042217	0.38346034
16928000	2773.98	231	3027	68362.09	2.800065	5.003083	75.67732	0.26029736
16944000	2789.3	1042	3027	68426.99	2.7470207	5.1630344	63.07435	0.31760228
16960000	2715.87	1035	3027	68491.83	2.8211427	4.112961	38.91958	0.3208159
16976000	2687.94	231	3027	68556.65	2.5694473	3.5839593	48.545918	0.34596837
16992000	2682.62	231	3027	68620.76	2.9094152	4.9538493	58.703846	0.3934339
17008000	2658.96	231	3026	68685.16	2.5220015	5.719012	157.84995	0.42856804
17024000	2668.23	636	3026	68749.54	2.932334	5.229029	126.9633	0.3663845
17040000	2646.04	636	3026	68814.37	3.1989224	5.669784	103.56656	0.3641749
17056000	2665.73	811	3027	68879.72	3.3483267	5.312798	79.33721	0.4247977
17072000	2704.68	811	3027	68944.02	3.4340696	6.3866615	85.9998	0.43172714
17088000	2757.07	811	3027	69008.18	3.8254912	8.249705	160.95288	0.43333155
17104000	2765.69	718	3027	69072.78	3.6442351	8.477732	200.85526	0.3058301
17120000	2788.05	718	3027	69137.36	3.0088372	4.6474137	54.907948	0.431749
17136000	2695.62	718	3027	69201.62	3.1296246	4.522063	43.028145	0.309591
17152000	2708.65	755	3027	69265.99	3.407692	8.576296	175.25984	0.37521288
17168000	2687.12	755	3026	69330.95	4.3453097	9.240425	158.91835	0.4829604
17184000	2716.15	755	3026	69395.03	4.0152054	9.147956	155.85413	0.56135714
17200000	2745.83	1330	3026	69459.2	3.2320104	4.072009	53.185604	0.47547728
17216000	2680.77	1035	3026	69523.76	3.80996	6.5149755	116.909195	0.57099783
17232000	2634.28	616	3027	69588.86	3.7979403	6.5756145	98.74328	0.5049173
17248000	2578.25	616	3028	69653.16	3.890169	6.8591266	119.23654	0.51132405
17264000	2652.06	616	3028	69717.43	3.5587838	5.861851	82.3795	0.5045674
17280000	2695.82	620	3029	69782.25	2.965716	6.831754	183.32953	0.3619967
17296000	2785.08	620	3029	69846.7	3.0437813	7.2660947	167.92062	0.36926723
17312000	2837.66	620	3029	69910.44	2.524755	4.7750926	75.397545	0.33830923
17328000	2876.02	1049	3027	69974.72	2.4020355	5.0799913	118.92686	0.2887684
17344000	2819.07	636	3027	70039.66	2.9747026	7.213598	173.97409	0.32357013
17360000	2709.93	620	3027	70104.17	2.6882346	7.088303	131.02386	0.2745901
17376000	2623.29	231	3027	70169.38	2.606504	5.206529	109.46877	0.29541206
17392000	2600.1	231	3027	70234.01	3.2735088	7.3568697	128.51472	0.37507465
17408000	2628.92	231	3027	70298.38	3.779858	9.412758	222.02217	0.45924348
17424000	2700.53	231	3027	70363.03	3.569521	8.119835	220.09517	0.4363252
17440000	2766.42	443	3028	70427.55	4.0313787	7.5380106	124.89416	0.53877056
17456000	2815.2	443	3029	70492.5	3.7239902	7.435906	109.76419	0.4913519
17472000	2826.69	443	3029	70557.39	3.8022032	7.6105843	107.38034	0.5661614
17488000	2869.63	812	3029	70621.02	3.3257875	5.343895	87.077225	0.49539542
17504000	2792.2	1037	3027	70685.57	3.0710137	6.013333	85.35083	0.36249942
17520000	2676.72	231	3027	70750.1	3.1017652	5.8181005	139.83824	0.367813
17536000	2655.98	231	3027	70815.05	3.1353037	5.2711854	82.485825	0.44483066
17552000	2688.0	231	3027	70879.57	3.1559277	4.744764	55.760372	0.47573563
17568000	2712.54	726	3028	70944.41	3.8303516	9.081259	153.21263	0.4901792
17584000	2764.75	726	3028	71009.5	3.2159111	5.366791	80.68869	0.4761638
17600000	2762.36	757	3028	71074.13	2.796357	5.733142	115.43548	0.3527075
17616000	2827.65	811	3027	71138.79	2.3120825	3.8084657	60.729595	0.4129493
17632000	2854.35	811	3027	71203.22	2.313108	3.8786018	86.1227	0.29573762
17648000	2909.7	811	3027	71267.44	1.9467186	4.217386	98.31089	0.2807653
17664000	2879.64	620	3028	71332.14	1.9408195	4.4130645	69.19386	0.32679638
17680000	2846.47	620	3028	71396.62	1.8948059	3.9950604	65.83632	0.33031467
17696000	2750.86	231	3028	71461.64	2.7330842	9.550365	162.77986	0.2930794
17712000	2690.36	231	3029	71526.43	2.9661903	8.611553	122.159935	0.29022187
17728000	2531.84	231	3029	71591.02	2.9927702	12.354777	221.7942	0.2703838
17744000	2569.84	231	3029	71656.04	3.5704653	11.345419	178.3666	0.3690306
17760000	2618.29	231	3028	71720.1	2.8155253	5.327865	94.0138	0.28254256
17776000	2685.58	231	3028	71784.29	3.2074819	7.7128525	174.5356	0.3442316
17792000	2733.35	812	3028	71849.24	3.5057237	7.666086	131.5252	0.35344794
17808000	2779.18	812	3028	71912.87	3.2973726	6.597661	132.91048	0.39548883
17824000	2863.05	812	3028	71977.72	3.2180254	8.770027	193.34694	0.34175703
17840000	2842.7	231	3028	72042.39	2.534449	6.2437706	113.26533	0.30446827
17856000	2829.95	231	3027	72107.27	2.24366	5.166327	78.390175	0.24232855
17872000	2799.19	231	3027	72171.77	2.2109778	4.058822	66.77896	0.2711907
17888000	2845.24	231	3027	72236.73	1.7550564	4.0860615	81.50693	0.18995796
17904000	2874.0	1319	3027	72301.32	2.2713857	4.7593255	67.94966	0.29657966
17920000	2854.86	636	3027	72365.47	2.078	4.4839954	74.18504	0.20696075
17936000	2865.52	636	3027	72429.81	1.9224905	5.3568153	106.42883	0.27009228
17952000	2807.74	636	3028	72494.9	2.402315	5.0276184	113.65953	0.30138576
17968000	2871.83	636	3028	72559.61	2.6782017	4.7088795	74.417625	0.3527364
17984000	2792.89	636	3028	72624.23	2.2993636	3.9669812	68.904396	0.3916605
18000000	2783.08	636	3028	72688.95	2.6069214	5.2314377	115.45684	0.33473086
18016000	2785.87	812	3028	72753.7	2.639073	5.211007	109.38534	0.39342493
18032000	2739.61	812	3028	72818.53	2.9535058	6.02828	138.17575	0.36040914
18048000	2755.1	620	3027	72882.85	3.1742666	7.3350906	151.08902	0.38215455
18064000	2662.78	620	3027	72947.4	2.6305792	4.8466206	101.19251	0.34291095
18080000	2705.74	584	3027	73012.07	2.4547305	5.133018	133.6441	0.27694276
18096000	2723.12	584	3027	73076.75	3.0143082	6.4000926	129.07732	0.36548567
18112000	2804.79	584	3027	73141.89	3.4304528	9.627468	174.69139	0.40292907
18128000	2802.9	636	3027	73206.57	2.5427604	4.026752	75.37477	0.3433128
18144000	2754.77	636	3027	73271.06	2.4675982	4.1216593	54.174072	0.35435486
18160000	2758.87	636	3027	73335.0	2.3719687	4.5549965	74.49755	0.29650164
18176000	2671.87	785	3027	73399.9	2.9259546	5.8559613	113.25996	0.38130066
18192000	2639.54	810	3027	73463.91	2.5352612	3.205104	52.582695	0.28942287
18208000	2590.83	231	3027	73528.01	3.0146158	5.5972424	140.85094	0.40866518
18224000	2599.29	231	3027	73592.28	3.2381787	4.886445	77.916885	0.41426572
18240000	2686.93	231	3027	73656.59	3.7081413	8.557852	191.18042	0.32399428
18256000	2835.0	1052	3027	73721.27	3.39642	5.5348573	100.20899	0.4095995
18272000	2862.47	1052	3028	73785.48	3.3421721	5.7501082	77.74366	0.4680119
18288000	2861.19	620	3028	73850.61	2.910673	4.934606	77.40271	0.38658696
18304000	2830.91	620	3028	73915.28	2.9379363	6.6080456	135.76016	0.4014001
18320000	2809.07	620	3028	73979.73	3.3315835	6.8244762	90.798515	0.36911094
18336000	2822.67	811	3027	74044.89	2.6111846	4.8531814	73.53304	0.3323493
18352000	2828.05	231	3027	74109.74	3.15331	6.631479	117.538704	0.43021926
18368000	2804.41	231	3027	74174.46	3.3745043	6.5105844	86.359	0.3337891
18384000	2788.08	231	3028	74239.1	3.3792427	7.5693827	91.8996	0.30001175
18400000	2807.69	231	3028	74304.09	3.861617	7.667995	80.0519	0.36790067
18416000	2759.52	231	3028	74368.97	3.2350445	5.699457	104.89326	0.4222048
18432000	2505.14	231	3028	74433.8	3.0382526	5.8144407	66.20146	0.35552883
18448000	2508.79	231	3029	74498.5	3.3026896	5.992272	107.73895	0.42029917
18464000	2555.52	636	3029	74563.13	4.028293	8.72913	123.04469	0.49427518
18480000	2703.38	636	3029	74628.03	4.2112713	8.142462	109.90976	0.4026267
18496000	2711.36	231	3029	74692.64	3.7340295	8.344873	180.14415	0.45669416
18512000	2759.99	231	3029	74757.51	3.857796	9.268305	179.61555	0.4349115
18528000	2723.79	231	3029	74821.93	4.379913	9.636286	162.07324	0.48300976
18544000	2755.92	620	3028	74886.79	4.021794	9.085036	147.55191	0.3986497
18560000	2765.87	811	3028	74950.79	3.971307	7.2345963	124.20292	0.47261733
18576000	2716.79	811	3028	75015.3	4.1201205	8.049616	127.484146	0.4196896
18592000	2729.76	810	3027	75079.63	4.5958195	9.483629	117.94017	0.36314487
18608000	2569.36	226	3027	75144.2	4.9687133	9.858623	153.72063	0.4056276
18624000	2662.07	226	3029	75208.41	5.4132667	11.134623	134.23723	0.35478407
18640000	2617.14	226	3029	75273.66	4.4089103	8.320354	120.428894	0.43017805
18656000	2673.32	231	3029	75338.33	4.8098016	8.653125	106.94096	0.4242644
18672000	2584.9	231	3028	75403.48	5.159955	10.466144	103.76725	0.41709435
18688000	2245.43	620	3027	75468.24	5.877629	12.883366	157.51587	0.48534825
18704000	1992.18	620	3027	75533.36	7.9869847	17.537628	178.65314	0.41185075
18720000	2075.82	620	3028	75597.37	8.11958	15.337847	138.1304	0.5394337
18736000	2359.25	620	3028	75661.66	10.445215	20.337515	253.78235	0.5574755
18752000	2505.43	811	3028	75726.17	9.914814	17.307121	137.8252	0.6974151
18768000	2655.76	811	3028	75790.22	10.43843	16.417406	114.32255	0.45199785
18784000	2724.41	616	3028	75855.17	9.095217	15.4710045	129.82133	0.7550136
18800000	2649.65	616	3027	75919.52	6.4059973	10.716507	123.64184	0.5620056
18816000	2634.88	616	3027	75984.77	5.2757688	7.945861	100.21677	0.49884027
18832000	2649.7	620	3027	76049.56	4.524699	7.8868666	108.954056	0.64167607
18848000	2804.49	626	3027	76114.21	4.1250644	5.8509655	83.5546	0.4927557
18864000	2769.28	626	3027	76178.26	3.4121711	4.189065	40.415894	0.32386762
18880000	2601.14	626	3027	76242.81	3.6565108	6.6139503	138.19553	0.4998677
18896000	2541.71	618	3027	76307.57	4.5831466	8.25198	111.66284	0.5357582
18912000	2536.24	618	3027	76372.08	4.224562	7.0512323	90.07101	0.595435
18928000	2629.1	618	3027	76436.37	3.8140693	5.8290644	74.60115	0.56091344
18944000	2708.6	1412	3027	76500.49	3.9620445	7.1487517	131.88171	0.55228436
18960000	2652.24	609	3026	76565.28	4.3951993	7.019695	80.82688	0.5335555
18976000	2657.84	609	3026	76630.28	4.497149	7.2593384	97.61515	0.62058306
18992000	2676.26	609	3027	76694.71	3.913599	6.219647	101.73705	0.6278733
19008000	2781.54	739	3027	76759.45	4.000145	6.84854	81.44905	0.60297316
19024000	2815.03	1042	3027	76823.95	3.4235473	6.097432	143.44983	0.60818964
19040000	2811.54	231	3027	76889.04	3.1032841	4.514438	70.13315	0.4339596
19056000	2748.23	231	3027	76953.25	2.8599794	6.5135927	160.28043	0.35380653
19072000	2664.68	231	3027	77017.86	2.4138346	4.5352187	82.71409	0.37254345
19088000	2722.62	1047	3027	77082.51	2.4596236	3.1776226	51.016834	0.31741792
19104000	2749.15	1047	3027	77146.64	2.3907106	3.5458362	71.07421	0.2051737
19120000	2745.19	636	3027	77210.86	3.0928495	7.323756	147.32576	0.3934281
19136000	2525.96	620	3027	77276.09	3.4894493	6.22754	109.52976	0.39874482
19152000	2370.75	620	3027	77339.94	4.4804416	7.533143	142.77423	0.49352124
19168000	2417.01	231	3025	77404.19	4.4896173	6.1818423	74.98234	0.6241275
19184000	2575.3	231	3026	77468.66	4.025883	4.544766	55.60923	0.55957437
19200000	2692.68	231	3026	77533.79	4.148826	4.1087875	39.63778	0.6251348
19216000	2776.82	811	3026	77598.86	4.4724207	5.4245615	62.168736	0.6825917
19232000	2808.78	811	3027	77662.88	4.0210567	4.515929	56.49349	0.6503377
19248000	2809.43	231	3027	77727.4	3.6189241	4.4026814	64.030045	0.5228001
19264000	2802.54	231	3028	77792.07	3.2468824	4.2728777	39.72249	0.5320103
19280000	2827.11	231	3028	77856.75	3.140247	4.741264	57.255352	0.32856593
19296000	2763.37	231	3028	77921.49	3.03196	4.450296	65.86617	0.43764794
19312000	2791.45	231	3028	77985.72	2.898638	3.9776685	37.927593	0.36262226
19328000	2609.53	231	3027	78050.22	3.3220174	5.585484	79.21913	0.3948714
19344000	2565.89	809	3027	78115.3	3.9196591	8.8342285	151.35643	0.50761235
19360000	2395.58	636	3027	78180.03	4.0543804	8.880016	187.53532	0.5761749
19376000	2413.85	620	3027	78244.62	5.180719	10.720365	152.8039	0.57316136
19392000	2503.87	620	3029	78309.66	4.5636573	7.761329	159.7616	0.5348897
19408000	2643.85	620	3029	78373.63	4.4847374	7.2463055	138.80609	0.4959344
19424000	2769.62	1049	3029	78437.96	4.550745	7.64024	110.63382	0.44401148
19440000	2664.36	620	3028	78502.96	3.783574	7.115706	117.69393	0.4868492
19456000	2686.31	620	3028	78567.29	4.4792733	11.041892	165.78455	0.49603665
19472000	2679.15	620	3028	78631.69	3.8965292	10.348892	159.87204	0.39039272
19488000	2574.75	620	3026	78696.64	3.90181	11.042595	260.94873	0.4620317
19504000	2279.29	231	3027	78761.75	6.6131153	19.175255	301.10785	0.46742004
19520000	2002.03	231	3027	78826.73	7.452277	17.09915	188.25633	0.6457239
19536000	1946.77	231	3026	78891.12	9.633613	18.715666	237.58398	0.77797186
19552000	2189.28	231	3026	78955.82	8.283758	17.10228	188.76337	0.6267067
19568000	2479.2	618	3027	79020.22	9.877035	21.118462	219.03896	0.7859207
19584000	2697.96	226	3028	79084.66	8.361889	16.787224	214.7082	0.93003786
19600000	2665.69	226	3028	79149.97	5.7956595	10.962603	213.63304	0.677674
19616000	2538.58	226	3028	79214.51	8.425892	19.822542	234.2904	0.683611
19632000	2512.69	226	3027	79278.78	6.45927	13.914267	190.12082	0.68368983
19648000	2481.87	226	3027	79343.14	4.9263415	11.209496	177.11285	0.60613203
19664000	2650.06	226	3027	79407.94	3.9971774	5.909049	69.00487	0.4932941
19680000	2628.05	226	3027	79472.58	4.188663	9.094207	135.6097	0.5320003
19696000	2607.24	636	3027	79537.41	4.3421564	10.073262	185.86398	0.5868759
19712000	2550.64	636	3027	79602.11	4.788982	9.086706	172.41147	0.49666962
19728000	2529.33	231	3026	79666.31	5.044343	10.524484	161.4982	0.77614087
19744000	2557.71	231	3025	79731.28	5.3874574	10.131345	150.49146	0.6631953
19760000	2573.9	231	3025	79796.11	4.770373	10.259752	144.45502	0.5965302
19776000	2557.86	231	3026	79860.32	4.820629	9.73143	138.6518	0.5732334
19792000	2668.57	231	3027	79924.81	4.7721586	9.952835	124.08571	0.4233716
19808000	2715.19	231	3027	79989.53	4.3668294	8.098939	114.52416	0.6494846
19824000	2857.77	620	3028	80054.83	3.205039	6.8607445	146.18678	0.4109526
19840000	2814.89	620	3028	80119.46	2.9853804	5.882046	78.39525	0.30323392
19856000	2820.79	620	3028	80183.6	2.5387826	5.784585	95.38683	0.36615002
19872000	2772.12	811	3027	80248.22	2.9818566	8.057475	137.45853	0.33635998
19888000	2817.91	811	3027	80313.27	2.2225437	4.6265173	117.93453	0.23252323
19904000	2701.45	231	3028	80377.65	2.566902	4.76466	78.50984	0.30001637
19920000	2728.5	231	3028	80442.1	3.0420408	7.0635767	97.567986	0.31331396
19936000	2743.24	231	3028	80506.63	2.9320195	7.409548	117.37098	0.39699185
19952000	2781.91	618	3028	80572.15	3.1461358	9.211171	140.49518	0.3032602
19968000	2800.7	1037	3028	80637.43	2.7737076	6.717299	125.13984	0.30190298
19984000	2723.57	812	3028	80701.95	2.3658004	5.3488984	99.578476	0.36656278
20000000	2769.26	812	3027	80766.45	2.6241026	5.0123997	87.1162	0.42457637
