TotalEnvInteracts	AverageEpRet	MinEpRet	MaxEpRet	time	Averageloss	Stdloss	Maxloss	Minloss
16000	423.74	108	1007	54.84	0.3775532	0.23553406	1.7468686	0.10512845
32000	456.05	108	1083	113.74	1.5053545	0.9393493	7.5597663	0.2090852
48000	406.43	105	1215	170.87	3.2648973	1.912891	19.948946	0.622108
64000	390.49	105	1065	228.11	4.8280606	2.7504275	19.793808	0.8585284
80000	372.67	120	1219	285.81	6.2966676	3.5825903	24.398798	1.1015161
96000	378.65	111	1011	343.83	7.8179984	4.5140395	30.650955	1.1743169
112000	358.83	108	1222	402.33	8.938987	5.3435955	39.116447	1.5849822
128000	379.34	111	1080	461.35	10.069152	5.6563883	34.444786	1.590277
144000	300.69	111	1190	520.44	10.789901	6.5517898	48.57911	1.7035614
160000	389.56	120	800	579.89	10.595244	6.560141	51.955887	1.568574
176000	424.11	120	1101	639.27	9.994033	6.34191	45.755722	2.2286308
192000	597.12	120	1205	698.95	9.527359	6.082216	43.91221	1.7015166
208000	568.04	120	1203	758.47	8.625582	6.055062	50.92294	1.7069359
224000	618.33	120	1204	818.2	7.6504197	5.1475577	53.068695	1.1582057
240000	628.03	120	1218	878.11	6.951973	4.5805707	40.16849	1.1679262
256000	578.72	120	1707	938.06	6.4150276	4.741269	45.514915	1.5109923
272000	625.58	120	1707	997.61	5.7538633	3.9954467	32.788555	1.3640718
288000	653.59	120	1052	1057.7	5.136975	3.695302	38.908566	1.1605562
304000	711.2	120	1385	1116.84	4.918662	3.6196992	32.973213	0.79112774
320000	732.06	366	1385	1176.95	4.352373	3.1148224	29.956022	0.964376
336000	715.8	-101	1214	1236.26	4.1176414	2.8023806	24.363628	0.68622065
352000	719.23	-101	1178	1295.89	4.042543	2.6884146	31.158926	0.73108476
368000	725.43	120	1195	1355.58	4.052863	2.8287349	21.248203	0.6113428
384000	709.72	120	1177	1414.71	4.0900025	3.1779993	20.192888	0.6005265
400000	718.53	120	1197	1474.3	4.283576	3.7579706	33.598145	0.36628252
416000	733.34	120	1197	1534.26	4.9158435	4.6798162	32.82061	0.5748725
432000	734.85	120	881	1594.46	5.310331	5.2789407	38.960625	0.5750866
448000	754.17	120	1213	1654.82	5.5860586	5.555901	39.022224	0.58590543
464000	760.77	120	1213	1714.67	5.984912	5.6943536	42.834564	0.5366247
480000	779.04	583	883	1774.4	5.6583858	5.345868	34.727325	0.56872535
496000	755.73	120	1358	1834.01	5.7964034	5.2964506	35.902355	0.65978324
512000	782.67	120	1159	1893.76	5.7622657	5.1126437	40.2448	0.56685615
528000	788.67	371	1159	1954.21	6.0025587	5.738861	33.096985	0.57177955
544000	790.35	403	1217	2013.77	5.9306045	5.7513027	48.026535	0.47996828
560000	785.0	120	1217	2073.59	5.4166594	5.3578663	38.623283	0.42539176
576000	763.25	-133	1176	2133.31	4.8114758	5.5480776	34.568764	0.3601595
592000	779.92	120	1551	2192.57	4.894923	5.652238	42.967323	0.40095252
608000	774.0	120	1216	2252.75	4.9337764	5.657451	43.613895	0.3891657
624000	778.7	194	1206	2311.98	4.7533183	5.1997995	45.221355	0.27123246
640000	784.71	120	1213	2371.44	4.3255124	4.69363	42.578514	0.4092295
656000	714.11	120	1220	2431.41	5.4110847	5.8259916	38.65287	0.49370217
672000	761.41	120	1220	2490.58	5.9806457	6.4413533	50.163406	0.44622794
688000	739.1	120	881	2550.35	5.7923255	6.1438518	47.580624	0.32746834
704000	761.4	120	1436	2610.65	5.9662333	6.566258	41.585957	0.4304306
720000	794.08	523	878	2670.19	5.6321416	6.3151994	41.04773	0.5198329
736000	782.94	120	878	2730.24	5.4818993	6.4525166	46.20465	0.42106912
752000	777.83	120	1225	2789.37	4.250133	5.5402193	44.69959	0.30620143
768000	774.02	120	868	2849.3	3.880242	4.672707	36.974373	0.25740403
784000	786.49	-133	1198	2909.15	3.712352	4.6732297	38.323402	0.3252345
800000	784.76	-133	1275	2969.22	3.4548101	4.14652	32.2147	0.24589859
816000	760.29	120	846	3028.91	3.4621954	4.344185	39.006706	0.2848102
832000	778.98	120	833	3088.63	4.053448	4.821495	28.103437	0.31537664
848000	783.78	120	1197	3148.35	3.6815574	4.4688597	35.755966	0.2522613
864000	772.25	120	1197	3208.83	3.3873487	4.4876714	49.337704	0.21234933
880000	786.42	528	886	3268.38	3.624126	4.5821333	37.08181	0.2627593
896000	783.77	120	1038	3328.34	3.6334317	5.242978	45.21322	0.21755159
912000	746.93	120	1221	3388.27	3.8498423	5.8014107	56.969837	0.21786037
928000	776.92	120	1084	3447.62	3.409774	4.903043	45.778225	0.20838076
944000	771.18	120	1206	3507.79	4.1275353	6.002134	55.35287	0.24305591
960000	777.55	394	1171	3567.52	4.036213	6.084217	56.384087	0.24944234
976000	770.77	120	886	3627.43	4.110698	5.4062777	48.747322	0.26539874
992000	720.96	120	1210	3687.73	4.2566514	5.2621427	39.885998	0.28009644
1008000	761.08	120	1213	3747.59	4.4073825	5.108782	36.87284	0.2849909
1024000	802.3	393	1214	3807.3	4.040665	4.8711805	49.605675	0.307304
1040000	808.1	120	1359	3867.46	4.046257	4.5119395	46.960846	0.27297926
1056000	814.29	120	1421	3926.69	3.6726944	4.372804	38.348324	0.35003108
1072000	792.49	120	1216	3987.02	3.490115	4.214532	40.97891	0.31200162
1088000	803.76	385	1219	4046.9	3.4582095	4.748563	55.424355	0.23920172
1104000	875.61	523	1454	4106.82	3.683729	4.5149045	41.59754	0.31282514
1120000	845.22	523	1454	4166.33	4.2066817	5.249898	42.460613	0.28885138
1136000	806.71	523	1213	4226.09	4.5506945	5.722514	70.2719	0.31374437
1152000	805.72	523	1192	4286.42	4.497814	5.620439	43.934135	0.37709212
1168000	823.98	523	1328	4346.08	4.575961	5.1799297	44.699577	0.26519042
1184000	810.09	534	1210	4406.13	4.874847	6.061426	48.30283	0.3313906
1200000	812.02	120	1441	4466.16	4.584097	5.436228	54.65982	0.3579843
1216000	811.66	120	1435	4525.88	4.810409	5.4039474	50.351418	0.41482672
1232000	828.73	120	1443	4585.68	5.1886373	5.4937067	47.426872	0.35580283
1248000	813.11	120	1441	4645.55	5.1418095	5.581714	36.702415	0.3264851
1264000	832.24	27	1211	4705.05	5.5538826	6.6519175	48.16159	0.4654438
1280000	867.1	120	1438	4765.48	5.62701	7.173868	65.418076	0.35886845
1296000	868.21	120	1525	4825.9	6.003727	8.024056	72.049355	0.33279717
1312000	871.23	120	1835	4885.8	6.2003403	7.8665886	62.226692	0.52681535
1328000	907.65	396	1832	4946.03	6.6164227	8.035048	60.784016	0.4821096
1344000	931.15	120	1441	5005.95	6.292568	7.8615503	61.08659	0.46861488
1360000	908.95	120	1827	5066.34	6.375667	8.139517	73.904816	0.66498005
1376000	859.84	120	1827	5126.26	5.1880918	5.8246365	56.42414	0.4294268
1392000	825.9	120	1703	5185.98	4.991294	6.025937	46.580803	0.5187181
1408000	863.33	120	1790	5245.92	5.076378	5.4317827	39.486057	0.46063456
1424000	794.43	364	1215	5305.46	4.917296	5.1531687	41.68093	0.5800785
1440000	790.17	120	1031	5365.66	4.434143	4.805725	45.42997	0.44938284
1456000	804.09	581	1212	5425.16	4.6256385	5.3379173	59.413044	0.3542202
1472000	848.94	766	1439	5484.54	4.3330145	5.0799174	41.99183	0.3131594
1488000	820.25	120	1820	5544.32	4.944922	5.7831674	48.01077	0.2992012
1504000	805.05	120	1217	5603.86	4.4608397	4.990021	53.875523	0.24616289
1520000	805.7	120	1215	5663.83	4.1817594	5.1173663	46.394882	0.26994008
1536000	816.35	120	1438	5723.02	3.942914	4.2132354	29.001217	0.3046413
1552000	819.85	120	1226	5782.4	3.3293674	3.429011	23.072947	0.2803943
1568000	842.13	120	1828	5842.8	3.4857793	3.7590568	29.41362	0.22163735
1584000	864.82	579	1829	5902.72	3.7023315	4.544984	51.376125	0.20146288
1600000	900.79	581	1546	5962.62	3.7391222	4.34614	33.399532	0.20255327
1616000	885.24	133	1813	6022.4	4.1768923	4.9653215	30.78666	0.25287658
1632000	937.08	385	1813	6082.03	5.183806	5.847828	47.53132	0.33235756
1648000	975.41	120	1829	6142.04	4.8630786	5.398079	41.864815	0.4197324
1664000	999.12	120	1834	6201.25	5.3543	5.9690924	51.859703	0.4854577
1680000	989.84	758	1972	6260.47	6.0305448	6.5649824	51.981995	0.54606134
1696000	848.6	385	1833	6320.46	6.5346794	6.718441	49.8726	0.60114074
1712000	840.9	383	1801	6379.6	6.7095637	7.2147837	64.57454	0.7520348
1728000	903.68	385	1828	6440.05	6.4733253	7.3728843	74.5065	0.5549408
1744000	957.37	120	1830	6499.64	6.8109026	7.572542	58.16072	0.58762336
1760000	1014.67	412	1982	6559.36	6.4319706	7.4531446	50.37374	0.58092356
1776000	1004.41	120	1839	6619.74	5.4904294	6.199356	49.27826	0.40705737
1792000	848.64	412	1804	6679.67	5.3290195	6.302282	53.69115	0.48258188
1808000	1021.44	412	1834	6739.3	5.588246	7.186907	60.301502	0.58158344
1824000	1076.87	120	1836	6799.49	5.263794	7.225314	80.79628	0.44573277
1840000	1218.72	120	1837	6859.61	5.050258	6.583813	52.97685	0.53411686
1856000	1282.89	577	1836	6920.2	4.369054	5.3742123	45.197906	0.5321585
1872000	1217.02	761	2021	6980.19	4.6131935	5.786485	49.06143	0.82830185
1888000	1194.43	576	2021	7039.82	4.666066	6.3196197	67.3013	0.62443864
1904000	1036.86	412	1836	7100.06	4.5848994	5.6170287	62.126945	0.60419285
1920000	935.16	120	1836	7159.76	5.355545	6.409208	55.27634	0.7945293
1936000	866.62	412	1834	7219.62	5.5285873	6.8438764	77.72692	0.7321973
1952000	860.73	576	1836	7279.65	7.1579614	8.357792	100.11593	0.9874899
1968000	1067.85	120	1957	7338.95	7.9039197	8.698811	80.15134	0.9811122
1984000	1093.21	120	2133	7399.54	7.80559	7.915742	75.08684	1.0902932
2000000	1138.49	523	2133	7459.01	6.495084	7.5418468	87.47519	0.842062
2016000	1217.55	133	2181	7519.31	5.7227674	6.527685	58.22134	0.8481976
2032000	1239.48	120	2181	7578.91	5.973453	6.50783	63.389706	0.71968037
2048000	1344.2	120	2138	7638.48	5.863846	6.988261	77.577354	0.71678644
2064000	1470.23	627	2165	7698.85	5.297418	5.393621	82.15901	0.79443926
2080000	1494.71	579	2288	7758.41	4.964363	5.180713	53.899208	0.82760334
2096000	1468.78	120	2288	7818.2	5.6896505	6.704769	71.40646	0.6708541
2112000	1310.08	120	1838	7878.4	6.053796	8.1832	95.069664	0.74031836
2128000	1320.84	120	1835	7937.97	5.349383	7.305008	94.31849	0.6059123
2144000	1351.52	120	1838	7997.75	5.0441494	7.750965	97.06675	0.61590356
2160000	1451.98	120	1838	8057.43	5.163108	8.490568	97.005875	0.54014564
2176000	1322.46	120	1838	8116.8	5.312545	9.513464	107.27342	0.39457238
2192000	1403.61	120	1838	8177.21	4.6885557	8.146667	85.4533	0.5878386
2208000	1529.27	120	1840	8237.18	4.9238114	8.818385	114.00246	0.3383295
2224000	1509.18	120	1950	8297.37	4.6797137	7.9055095	109.24536	0.5307538
2240000	1343.74	120	1950	8357.89	4.7587175	9.419578	107.89218	0.4601888
2256000	1359.05	120	1840	8417.06	5.270817	8.970653	102.35745	0.57651967
2272000	1324.22	120	1840	8476.95	4.5372987	7.2875447	90.71058	0.3395642
2288000	1428.62	194	1840	8536.66	4.3470373	5.196088	82.495255	0.42262703
2304000	1422.13	120	1841	8596.26	4.547818	7.6789784	115.30138	0.5619052
2320000	1404.23	120	1840	8656.44	4.7068186	7.801612	109.74121	0.4389797
2336000	1336.88	120	2261	8716.21	5.844052	7.957719	88.58371	0.44625682
2352000	1080.87	120	1839	8775.85	6.314641	7.794388	75.132675	0.49357516
2368000	968.25	120	1840	8835.78	7.9719644	9.285086	64.55768	0.7254547
2384000	1042.97	120	1840	8895.85	10.370038	10.735228	69.58058	0.9104558
2400000	1157.24	120	1840	8956.65	11.023654	11.488776	101.70041	1.0049791
2416000	1024.27	374	1838	9016.24	11.838882	12.199764	92.25435	0.94001806
2432000	1080.25	523	1838	9075.73	10.960034	10.771498	89.26455	0.8837304
2448000	1147.02	120	1838	9135.86	9.8961115	9.9307785	75.49942	0.8739543
2464000	1211.08	120	1837	9195.53	9.352209	10.500051	115.08514	0.6675994
2480000	1230.94	523	1836	9256.13	7.519086	7.9239297	56.57608	0.6656182
2496000	1275.53	120	1837	9316.08	6.940848	7.6913185	62.775818	0.5464166
2512000	1185.4	120	1837	9375.7	6.6141005	7.2699904	58.41417	0.76706684
2528000	1127.88	120	1992	9436.18	6.6518598	8.436464	112.47624	0.7413134
2544000	1197.0	120	2173	9495.64	6.166552	6.84217	71.37961	0.74679387
2560000	1334.92	120	2173	9555.53	6.1361666	7.4297943	72.70523	0.73830926
2576000	1308.72	120	1838	9615.39	5.2036195	6.167971	74.88371	0.66866946
2592000	1398.13	120	2346	9675.19	5.643286	7.344965	70.92087	0.7766575
2608000	1434.57	385	2346	9735.35	4.959355	5.864031	86.4656	0.6057586
2624000	1517.97	523	2170	9794.53	5.2055807	5.9985275	60.913933	0.6969533
2640000	1537.37	120	2170	9854.87	5.2312374	6.6577406	105.89859	0.79810727
2656000	1508.05	120	1838	9914.32	4.832718	8.44179	159.62227	0.6153475
2672000	1463.88	120	1838	9974.61	4.154721	6.6507173	95.23157	0.6134194
2688000	1393.09	27	1837	10034.77	4.5384874	6.0453653	61.731594	0.6085876
2704000	1452.25	27	1839	10094.68	5.2591877	9.469294	148.50128	0.71961063
2720000	1416.04	399	2188	10154.13	5.4324617	8.515521	107.64446	0.56592727
2736000	1546.06	587	2181	10214.62	4.700702	7.77462	123.2676	0.6629247
2752000	1567.13	120	2181	10274.36	4.755512	8.00347	112.376236	0.478949
2768000	1306.88	120	1839	10334.84	5.3119283	8.59329	93.99659	0.69022596
2784000	1145.53	120	1838	10394.26	6.0082083	10.162667	110.94722	0.8532356
2800000	1197.25	120	2346	10453.77	4.802152	6.3091855	81.17748	0.7034468
2816000	1299.74	120	2346	10514.35	4.3283515	5.832696	107.505104	0.6881349
2832000	1450.55	120	2178	10574.27	3.9543135	6.5247684	101.95098	0.54581356
2848000	1502.81	-101	2178	10634.09	3.3582695	4.46208	67.16419	0.427162
2864000	1417.93	120	1988	10694.24	4.1938486	6.3784294	88.659615	0.5830985
2880000	1167.92	-101	1988	10753.49	4.431495	7.184137	102.818756	0.52372384
2896000	1230.52	-101	2202	10813.39	4.7689695	7.8137455	95.695984	0.64554465
2912000	1299.52	412	2184	10873.08	6.2250643	12.280892	115.30058	0.57911706
2928000	1498.21	412	2302	10933.1	6.4725566	10.578343	94.69662	0.63655025
2944000	1636.89	659	2302	10993.51	6.020746	9.01094	96.18094	0.88571966
2960000	1452.76	120	2175	11053.35	7.021699	9.439987	84.18912	0.8314598
2976000	1515.68	120	2351	11113.66	6.5420527	9.13956	97.29558	0.9202759
2992000	1617.17	579	2351	11174.26	5.8885994	8.427941	89.21922	0.8458812
3008000	1503.49	577	2349	11234.25	6.1151514	9.810184	97.593666	0.7203856
3024000	1478.85	577	2192	11294.45	5.9227586	8.429995	109.07655	0.9206542
3040000	1575.07	708	2186	11354.06	6.097046	10.307548	136.98132	0.72044456
3056000	1578.09	120	2351	11413.92	5.867974	9.785932	126.613014	0.8675957
3072000	1569.34	774	2415	11473.72	5.7289696	9.251368	124.90128	0.7119132
3088000	1620.15	752	2415	11533.61	6.131882	9.651189	160.53085	0.6054271
3104000	1633.02	133	2346	11593.26	6.285986	10.695943	114.3907	0.6939107
3120000	1629.35	133	2211	11653.02	5.3062315	8.842863	121.12624	0.6709374
3136000	1613.63	120	2211	11712.76	6.0702996	9.624184	115.443344	0.7448306
3152000	1623.8	120	2344	11772.71	5.6861863	7.9164453	88.60734	0.6209458
3168000	1693.31	120	2420	11832.02	5.2747	7.0893865	86.28727	0.5796739
3184000	1525.34	120	2420	11891.58	4.865833	8.311423	128.0666	0.6648836
3200000	1446.6	194	2403	11951.32	6.4950037	10.686217	178.07713	0.67374575
3216000	1412.64	194	2417	12011.16	5.4414673	6.4979844	78.73921	0.9347497
3232000	1602.31	523	2417	12071.84	5.348342	7.821442	126.88951	0.7917919
3248000	1733.72	523	2416	12131.99	5.28082	6.805756	82.001144	0.8903502
3264000	1735.69	194	2420	12191.85	5.531087	7.0535693	83.93292	0.6962521
3280000	1686.8	120	2420	12251.79	5.097595	7.1803627	110.742	0.7974482
3296000	1548.35	120	2416	12311.22	5.8307724	7.8049216	83.22991	0.47136968
3312000	1619.34	120	2544	12371.99	4.972172	7.2742634	124.63419	0.55623925
3328000	1700.49	523	2544	12432.43	4.7075877	6.698712	115.84075	0.7205313
3344000	1262.08	572	2364	12492.25	5.637534	9.042125	114.64035	0.7301706
3360000	1423.12	589	2420	12552.18	5.311707	8.820849	113.31395	0.6545138
3376000	1652.79	776	2415	12611.7	5.4957004	8.940171	107.84096	0.64477515
3392000	1657.01	776	2420	12671.7	5.278292	7.9016213	96.91266	0.48776644
3408000	1738.79	120	2420	12731.47	5.27329	8.074142	89.3822	0.6191869
3424000	1633.28	120	2419	12792.75	5.061491	7.463245	94.64142	0.6198238
3440000	1639.03	120	2735	12853.55	5.7047725	10.592914	200.40994	0.5870408
3456000	1710.62	750	2771	12913.33	5.626088	8.891424	89.747505	0.6839366
3472000	1842.29	575	2771	12973.06	5.5290165	8.243586	100.38018	0.70614296
3488000	1884.34	575	2771	13032.92	5.3343263	8.652044	127.85471	0.7485094
3504000	1713.37	194	2417	13092.93	4.9952607	7.5784492	97.858086	0.67176974
3520000	1687.33	194	2417	13153.86	5.907995	10.03152	121.98781	0.726032
3536000	1705.72	523	2416	13213.28	5.727553	8.985255	108.74218	0.71836513
3552000	1743.03	523	2594	13272.56	5.6083717	10.889032	114.56771	0.5937645
3568000	1833.6	523	2594	13332.5	5.2544327	8.063954	102.12099	0.6039963
3584000	1749.57	580	2594	13392.59	6.7792597	10.427962	142.22226	0.6526301
3600000	1754.14	572	2655	13452.76	6.1829276	9.636611	168.02507	0.7069707
3616000	1819.89	572	2803	13512.25	5.0241923	6.4639378	104.85716	0.80195206
3632000	1857.05	27	2803	13572.37	4.534953	6.187338	83.68164	0.6149473
3648000	1902.41	27	2803	13633.32	4.190259	4.875377	57.959793	0.6475861
3664000	1817.32	27	2796	13692.8	4.3478127	8.838201	123.96617	0.62349784
3680000	1720.95	27	2798	13752.96	5.5589104	12.330989	125.17205	0.6019362
3696000	1589.57	27	2798	13812.96	5.2645206	11.769934	119.23781	0.45471913
3712000	1552.73	120	2798	13872.91	5.3147063	12.445003	147.99202	0.47184825
3728000	1410.45	27	2412	13932.83	5.319576	9.498914	85.88108	0.6481296
3744000	1457.0	27	2762	13993.69	5.173847	9.461367	110.56343	0.6293563
3760000	1686.61	133	2762	14053.09	5.5737314	9.004014	86.67895	0.65557265
3776000	1710.64	133	2794	14114.22	6.448665	10.928601	128.8198	0.59756625
3792000	1696.43	133	2794	14174.17	5.5936933	9.481815	163.09686	0.7413863
3808000	1749.4	133	2794	14235.23	5.987572	8.856392	102.85695	0.60944957
3824000	1696.23	133	2800	14295.84	6.4429216	11.546173	139.97594	0.6424673
3840000	1790.01	133	2800	14356.62	6.287434	11.6429	135.48013	0.67153
3856000	1830.88	27	2800	14417.09	5.2324758	9.274002	129.0231	0.49138093
3872000	1856.14	27	2794	14477.15	5.3031816	9.723324	124.799286	0.5911331
3888000	1795.07	786	2800	14537.45	5.428043	9.543973	135.66045	0.59769636
3904000	1763.16	120	2800	14597.79	5.2553296	8.336557	91.06982	0.5970158
3920000	1924.33	120	2800	14658.43	4.9301867	8.400457	103.60505	0.5968509
3936000	2056.16	120	2800	14720.84	4.1235313	5.9037266	65.7246	0.7892083
3952000	2014.19	120	2800	14781.88	4.7234135	8.227507	97.79068	0.6748678
3968000	1932.18	120	2797	14843.37	4.8721533	6.8137274	78.7375	0.5465694
3984000	1878.35	120	2801	14904.24	4.455714	8.166105	104.41499	0.5094104
4000000	2036.35	133	2801	14964.54	3.720612	5.8488927	103.85236	0.5555204
4016000	2089.06	133	2801	15026.38	3.9303954	6.550382	103.58738	0.50626683
4032000	2119.0	133	2801	15087.7	3.3369875	4.3794765	47.816196	0.45775324
4048000	2009.23	120	2800	15147.84	3.9129555	5.6678667	65.5818	0.5273521
4064000	1695.06	120	2799	15209.14	4.205811	6.3715477	79.68392	0.45712537
4080000	1703.06	120	2799	15270.45	4.630758	7.5472727	100.98944	0.47463584
4096000	1805.87	120	2801	15333.18	4.6489387	7.208755	93.576385	0.502683
4112000	2028.22	579	2801	15394.67	4.801177	9.158716	130.68721	0.4854223
4128000	1984.7	120	2801	15455.43	4.745093	6.620056	67.641136	0.41112095
4144000	2018.66	120	2801	15515.58	3.9505816	6.2635746	91.722015	0.5062244
4160000	2042.99	120	2801	15575.48	3.6930645	7.814629	114.916756	0.34777066
4176000	1982.1	120	2803	15636.38	3.468124	6.590417	87.39805	0.29070562
4192000	1996.03	120	2803	15696.94	3.7985158	8.598972	135.32466	0.42619798
4208000	1973.41	120	2803	15757.31	3.6972554	9.068609	156.06981	0.47841084
4224000	2006.9	353	2803	15820.06	3.8103945	9.584843	120.34143	0.33066285
4240000	1929.25	406	2802	15881.45	3.2386923	7.296029	130.55038	0.30935758
4256000	2043.99	406	2802	15944.05	4.5455527	9.259861	131.3196	0.41837746
4272000	2082.8	406	2802	16005.25	3.9846709	8.519562	146.6819	0.5445025
4288000	2143.63	406	2802	16066.06	4.5866785	10.794186	140.42285	0.43671566
4304000	2242.78	778	2802	16128.77	3.3121781	6.360359	120.58905	0.45643955
4320000	2277.38	778	2803	16190.16	3.845822	9.428127	145.74919	0.47116762
4336000	2201.97	120	2803	16252.72	3.658585	8.5956135	140.52998	0.4847281
4352000	2099.65	120	2803	16315.3	3.2286408	8.126171	176.41841	0.4156005
4368000	2164.74	120	2803	16378.96	4.0736017	8.589591	135.99324	0.3831603
4384000	2113.18	773	2803	16441.19	4.7941856	10.172597	139.51134	0.5250584
4400000	2178.62	120	2804	16503.9	5.030693	11.700607	164.43794	0.53169286
4416000	2137.24	120	2804	16567.8	5.745346	11.217779	126.43428	0.62581146
4432000	2151.8	579	2804	16630.25	5.0699635	10.352677	118.88903	0.7062869
4448000	2229.62	579	2802	16694.04	4.7461414	8.624303	126.23212	0.52406764
4464000	2212.38	772	2802	16757.93	4.360922	5.9945617	61.65216	0.6795918
4480000	2201.83	772	2802	16820.97	5.056404	8.450987	133.5834	0.59298307
4496000	2240.56	120	2801	16885.3	4.6693964	9.322963	135.899	0.63529295
4512000	2246.45	120	2801	16948.74	5.118631	9.423764	146.4783	0.7554501
4528000	2232.81	120	2801	17011.2	4.789045	9.299753	143.38336	0.6810186
4544000	1995.89	120	2801	17072.61	5.825286	11.245394	166.9507	0.50927144
4560000	1909.94	120	2803	17135.4	6.306376	12.738074	150.63057	0.82091784
4576000	1984.86	120	2803	17199.02	6.2861958	11.194878	136.49446	0.78779894
4592000	2139.68	120	2801	17263.03	5.2624483	9.77366	151.5926	0.61901224
4608000	2150.06	120	2804	17327.33	6.337123	10.324376	118.79264	0.640816
4624000	2158.26	120	2804	17389.86	5.792817	11.766501	175.57784	0.8260449
4640000	2083.99	767	2803	17451.86	7.0051355	11.000082	112.88917	0.7476641
4656000	1997.76	379	2802	17514.53	6.9316664	11.303878	156.85481	0.6232761
4672000	1945.29	379	2802	17575.45	7.8255153	11.361129	113.24939	0.9059295
4688000	1807.43	379	2802	17637.22	8.899203	14.379	151.00995	0.7764573
4704000	1799.43	389	2803	17699.5	8.825373	12.835582	169.36032	0.9702694
4720000	1975.17	395	2803	17761.85	8.772377	11.583936	166.89929	0.8965012
4736000	2119.08	570	2803	17825.04	8.437141	11.9305525	156.30916	1.0112897
4752000	2085.34	570	2801	17887.4	7.7677236	11.954399	141.26567	0.7300242
4768000	1966.12	120	2802	17951.13	7.9834185	12.740013	140.21616	0.6435677
4784000	2107.57	120	2802	18015.76	8.38462	13.353128	120.62412	0.9327061
4800000	2116.73	120	2802	18078.14	8.921133	14.952111	136.79662	0.8226724
4816000	2197.73	120	2803	18141.15	6.9314113	12.229413	155.90569	0.6661576
4832000	2166.68	120	2803	18203.78	7.056308	13.845526	133.0752	0.6922381
4848000	2282.52	120	2803	18267.17	6.051783	11.768535	124.84168	0.6893804
4864000	2251.97	120	2801	18330.39	5.0737324	10.210025	129.66649	0.50979173
4880000	2344.97	579	2804	18394.61	4.5799065	11.280658	140.52115	0.5345392
4896000	2330.49	579	2804	18458.41	3.3284194	6.2991996	79.65939	0.4658125
4912000	2367.39	588	2804	18520.26	3.4381342	9.871047	200.2158	0.49499416
4928000	2331.57	120	2803	18583.23	3.325556	9.633087	161.79382	0.3604443
4944000	2204.01	120	2801	18646.41	3.1319335	7.1026316	110.94292	0.41152662
4960000	2123.45	120	2802	18709.72	2.922381	4.7917476	58.394165	0.41211516
4976000	2088.74	120	2803	18772.6	3.3268359	7.6595545	130.51135	0.40433642
4992000	2242.58	120	2803	18834.18	3.615808	9.106324	154.07921	0.43494654
5008000	2091.5	120	2803	18897.55	4.0012445	10.30456	161.97064	0.46971852
5024000	2036.66	120	2804	18961.14	4.3745995	8.708667	132.29094	0.54541177
5040000	1894.65	120	2804	19024.23	4.8705425	12.653624	236.36478	0.5440818
5056000	1983.87	120	2804	19087.3	3.7869444	7.6757374	103.20336	0.47376704
5072000	2093.01	120	2802	19149.96	4.583208	9.520167	173.7007	0.45057097
5088000	2066.37	120	2802	19213.35	4.991043	10.0102415	139.94055	0.6669694
5104000	2176.93	120	2802	19276.33	4.6065216	8.989649	109.64943	0.53814876
5120000	2261.47	120	2803	19340.47	4.2718706	8.714735	117.92498	0.5487807
5136000	2251.81	576	2803	19403.38	4.2782717	9.230874	154.87173	0.51530147
5152000	2290.78	786	2803	19467.33	4.6062655	10.697603	172.40262	0.47551063
5168000	2191.42	120	2803	19530.17	4.325208	9.538266	154.72086	0.5067334
5184000	2011.99	120	2803	19592.5	4.0523562	10.129895	185.46486	0.41085887
5200000	1882.32	120	2801	19655.05	3.6180263	8.273049	136.73128	0.49880838
5216000	2054.79	579	2803	19718.33	3.6054022	8.652677	152.4142	0.42330804
5232000	2148.8	777	2804	19780.63	4.3939986	10.603029	164.22415	0.37725583
5248000	2262.62	120	2804	19844.52	3.4662788	7.963699	136.95747	0.3620128
5264000	2243.25	120	2804	19907.69	3.86248	10.476257	164.95634	0.48034254
5280000	2206.94	120	2804	19970.52	3.112759	6.192089	90.879745	0.47740585
5296000	2184.53	625	2804	20034.17	3.5750346	10.435768	162.14035	0.48809218
5312000	2195.2	-69	2804	20097.58	3.510504	9.56105	156.87996	0.43884477
5328000	2351.48	-69	2803	20161.27	3.6169755	8.911107	142.39214	0.4292314
5344000	2469.91	-69	2804	20225.65	3.4774597	9.238611	145.33676	0.3793645
5360000	2446.38	-69	2804	20289.97	3.5779374	10.263158	151.3916	0.4788155
5376000	2150.16	120	2804	20351.66	4.235905	13.324337	169.28615	0.42048228
5392000	1915.17	120	2802	20414.34	3.6240156	10.948731	138.39093	0.44146118
5408000	1872.86	120	2803	20477.58	4.09714	10.997121	112.447495	0.40050668
5424000	1968.1	120	2803	20541.36	5.1993113	13.681692	126.69467	0.45982176
5440000	1852.41	588	2803	20604.12	5.6368413	11.914059	105.856094	0.45341575
5456000	1709.8	120	2802	20666.81	5.694211	10.593	91.86415	0.6952541
5472000	1839.08	120	2802	20730.73	6.432085	11.813665	127.007	0.6228616
5488000	2058.26	120	2802	20793.57	6.1915655	10.0502	98.82689	0.8286574
5504000	2149.62	120	2802	20856.25	5.436992	10.06671	113.74772	0.5883589
5520000	2232.58	412	2803	20919.81	5.210626	9.358263	115.265915	0.79368484
5536000	2256.63	412	2803	20982.97	4.703923	7.47246	99.32221	0.6446037
5552000	2241.41	412	2803	21045.99	4.7361007	9.670382	108.07424	0.65664375
5568000	2297.96	120	2803	21109.06	3.36712	5.5459204	83.52467	0.55507714
5584000	2254.38	120	2804	21172.16	3.912238	8.84224	102.46434	0.5056135
5600000	2201.29	120	2804	21236.17	4.468716	13.658699	196.3406	0.42016894
5616000	2152.26	120	2804	21299.12	4.859988	11.640672	125.03628	0.49869514
5632000	2157.46	120	2804	21363.42	4.606723	11.316948	137.08148	0.54752326
5648000	2234.61	120	2804	21427.25	5.1932235	12.046525	131.02551	0.5564039
5664000	2212.53	120	2804	21490.26	4.4988556	12.074453	158.58168	0.43843377
5680000	2221.31	120	2803	21552.78	4.8584743	12.144599	128.77217	0.4733615
5696000	2142.11	120	2803	21615.76	4.789292	12.803444	187.91231	0.49779153
5712000	2278.2	120	2804	21680.74	3.9082477	6.9833546	100.03086	0.40924725
5728000	2328.69	120	2804	21743.5	3.536162	6.214579	98.05902	0.4644626
5744000	2422.55	120	2804	21806.59	3.542201	7.9044914	127.927505	0.4642644
5760000	2443.7	120	2804	21871.03	3.0573826	6.386693	120.30873	0.44163242
5776000	2550.8	790	2804	21935.62	2.7242026	6.4033666	118.318756	0.41945553
5792000	2647.87	790	2804	21999.33	2.2881198	5.478363	123.99472	0.3394695
5808000	2542.2	774	2803	22063.8	2.5750244	6.0913296	130.0985	0.3939544
5824000	2402.06	774	2802	22126.2	2.8155575	9.013078	143.35947	0.41081345
5840000	2357.26	580	2803	22190.75	2.521428	5.612411	123.509476	0.45420915
5856000	2380.26	580	2803	22255.1	2.9748087	8.2767935	158.8417	0.4152978
5872000	2381.18	580	2803	22320.53	2.3383272	3.3301303	46.2547	0.43981215
5888000	2226.33	579	2802	22384.12	3.7883077	9.135952	162.47867	0.38241333
5904000	2160.34	120	2802	22447.01	4.346576	10.122789	163.60974	0.5253575
5920000	2156.02	120	2802	22509.56	3.7362525	7.3938437	152.6274	0.53123146
5936000	2167.25	120	2802	22572.7	3.6960452	6.8588495	99.84451	0.5800305
5952000	2248.13	120	2803	22637.3	3.8118422	9.149821	171.4112	0.4749354
5968000	2366.19	390	2803	22701.61	3.9822135	9.320775	144.96596	0.5515073
5984000	2382.25	755	2803	22765.66	4.222322	10.51447	175.55255	0.5059216
6000000	2421.39	786	2802	22830.18	3.9422138	9.283995	139.71616	0.4447989
6016000	2518.92	786	2802	22896.02	3.172087	9.157712	159.83774	0.37554568
6032000	2555.3	786	2803	22958.6	2.3807945	5.3369946	75.18172	0.25785682
6048000	2588.03	807	2803	23023.02	2.3400338	6.234169	119.02796	0.32944268
6064000	2502.18	-101	2803	23086.81	2.093859	5.1199336	81.507355	0.28114855
6080000	2479.09	-101	2803	23147.84	1.9830359	4.291744	80.426315	0.24900876
6096000	2096.83	-101	2803	23208.78	2.8589847	5.950979	111.33139	0.27553493
6112000	2024.58	-101	2803	23271.93	4.8503833	9.1746	115.15953	0.34357876
6128000	1947.54	-101	2803	23336.15	5.207407	10.020655	128.51039	0.42862767
6144000	2194.61	120	2803	23399.97	6.641871	10.463048	95.864685	0.3919952
6160000	2255.18	120	2801	23462.98	7.101561	13.477366	183.00517	0.52285635
6176000	2291.41	-101	2802	23525.65	6.9581747	11.923975	143.13431	0.50400746
6192000	2196.23	-101	2802	23588.42	6.598716	14.665681	156.89214	0.58694565
6208000	1872.99	-101	2802	23650.18	5.0588183	11.996416	152.76585	0.44274196
6224000	1910.7	-101	2801	23712.06	5.1432605	11.499542	158.70117	0.514773
6240000	1910.35	-101	2801	23773.49	5.1048155	11.225063	110.25801	0.5201168
6256000	1813.35	-101	2801	23833.96	5.1699114	11.739016	100.94526	0.43142542
6272000	1695.73	-101	2802	23895.19	5.3358874	15.4635725	211.1518	0.3390046
6288000	1804.13	-101	2802	23957.89	7.633053	19.878313	359.1846	0.6001469
6304000	1871.03	-101	2803	24021.37	9.279998	22.33677	127.97347	0.40566725
6320000	1922.9	-101	2803	24083.17	9.905968	23.866556	161.19566	0.53930813
6336000	1958.13	-101	2801	24146.23	11.479304	25.19232	192.87354	0.78349304
6352000	1954.47	120	2801	24208.71	9.209358	18.618435	133.50546	1.0234056
6368000	1922.27	120	2801	24272.68	9.198576	16.780571	140.28436	1.1028314
6384000	1922.96	120	2802	24335.97	9.11808	15.195338	133.08572	0.9915997
6400000	2107.0	589	2802	24398.4	7.965736	13.913264	160.91147	0.9730128
6416000	2296.91	395	2802	24463.12	7.814851	11.815474	129.85246	0.97691584
6432000	2450.21	395	2802	24527.23	6.5453024	9.666273	114.53671	0.65619445
6448000	2412.53	395	2803	24590.54	5.6690106	9.908549	137.7633	0.69119304
6464000	2429.62	580	2803	24654.36	4.7613964	7.946445	117.44111	0.6270995
6480000	2274.19	120	2803	24716.85	4.584696	8.803614	119.166954	0.5116958
6496000	2257.2	120	2803	24780.76	3.6754696	7.0205708	125.901245	0.47089356
6512000	2317.95	120	2803	24844.96	4.0765324	7.9526024	89.72718	0.55580455
6528000	2368.11	393	2803	24908.04	4.245877	11.152194	176.97649	0.37941983
6544000	2315.3	579	2803	24971.17	5.379307	12.4025755	153.24911	0.6254114
6560000	2121.22	574	2803	25034.41	5.3791203	12.225273	163.99854	0.5674683
6576000	2116.97	574	2802	25097.72	5.307865	10.406022	118.57405	0.55708885
6592000	2097.89	548	2803	25160.79	5.483796	11.48345	148.18726	0.6985515
6608000	2313.31	548	2803	25225.66	4.3176875	8.261261	89.719475	0.5537651
6624000	2369.39	548	2803	25289.89	4.9771786	11.626911	165.39653	0.5851833
6640000	2389.23	548	2803	25354.14	4.2748146	8.649372	118.60509	0.5614734
6656000	2336.54	576	2802	25418.46	4.0297956	9.135804	150.89975	0.5768372
6672000	2028.97	120	2802	25480.04	3.887834	8.597827	101.551025	0.4664015
6688000	1897.2	120	2802	25542.41	4.722759	10.027615	112.451775	0.6148466
6704000	1983.8	759	2802	25605.79	5.437549	13.634886	170.93237	0.70370567
6720000	2240.79	759	2804	25669.7	5.3402324	11.152862	150.26819	0.6464039
6736000	2353.18	781	2804	25732.78	5.165163	8.968474	120.67152	0.54524016
6752000	2304.97	398	2804	25796.04	5.5919447	10.221106	122.11842	0.66102976
6768000	2319.15	398	2804	25858.98	5.702125	8.616845	91.79978	0.5923314
6784000	2213.15	398	2802	25920.84	5.366513	9.349888	158.56453	0.7293997
6800000	2207.7	579	2802	25983.54	4.8068457	6.6770043	85.47809	0.58951664
6816000	2087.72	-101	2802	26047.06	5.4497056	10.490749	154.04498	0.6468396
6832000	2072.54	-101	2802	26109.32	5.8117895	9.4092455	121.95265	0.6400533
6848000	2130.74	-101	2802	26173.67	5.415785	10.300773	151.98703	0.6687352
6864000	2277.51	-101	2803	26236.12	5.6491632	12.335361	164.74208	0.7209243
6880000	2245.45	-101	2803	26299.26	4.8075943	8.963067	109.856384	0.7164345
6896000	2307.85	772	2803	26363.22	4.1537886	7.092362	111.80541	0.62906593
6912000	2354.15	391	2801	26426.59	3.828542	7.0052023	124.21963	0.51618326
6928000	2425.18	391	2801	26491.91	3.368584	5.2003145	74.08398	0.5445653
6944000	2381.88	391	2801	26556.25	3.2061222	6.1694703	133.26964	0.43780166
6960000	2477.99	397	2801	26620.65	3.1693606	5.577621	66.61624	0.38456458
6976000	2482.18	-101	2801	26684.74	2.9871938	6.698055	110.98267	0.385986
6992000	2417.71	-101	2801	26748.82	3.004954	6.508813	124.49756	0.31361812
7008000	2438.05	-101	2801	26813.77	2.723874	6.5205746	150.64334	0.42261326
7024000	2203.5	120	2801	26876.0	3.3147118	10.591551	160.79861	0.37523687
7040000	2335.26	120	2802	26939.23	3.258811	8.576519	135.16469	0.353274
7056000	2247.14	120	2802	27002.92	3.3116047	10.690619	156.30563	0.39738703
7072000	2349.4	120	2802	27067.04	2.7599628	9.478013	163.2382	0.31934738
7088000	2455.98	786	2802	27131.73	3.1422715	10.997107	142.15172	0.31827515
7104000	2512.76	786	2803	27195.44	3.3321035	10.457817	135.65945	0.31318623
7120000	2437.71	776	2803	27259.77	3.431934	9.38258	124.63358	0.34947217
7136000	2524.19	776	2803	27324.1	2.3681078	6.858168	118.11957	0.27189958
7152000	2441.82	776	2803	27386.87	3.1066072	9.721799	151.3236	0.3156767
7168000	2472.61	785	2802	27451.12	2.8391356	9.387487	158.09276	0.27778596
7184000	2344.61	120	2803	27515.71	2.9523413	7.715283	109.071075	0.29097307
7200000	2296.87	120	2803	27579.76	3.3758383	9.101957	137.6074	0.32109466
7216000	2274.94	120	2804	27643.86	3.1402369	7.1746397	135.68864	0.24660584
7232000	2338.38	120	2804	27706.89	3.5936873	8.84217	156.27551	0.33433545
7248000	2452.81	120	2804	27771.33	2.8231823	5.597602	80.65437	0.375687
7264000	2497.62	771	2804	27835.75	3.2565782	7.0487094	95.336845	0.25318447
7280000	2506.28	874	2804	27899.59	2.9066684	7.6624675	139.0759	0.27837306
7296000	2095.88	771	2804	27963.45	3.187146	7.632107	88.542404	0.33452278
7312000	1805.29	523	2802	28027.53	4.631588	12.4600935	140.04266	0.3086417
7328000	1860.79	523	2803	28092.38	6.5803046	15.427613	190.068	0.34544674
7344000	2110.49	523	2803	28156.08	6.1310744	15.744365	217.95795	0.46230197
7360000	2150.37	-69	2803	28220.38	5.656119	12.570214	101.0169	0.46979722
7376000	2241.76	-69	2803	28286.25	5.7473083	13.385302	166.55066	0.48622507
7392000	2304.14	-69	2802	28350.72	5.665024	12.026286	124.06818	0.5611568
7408000	2316.33	-69	2802	28416.43	4.5512395	7.7166386	73.562225	0.5893738
7424000	2285.42	692	2803	28482.59	4.553715	10.656608	159.79813	0.50264454
7440000	2355.49	786	2803	28549.65	3.4349957	7.563996	117.12333	0.5176065
7456000	2382.16	784	2803	28615.28	2.8167794	4.631956	60.564354	0.44899523
7472000	2422.12	784	2804	28679.84	3.6747267	8.943237	149.88246	0.43538535
7488000	2349.31	786	2806	28742.73	4.1654625	9.088416	144.52048	0.49526685
7504000	2195.69	783	2806	28806.18	3.816795	7.6375027	114.742065	0.53184366
7520000	2286.57	782	2806	28872.52	4.2393203	9.854609	174.27583	0.45981404
7536000	2360.56	775	2803	28939.1	3.3572962	6.375118	108.1407	0.37500077
7552000	2423.22	749	2804	29005.17	3.6022058	9.362746	143.55724	0.51126117
7568000	2359.17	749	2804	29071.09	3.7428284	9.677314	144.22273	0.45922434
7584000	2454.42	749	2806	29135.31	3.71843	9.783006	144.37717	0.46313033
7600000	2467.39	783	2806	29200.59	3.3837473	8.789101	121.69169	0.42572996
7616000	2579.51	783	2806	29265.83	3.7258544	11.328914	150.8534	0.40843597
7632000	2482.64	120	2805	29330.97	2.395758	6.6439257	123.63231	0.29215705
7648000	2518.72	120	2806	29396.49	2.4591272	5.607918	75.82833	0.22671688
7664000	2519.97	120	2806	29463.06	2.2719786	7.439306	158.07532	0.30093116
7680000	2522.8	867	2806	29528.16	2.9295864	11.280004	158.47194	0.2322138
7696000	2444.85	749	2804	29592.19	2.5117588	7.5132027	125.94499	0.2562033
7712000	2366.69	120	2804	29656.56	2.5019946	5.662676	74.9207	0.32640636
7728000	2443.89	120	2805	29720.83	3.2865112	9.631019	143.30858	0.35069093
7744000	2442.18	120	2805	29785.65	3.0431566	7.6814647	101.49652	0.4094482
7760000	2286.5	120	2805	29849.37	3.1250346	8.470301	145.81793	0.3949117
7776000	2143.9	120	2804	29914.15	3.7581472	8.220436	109.92354	0.4466157
7792000	2208.76	576	2804	29978.51	4.6540303	10.502021	133.69623	0.49960366
7808000	2293.11	120	2805	30043.65	4.371284	10.095393	147.07355	0.44687128
7824000	2407.91	120	2805	30108.88	4.6142488	11.749403	148.96503	0.5822981
7840000	2366.82	120	2805	30172.53	4.044699	8.867081	141.75531	0.51890963
7856000	2376.72	793	2803	30235.61	4.668685	11.163849	163.30278	0.50221956
7872000	2364.62	793	2803	30301.51	3.618378	7.8985243	98.416214	0.44689316
7888000	2407.93	798	2803	30366.73	3.4579184	9.085194	133.76826	0.39017385
7904000	2445.1	786	2804	30435.04	3.3016715	7.7827377	115.84781	0.38655293
7920000	2386.39	778	2804	30500.65	3.7171993	10.074438	157.7269	0.4257666
7936000	2426.49	778	2804	30566.45	3.1072998	9.401136	152.46716	0.27550417
7952000	2380.63	778	2804	30633.58	3.135389	9.024905	153.01692	0.32083046
7968000	2401.46	590	2804	30700.39	3.3236952	8.591678	176.62103	0.34995103
7984000	2304.34	397	2804	30766.48	2.8988814	6.2615004	89.19785	0.34029657
8000000	2200.74	397	2804	30831.32	3.5046625	8.70438	176.97519	0.43018395
8016000	2177.4	397	2804	30897.17	5.3159404	13.046176	166.58635	0.4852919
8032000	2299.25	547	2804	30962.0	4.1042023	8.79295	118.373634	0.53956854
8048000	2325.87	390	2804	31026.24	3.8294086	7.2159643	126.77021	0.54094356
8064000	2331.21	390	2805	31090.24	4.7241087	9.955223	123.48402	0.5395856
8080000	2232.08	120	2805	31153.78	4.3416467	8.482675	115.30223	0.60257685
8096000	2387.09	120	2805	31218.23	4.307173	9.791211	158.66849	0.56297266
8112000	2341.39	120	2804	31281.63	4.6088552	12.660669	259.1008	0.49139458
8128000	2312.48	120	2804	31346.17	4.2031083	9.319126	121.423004	0.48862064
8144000	2294.19	120	2804	31410.09	4.188617	10.03235	173.43903	0.43941477
8160000	2339.01	120	2804	31472.5	4.265886	9.335041	133.04022	0.5728853
8176000	2289.25	575	2804	31536.2	4.2994943	9.293541	131.644	0.4678463
8192000	2107.43	575	2804	31599.94	4.5687866	9.926011	136.44495	0.5157316
8208000	2041.23	120	2804	31663.18	4.487128	8.318276	124.3809	0.6343408
8224000	2045.87	120	2804	31728.07	4.2877774	7.52362	110.05733	0.3943423
8240000	2147.7	120	2804	31792.63	4.3941426	8.910462	159.92062	0.4679426
8256000	2316.46	754	2804	31856.97	4.4512677	10.433326	151.81625	0.52862567
8272000	2169.38	589	2804	31922.01	6.02332	14.317216	158.45322	0.63089776
8288000	2208.6	589	2804	31988.97	4.8453207	8.434362	81.054245	0.5062631
8304000	2429.9	591	2804	32053.83	4.82854	9.053486	95.35536	0.43461818
8320000	2433.62	591	2804	32118.38	4.809686	10.599529	134.00523	0.5853236
8336000	2330.0	767	2804	32183.43	4.3734818	10.254831	175.24593	0.48316377
8352000	2111.63	120	2804	32249.26	4.9031105	8.790013	78.55331	0.5551648
8368000	2082.04	120	2806	32315.77	4.728989	10.201642	132.59212	0.5437733
8384000	2250.63	591	2806	32381.16	4.163613	7.7152376	90.84352	0.4134291
8400000	2288.8	591	2804	32447.94	5.185672	10.804906	148.94286	0.39087957
8416000	2460.65	591	2804	32514.7	4.4656935	9.82887	155.82622	0.5854299
8432000	2522.91	796	2804	32581.66	3.77456	9.203467	174.23676	0.47288615
8448000	2522.88	591	2804	32646.19	4.1973596	12.001422	208.58968	0.40310952
8464000	2364.83	120	2805	32709.88	4.289057	11.168696	143.84645	0.39708617
8480000	2270.25	120	2805	32774.29	3.7478118	9.899934	142.13176	0.42770135
8496000	2347.52	120	2805	32837.94	2.8297896	7.4766746	136.73965	0.3862391
8512000	2293.32	120	2804	32902.6	3.7145526	11.4627495	162.72884	0.39077228
8528000	2350.79	577	2804	32967.27	3.3731427	10.569709	170.2446	0.2800598
8544000	2310.81	577	2803	33030.4	3.4490142	9.791415	142.01395	0.39255625
8560000	2352.81	577	2803	33095.72	4.077923	11.099675	138.58305	0.42142993
8576000	2423.28	590	2803	33160.33	3.0178673	6.4719577	125.18113	0.40680304
8592000	2494.44	587	2804	33224.91	3.0145795	8.656356	151.07336	0.25631917
8608000	2545.31	573	2804	33287.82	2.4777207	5.564767	67.173454	0.31379262
8624000	2373.32	120	2804	33351.68	2.7894917	7.730108	107.46469	0.2649893
8640000	2336.98	120	2804	33415.94	2.7873037	6.998656	102.61516	0.25223276
8656000	2331.2	120	2804	33480.36	2.9010298	7.9754095	153.37344	0.2983738
8672000	2415.92	120	2803	33543.99	2.7632313	7.127033	88.69536	0.36924332
8688000	2365.43	120	2804	33608.61	3.6408556	8.717678	102.60507	0.41459453
8704000	2355.97	120	2804	33673.46	3.407671	7.786149	101.10133	0.40102202
8720000	2436.99	120	2804	33738.72	3.2202747	7.5349994	124.23751	0.3015901
8736000	2460.15	120	2804	33802.82	2.646324	6.3232374	94.06222	0.32249314
8752000	2537.92	120	2804	33868.04	2.4296608	5.282663	80.929214	0.2888406
8768000	2542.9	120	2804	33932.58	2.3233657	4.579529	63.628666	0.330078
8784000	2410.23	120	2804	33996.88	2.999758	9.642829	162.4225	0.3724032
8800000	2380.55	120	2804	34061.39	3.188163	7.386078	94.39656	0.3178722
8816000	2359.53	120	2804	34124.7	2.9533293	6.52235	92.486694	0.3776121
8832000	2298.66	120	2804	34187.42	3.6821616	10.030022	158.27896	0.47180498
8848000	2031.6	120	2804	34250.96	3.8310747	9.557936	147.2471	0.40300047
8864000	2069.2	577	2804	34313.34	4.7164145	11.067603	152.20268	0.53353906
8880000	2232.25	120	2804	34378.01	3.9462953	7.676376	101.27513	0.41957614
8896000	2342.7	120	2805	34441.46	3.9630258	9.768521	108.35144	0.4563592
8912000	2349.65	411	2805	34505.0	3.5311968	7.86203	120.18314	0.37650162
8928000	2314.25	120	2805	34568.72	2.9657192	7.106699	126.26669	0.39246812
8944000	2342.14	120	2805	34633.46	3.4335926	8.3954525	117.91156	0.3764661
8960000	2305.62	120	2804	34696.95	3.8616426	9.618573	152.86917	0.40684626
8976000	2354.95	783	2805	34761.82	3.8906586	10.244912	168.8931	0.37700242
8992000	2346.14	776	2805	34826.26	3.746447	9.981458	151.06071	0.3353885
9008000	2465.65	776	2805	34889.96	3.6928968	9.756523	164.50931	0.3799348
9024000	2471.66	787	2805	34955.32	3.046853	6.3835044	78.29584	0.25648856
9040000	2486.97	120	2805	35020.33	3.1719415	9.850981	152.40501	0.30200848
9056000	2451.54	120	2804	35084.12	3.5730705	9.997863	159.08531	0.27393124
9072000	2470.58	120	2805	35149.65	3.136923	9.902261	160.12234	0.28762692
9088000	2515.09	778	2805	35213.54	2.4726722	6.1073904	100.96488	0.327298
9104000	2560.36	778	2805	35278.35	2.411651	6.3820176	105.7432	0.34965384
9120000	2435.43	120	2805	35342.11	2.2336469	5.924431	102.05782	0.26641414
9136000	2393.12	120	2805	35407.12	2.650201	8.024396	117.66907	0.2841385
9152000	2338.91	120	2804	35471.74	2.3694654	7.7713695	113.84478	0.25233018
9168000	2412.0	120	2804	35537.02	2.237398	6.7813663	135.49835	0.23891276
9184000	2314.95	120	2804	35600.73	2.8237197	9.525894	155.56909	0.27010816
9200000	2399.02	787	2806	35664.61	2.9120805	9.367522	132.65257	0.31489658
9216000	2415.23	787	2806	35728.9	3.5565264	10.710762	133.91473	0.33102036
9232000	2449.3	120	2806	35793.36	3.1296864	9.351753	155.5934	0.35487318
9248000	2469.65	120	2804	35858.53	3.3207119	9.283753	138.76976	0.3467371
9264000	2388.69	120	2804	35923.9	3.086724	11.184105	215.87311	0.30886194
9280000	2454.38	120	2804	35988.1	2.7664726	8.7568865	146.54478	0.344185
9296000	2463.68	523	2804	36052.41	2.4340103	7.068931	140.62267	0.29177278
9312000	2387.1	120	2804	36117.87	2.3434966	7.346432	126.749886	0.2884785
9328000	2365.47	120	2804	36183.08	2.6188486	7.5566926	95.9438	0.28611562
9344000	2362.26	120	2804	36247.97	2.5011098	5.8404474	89.77236	0.32420588
9360000	2535.98	120	2805	36312.89	1.8305327	5.1764917	121.48765	0.22974458
9376000	2474.65	120	2805	36376.32	1.9639146	5.793928	107.739334	0.25700802
9392000	2521.55	120	2805	36441.63	2.4774818	6.746348	136.93787	0.35115024
9408000	2460.07	120	2804	36506.68	2.141893	5.013819	71.110794	0.2665963
9424000	2545.78	523	2804	36571.65	1.8592424	4.218427	86.65649	0.25913253
9440000	2467.4	523	2804	36636.18	2.3527024	7.072701	121.43465	0.24597394
9456000	2508.45	590	2804	36699.68	2.1895878	5.0743036	66.651726	0.26229298
9472000	2417.05	590	2804	36763.4	2.4396372	5.792017	94.01635	0.30707312
9488000	2434.68	590	2804	36827.27	2.5419781	6.525222	116.37217	0.35829628
9504000	2327.78	780	2804	36890.33	2.6716466	6.389275	124.94571	0.35369825
9520000	2387.02	120	2804	36955.32	2.5822306	5.4721994	86.65507	0.2806747
9536000	2417.55	120	2804	37019.39	2.8768435	7.233317	99.69921	0.27220836
9552000	2306.03	580	2804	37081.91	2.907606	7.2140217	105.16815	0.25626737
9568000	2204.89	580	2804	37144.73	3.4140484	9.060942	138.58832	0.27856648
9584000	2334.69	580	2804	37208.26	3.769082	9.476418	139.87456	0.22601339
9600000	2405.13	120	2804	37271.94	3.5079117	7.70585	146.87585	0.22086743
9616000	2406.27	120	2804	37336.53	4.237826	10.565965	152.27718	0.21226554
9632000	2372.54	120	2804	37400.08	3.1556594	7.4870443	90.96827	0.22069728
9648000	2330.26	120	2804	37462.68	3.9396226	9.604939	129.85147	0.26821157
9664000	2278.83	779	2804	37525.9	3.0264063	8.191377	153.08653	0.25507912
9680000	2308.73	779	2804	37588.97	2.907492	6.4293504	93.76184	0.31926882
9696000	2329.17	779	2804	37653.12	2.9496856	8.336018	186.77325	0.2462669
9712000	2424.87	120	2804	37717.84	4.0963526	12.618645	211.54283	0.31093633
9728000	2429.93	120	2804	37782.32	2.8214562	8.667764	180.8931	0.30237672
9744000	2487.08	120	2804	37847.49	2.7358015	6.7591395	142.43517	0.28854713
9760000	2545.9	580	2804	37911.07	2.7229629	5.2856717	55.015053	0.31134844
9776000	2544.01	580	2804	37974.75	2.2951562	6.042859	142.96095	0.30021632
9792000	2530.34	580	2804	38039.16	2.5890644	7.085803	125.42489	0.30513087
9808000	2480.95	580	2804	38104.05	2.714315	7.941495	140.492	0.3363605
9824000	2510.75	580	2804	38169.85	2.4769177	4.348242	52.012737	0.31683245
9840000	2526.49	580	2804	38234.35	2.4370518	5.457013	124.10906	0.26950777
9856000	2566.99	580	2804	38299.96	2.4553242	6.0741034	139.00407	0.28445256
9872000	2564.67	580	2804	38363.92	2.4838223	6.0191708	113.34646	0.273682
9888000	2558.74	580	2804	38426.95	2.030079	5.199563	122.69031	0.26412797
9904000	2575.31	791	2804	38492.03	2.2276983	5.71305	87.96036	0.19568568
9920000	2450.66	790	2804	38556.14	2.4295812	8.203215	204.26414	0.31808108
9936000	2490.52	790	2804	38620.54	2.684011	9.596481	146.01941	0.2880106
9952000	2355.95	595	2804	38684.12	2.8183832	9.448447	143.05623	0.27028733
9968000	2372.89	595	2804	38748.39	2.5857944	6.640618	121.06716	0.33773232
9984000	2286.06	577	2804	38812.84	3.149816	9.319127	158.81699	0.35289645
10000000	2325.05	577	2804	38875.66	3.7690992	10.7554	157.65353	0.31310892
10016000	2264.59	120	2802	38938.21	3.4957535	9.558508	148.48582	0.3887095
10032000	2200.78	120	2804	39001.87	3.8240578	10.532606	149.30482	0.40385434
10048000	2023.81	120	2804	39064.62	4.575212	10.838392	150.81592	0.3729368
10064000	1881.04	580	2802	39128.4	5.1837997	13.192334	166.70815	0.49465382
10080000	2126.07	120	2803	39192.27	5.127722	12.553987	175.17825	0.45639807
10096000	2233.26	120	2804	39255.65	5.140313	12.233621	127.87414	0.38454258
10112000	2394.04	120	2804	39320.85	5.0828133	12.520903	149.6114	0.36578226
10128000	2363.86	120	2804	39385.5	4.664783	11.823437	147.79372	0.35530216
10144000	2142.02	120	2804	39449.62	5.0685773	15.352216	154.1503	0.21397056
10160000	2183.63	774	2804	39514.29	3.9647305	11.35752	115.4225	0.20857586
10176000	2208.16	774	2804	39578.63	3.2674072	10.728043	137.43079	0.21415332
10192000	2197.55	786	2804	39642.4	4.3389964	11.959434	147.36368	0.19190532
10208000	2123.15	390	2804	39705.02	4.0195775	11.146856	145.87529	0.2287465
10224000	2190.9	390	2804	39769.94	4.5211625	12.452323	137.3894	0.22636491
10240000	2381.23	390	2804	39833.28	3.486677	8.323927	86.013756	0.2957373
10256000	2445.1	779	2804	39897.83	3.2474406	8.606367	141.03757	0.245434
10272000	2525.67	779	2804	39961.86	2.8432999	6.6299024	83.18212	0.37744433
10288000	2586.8	779	2804	40026.15	2.1846514	4.2535486	69.63989	0.34753677
10304000	2604.69	779	2803	40091.12	2.4552011	6.139101	83.550095	0.31540453
10320000	2589.34	791	2803	40155.06	2.6053624	8.385702	166.74391	0.32875848
10336000	2571.86	775	2803	40219.86	2.2600875	4.4080806	46.393497	0.24886483
10352000	2528.7	120	2802	40284.25	1.9878298	6.7590127	155.40335	0.23615573
10368000	2591.09	120	2802	40348.93	1.8991159	5.8451123	150.75848	0.28916734
10384000	2382.74	120	2802	40411.63	2.4162416	10.185907	155.78194	0.22203726
10400000	2308.77	787	2804	40474.83	3.0442333	11.963497	148.85156	0.2790065
10416000	2208.81	772	2804	40539.8	3.1008432	11.673311	125.41707	0.27632767
10432000	2290.75	772	2804	40603.7	3.5753028	11.612346	134.85625	0.24580984
10448000	2442.98	772	2804	40669.63	2.9801702	8.764857	124.70428	0.3128236
10464000	2532.44	785	2804	40733.41	3.6899571	12.623889	170.88986	0.26529524
10480000	2616.84	790	2804	40798.38	4.1907587	12.054594	122.505516	0.3467615
10496000	2596.92	644	2803	40863.17	2.6784859	8.577565	118.16711	0.2508168
10512000	2625.19	644	2805	40927.93	2.4018886	6.908622	146.13988	0.21966362
10528000	2626.76	644	2805	40992.83	1.8327689	3.8871017	59.307686	0.19970867
10544000	2598.91	411	2805	41057.65	1.5669136	5.56698	132.10738	0.17031613
10560000	2451.79	120	2805	41121.36	1.7082136	4.4790874	71.70377	0.15517287
10576000	2387.92	120	2804	41185.35	1.8861163	5.8649035	106.54663	0.17113075
10592000	2353.01	120	2804	41250.03	2.064815	5.874954	130.74501	0.24454969
10608000	2472.66	788	2804	41315.65	2.6407363	9.692461	186.49191	0.27369434
10624000	2458.23	788	2804	41378.87	3.2787342	12.507604	175.30186	0.29272127
10640000	2509.17	781	2804	41443.2	2.7978969	10.152852	146.92981	0.2524344
10656000	2486.41	523	2804	41506.68	2.5226953	7.8410926	133.93243	0.2774874
10672000	2344.98	523	2804	41570.18	2.3162982	5.3647504	115.71384	0.26140752
10688000	2267.23	120	2804	41633.24	3.4705894	9.85712	140.90517	0.296243
10704000	2208.09	120	2805	41697.03	3.501646	10.807601	136.03127	0.25929832
10720000	1895.79	120	2805	41761.35	4.4263787	13.673644	151.07484	0.22023484
10736000	1872.11	775	2803	41824.83	5.9631877	15.1945915	155.67839	0.22506443
10752000	2039.36	784	2805	41888.95	6.7950544	16.97431	162.65329	0.34092736
10768000	2258.39	412	2805	41952.59	5.422916	13.16931	123.15669	0.39802295
10784000	2169.49	412	2804	42015.72	5.5887685	14.621654	150.02814	0.26791596
10800000	2324.45	412	2804	42081.26	5.183057	13.0218	111.74691	0.3634108
10816000	2370.19	120	2804	42145.85	4.2793927	10.35793	112.544685	0.3246215
10832000	2523.3	120	2804	42210.6	3.366326	8.613124	156.21767	0.3552774
10848000	2469.71	120	2804	42274.11	3.2534347	6.9849863	88.9732	0.33637702
10864000	2535.63	577	2804	42337.27	3.1445408	6.4864974	111.51367	0.2462641
10880000	2482.58	577	2803	42401.63	3.136987	7.475548	103.25571	0.36407918
10896000	2473.32	572	2802	42465.59	2.8756425	6.9899364	98.835434	0.24512441
10912000	2493.94	133	2804	42531.63	2.3616447	5.655149	90.48905	0.24030691
10928000	2498.77	133	2804	42595.98	2.2583683	7.2589574	124.623055	0.2667131
10944000	2434.27	133	2804	42661.46	2.457196	8.141953	123.773895	0.24488068
10960000	2553.07	791	2804	42726.99	2.3376892	7.3717413	133.17505	0.22746351
10976000	2555.89	791	2804	42792.35	2.4104974	8.10461	128.62889	0.19930118
10992000	2415.49	590	2804	42857.33	2.3473501	8.638922	133.56816	0.18425554
11008000	2333.12	590	2804	42922.28	2.8930013	8.930683	96.49254	0.17848375
11024000	2193.81	580	2804	42986.36	3.465621	11.299718	138.0314	0.25763977
11040000	2337.99	580	2804	43051.2	3.9054248	11.790098	137.03546	0.22109905
11056000	2480.42	120	2804	43116.8	3.230432	11.000773	191.94649	0.24769321
11072000	2498.71	120	2804	43181.65	2.874602	8.957823	107.23458	0.24180183
11088000	2515.45	120	2804	43246.32	3.4114947	10.039673	150.26285	0.27825993
11104000	2317.79	133	2804	43310.92	3.2404404	11.49655	156.1206	0.2636881
11120000	2028.52	120	2804	43374.12	3.4890108	13.000557	178.17734	0.3088066
11136000	1906.87	120	2804	43437.55	4.037443	13.774815	170.88057	0.23900539
11152000	2161.07	120	2804	43501.4	4.1827126	12.843105	171.5451	0.25462958
11168000	2200.41	133	2804	43567.05	4.994352	15.243794	181.20352	0.3081444
11184000	2153.73	133	2804	43632.68	4.128106	10.959255	141.36235	0.25776863
11200000	2179.61	133	2804	43696.51	4.8937984	11.68043	118.70158	0.28881434
11216000	2374.51	120	2804	43762.29	3.9774518	10.068308	111.776276	0.30522954
11232000	2049.61	120	2804	43824.82	4.1281576	11.580078	114.73487	0.30920774
11248000	1884.53	120	2804	43888.11	5.006205	14.067296	145.37671	0.32765758
11264000	1979.16	580	2804	43951.61	4.7966447	12.949903	147.96556	0.24979115
11280000	2234.38	777	2804	44014.79	4.041978	12.104669	160.54535	0.24326348
11296000	2381.74	777	2804	44080.08	4.2323365	12.046168	139.53596	0.26562703
11312000	2397.47	777	2804	44144.09	3.964646	12.472469	162.48941	0.25253806
11328000	2277.69	784	2804	44207.25	4.699647	12.571929	161.65851	0.25060612
11344000	2248.67	791	2804	44272.18	3.146691	7.439801	87.5908	0.28671056
11360000	2334.42	716	2804	44336.49	3.0815656	7.799692	156.39247	0.2729928
11376000	2508.19	716	2803	44400.46	2.7607305	7.311487	148.34854	0.3086468
11392000	2552.25	716	2802	44465.94	2.6739004	6.09969	84.583374	0.31199884
11408000	2497.23	798	2803	44530.61	2.4007735	6.541873	156.04329	0.3049084
11424000	2526.66	787	2803	44595.57	2.325568	7.5404153	179.81822	0.29454154
11440000	2525.28	120	2803	44660.2	1.6419325	4.3296423	51.368332	0.18622257
11456000	2508.81	120	2803	44724.26	1.9016267	5.6880937	115.978325	0.19213995
11472000	2405.51	120	2803	44789.15	1.8700169	6.8100443	162.55026	0.20660391
11488000	2456.25	751	2802	44854.54	2.259186	8.725961	164.02562	0.21324193
11504000	2506.6	751	2802	44919.98	2.0439408	6.8791704	105.2288	0.22653985
11520000	2499.02	120	2804	44986.08	1.7065747	3.944221	50.657154	0.19536583
11536000	2453.1	120	2804	45049.58	2.7463212	8.657753	153.48561	0.2383385
11552000	2369.84	120	2804	45111.72	2.5175595	8.423181	152.65857	0.20304313
11568000	2277.14	120	2804	45174.83	2.6951482	8.7245655	139.10306	0.2022424
11584000	2199.43	-101	2804	45238.95	3.4727612	12.399881	168.57578	0.25140116
11600000	2294.16	-101	2804	45302.21	3.000917	8.795279	161.68501	0.25413448
11616000	2402.17	-101	2804	45366.2	3.1887813	8.245482	150.49408	0.23711562
11632000	2376.43	766	2804	45430.5	2.8185093	7.7417545	161.57024	0.27597588
11648000	2038.28	120	2804	45494.59	3.633201	11.849033	145.62921	0.23666215
11664000	1969.1	120	2804	45558.88	4.524338	12.949554	163.32465	0.27100313
11680000	2079.71	120	2804	45624.62	3.7013159	11.052882	156.24112	0.23671013
11696000	2475.06	779	2804	45689.12	2.8094049	7.651516	136.28947	0.23805967
11712000	2539.92	778	2804	45754.71	3.131998	10.39949	112.80605	0.25276402
11728000	2458.24	120	2804	45819.24	2.6568284	7.1456695	100.27361	0.2876721
11744000	2409.65	120	2804	45883.17	3.7882626	11.840055	155.50421	0.24137911
11760000	2370.6	120	2804	45946.88	2.6233375	8.879603	140.26427	0.20691174
11776000	2443.17	586	2804	46011.71	2.4560275	6.253546	146.05374	0.22893618
11792000	2472.42	586	2804	46075.82	2.4097424	6.4213	125.307495	0.23395012
11808000	2169.47	411	2804	46139.58	3.159464	9.972051	157.05688	0.18813202
11824000	2148.58	411	2804	46204.03	3.8003364	12.014558	153.28127	0.25038338
11840000	2343.36	120	2804	46268.41	3.318793	9.230498	129.63689	0.2322761
11856000	2420.69	120	2803	46332.78	3.9472647	12.009685	154.64568	0.24587819
11872000	2301.28	120	2803	46396.77	4.08456	11.021799	113.81135	0.20277008
11888000	2301.95	120	2802	46459.56	4.088519	10.572419	153.6716	0.2811603
11904000	2359.75	120	2803	46523.71	3.419617	8.6182995	125.27359	0.21565132
11920000	2517.89	120	2804	46588.51	2.5850058	6.7138696	144.71097	0.19483106
11936000	2445.66	788	2804	46651.58	3.1454556	9.005984	145.14543	0.2669673
11952000	2341.57	788	2804	46715.86	2.588973	6.95805	112.702644	0.25311425
11968000	2425.99	797	2804	46781.33	2.6155586	7.109611	147.64201	0.22129901
11984000	2542.46	875	2804	46845.53	2.2369235	6.3409824	135.8612	0.22981364
12000000	2610.37	1820	2804	46909.55	2.249695	5.8783064	74.883026	0.24733865
12016000	2497.6	779	2804	46973.33	2.7774472	7.179541	122.51022	0.2201809
12032000	2438.91	779	2803	47037.4	2.664795	6.707221	99.57862	0.26445356
12048000	2342.65	577	2803	47100.8	3.0507076	7.292926	111.13097	0.28693646
12064000	2362.41	577	2802	47165.94	2.7443945	6.8714085	99.319305	0.2285372
12080000	2431.6	577	2802	47230.13	3.0019476	10.661541	160.35559	0.29313645
12096000	2514.17	687	2802	47294.04	2.0551074	5.2312126	92.070145	0.27571797
12112000	2562.06	687	2803	47358.86	2.2261696	5.018535	73.66317	0.2969678
12128000	2617.26	720	2803	47423.28	2.0815206	7.6538877	170.79268	0.24564466
12144000	2648.06	791	2803	47488.44	1.5389897	4.41091	91.72518	0.19978973
12160000	2612.35	120	2804	47553.63	2.0220177	7.2452426	106.7352	0.20331335
12176000	2549.57	120	2804	47617.92	1.5067995	4.247507	76.99459	0.16136292
12192000	2561.36	120	2804	47683.61	1.4931486	5.309154	129.47107	0.18988995
12208000	2586.93	791	2804	47749.01	1.5910459	6.46737	124.92473	0.14483827
12224000	2496.75	120	2804	47813.92	1.4211583	3.7215836	62.13252	0.16500565
12240000	2452.03	120	2804	47878.33	2.2284462	8.027438	137.90572	0.15827796
12256000	2418.32	120	2804	47942.22	2.2694595	7.8933916	149.05081	0.18708941
12272000	2574.12	591	2804	48007.89	2.8487535	10.352609	151.0822	0.22254598
12288000	2557.27	591	2804	48071.84	2.324413	9.137681	150.94409	0.13455415
12304000	2517.46	712	2804	48136.74	2.8456445	7.617273	76.50098	0.2086333
12320000	2472.77	778	2804	48201.05	3.3576407	10.746155	154.51173	0.23737818
12336000	2427.4	765	2804	48267.04	2.5104527	8.918786	154.20917	0.14811194
12352000	2511.98	120	2804	48330.47	2.2767868	5.2329884	83.09351	0.19039173
12368000	2530.87	120	2804	48394.91	2.4310582	8.553405	156.98683	0.1948189
12384000	2559.63	120	2804	48460.09	2.4039586	6.5459404	107.61386	0.20367968
12400000	2472.46	120	2804	48524.58	2.8167832	7.663015	147.34003	0.22979873
12416000	2426.68	120	2804	48589.61	2.4803886	7.4260015	128.26582	0.24588348
12432000	2442.82	120	2804	48654.42	3.123381	8.583588	141.14981	0.20185897
12448000	2516.03	791	2804	48718.22	2.4980834	6.7019515	131.22493	0.23628868
12464000	2477.69	120	2804	48781.81	2.762431	6.2865305	88.0432	0.27711076
12480000	2358.01	120	2804	48845.4	2.536093	5.5690002	95.64605	0.27375507
12496000	2309.67	120	2804	48909.86	3.1012166	7.26947	116.62343	0.27918535
12512000	2324.97	120	2804	48971.87	2.9413335	7.4065056	113.01362	0.2500263
12528000	2472.81	120	2804	49037.07	2.4333491	5.5052447	111.50721	0.22648992
12544000	2529.12	876	2803	49101.32	2.1671202	4.804615	93.31999	0.18195555
12560000	2575.57	523	2804	49163.97	2.9606938	7.9465265	111.35593	0.1986059
12576000	2506.84	523	2804	49226.97	2.3990571	5.2467895	49.281315	0.16129188
12592000	2340.28	523	2804	49288.81	2.5710542	7.711822	154.40395	0.17968073
12608000	2329.17	120	2804	49352.34	2.8853977	9.043765	156.81363	0.16788977
12624000	2329.37	120	2803	49416.36	2.9058638	8.8975315	158.41965	0.09990052
12640000	2398.86	120	2803	49480.23	2.7954402	5.4638987	81.94416	0.19148578
12656000	2488.28	120	2802	49543.6	2.7363625	5.443798	73.14466	0.17417908
12672000	2496.09	412	2803	49607.16	3.1799242	9.295114	153.18022	0.24407762
12688000	2510.59	120	2803	49670.82	2.926969	8.6145	154.04675	0.18736741
12704000	1815.1	120	2803	49732.54	4.3829465	14.371341	148.39735	0.16703248
12720000	1575.85	791	2803	49796.22	5.722875	15.585622	156.8163	0.23884551
12736000	1829.35	778	2804	49860.46	5.904187	16.949055	148.92056	0.25494456
12752000	1878.07	120	2804	49923.33	7.833998	20.400154	184.86491	0.2830175
12768000	2147.65	120	2804	49987.58	7.483522	19.023924	158.51698	0.29202166
12784000	2249.37	120	2804	50051.49	6.7833757	16.95248	156.00848	0.2958653
12800000	2435.65	791	2803	50117.43	7.141874	16.24021	133.8074	0.37454093
12816000	2635.99	791	2803	50183.53	5.455041	14.145514	140.46097	0.2919762
12832000	2543.07	572	2803	50248.6	4.2337165	11.205138	118.579185	0.32989687
12848000	2505.94	572	2803	50312.43	2.7281675	9.249877	139.76802	0.27083087
12864000	2083.89	772	2803	50377.19	2.9777412	10.634638	123.81485	0.32242435
12880000	1836.3	772	2803	50440.47	4.3492675	13.248772	112.65933	0.34131432
12896000	2004.27	772	2803	50504.44	4.253441	12.504778	111.21483	0.30292597
12912000	2289.67	786	2803	50568.81	5.8429103	14.981035	196.32977	0.3189418
12928000	2328.25	657	2803	50634.01	5.7911906	15.644983	183.0028	0.39280477
12944000	2305.87	657	2802	50698.84	5.9568315	13.792963	157.1685	0.42023188
12960000	2423.63	779	2802	50763.86	5.9149	13.54322	138.07129	0.39978665
12976000	2572.29	779	2802	50828.61	5.5839324	14.7482605	164.66481	0.4079414
12992000	2508.85	775	2802	50892.89	6.4028897	15.200439	176.79582	0.38482845
13008000	2517.87	775	2803	50957.42	5.946178	15.768337	164.70734	0.35640287
13024000	2445.74	120	2803	51021.87	5.553875	14.305842	139.56183	0.31298
13040000	2582.56	120	2803	51088.11	4.7910037	11.37745	147.1388	0.3410078
13056000	2326.69	120	2802	51152.43	4.297277	10.616812	144.2964	0.32035035
13072000	2377.08	120	2802	51218.65	4.1099963	10.659107	136.74068	0.31592894
13088000	2345.19	120	2804	51282.56	3.632547	8.422621	93.99112	0.3845168
13104000	2389.56	590	2804	51346.24	3.1267612	7.3967175	112.70988	0.3563755
13120000	2403.21	590	2804	51410.5	2.9660325	6.5549135	71.9784	0.38132897
13136000	2426.41	590	2803	51474.16	2.9209533	7.931692	122.51674	0.3151664
13152000	2536.06	776	2803	51539.31	2.1476042	5.5671463	106.80562	0.23763323
13168000	2535.19	776	2803	51603.79	1.6253443	3.5205393	90.2969	0.21504891
13184000	2501.44	582	2804	51667.9	2.0179055	4.8947353	77.6156	0.24963026
13200000	2400.42	582	2804	51732.47	2.1498663	5.729429	109.960236	0.26062152
13216000	2410.0	582	2804	51794.42	1.9696628	5.1206923	84.94472	0.23377387
13232000	2302.13	582	2803	51858.52	2.2832308	6.66413	139.01372	0.27956185
13248000	2377.23	749	2803	51922.97	2.9894845	8.040219	120.06949	0.28895956
13264000	2412.68	749	2803	51987.11	3.4865794	8.706628	137.45032	0.3043399
13280000	2437.14	771	2802	52050.52	3.8252642	8.830771	126.44332	0.27707797
13296000	2430.29	771	2802	52114.41	3.757374	9.820304	133.0059	0.29344523
13312000	2356.27	771	2803	52177.96	3.6120517	8.2622385	103.992134	0.2165366
13328000	2228.5	120	2803	52241.28	3.9471412	10.039918	126.907745	0.2844703
13344000	2275.97	120	2803	52305.76	4.4594774	14.137832	198.55804	0.28694984
13360000	2139.9	120	2803	52368.12	3.8812282	11.702592	135.282	0.21191281
13376000	2234.26	120	2801	52431.86	3.2974305	8.824245	103.771484	0.2235646
13392000	2160.05	768	2801	52495.32	3.7661695	9.870458	133.59036	0.227374
13408000	2343.28	768	2801	52559.69	4.3467994	10.177088	138.15393	0.28658062
13424000	2293.81	120	2803	52623.84	4.196932	9.450619	105.71608	0.20573992
13440000	2282.16	120	2803	52686.5	3.4660933	8.637051	156.22696	0.29640624
13456000	2256.94	120	2803	52751.45	3.8026857	8.399681	102.36693	0.34455466
13472000	2332.68	120	2803	52815.42	3.545547	9.4901705	156.71732	0.2780463
13488000	2468.14	120	2803	52878.6	3.4487739	9.754509	146.01443	0.33890468
13504000	2548.39	778	2803	52943.37	2.6506817	5.9107313	129.8141	0.26455688
13520000	2567.14	120	2802	53008.1	3.3223097	10.927853	170.29192	0.28158075
13536000	2529.66	120	2802	53072.34	2.5099964	4.927144	68.505066	0.26008347
13552000	2438.41	120	2802	53135.8	2.6505094	7.647325	154.35187	0.26844642
13568000	2393.76	523	2802	53200.41	2.4326582	5.2882214	66.66775	0.29432723
13584000	2439.81	523	2802	53266.22	2.9391825	6.1769943	95.98297	0.28731164
13600000	2513.04	773	2802	53330.23	3.1464918	10.683875	158.82265	0.23973033
13616000	2427.95	120	2802	53394.42	2.8834367	9.221208	145.58017	0.32836002
13632000	2464.94	120	2802	53459.32	2.595892	6.097322	117.129395	0.34055272
13648000	2483.42	120	2804	53523.8	2.7922158	8.857574	157.54486	0.29244232
13664000	2615.42	628	2804	53588.81	2.0264146	4.7500963	104.83022	0.26281953
13680000	2628.89	628	2804	53652.96	2.2775834	7.209101	146.50978	0.2886241
13696000	2604.54	778	2802	53717.55	1.7090905	4.4944925	105.22575	0.21357808
13712000	2592.06	580	2802	53782.13	1.6744698	2.839458	40.972797	0.22755128
13728000	2568.16	580	2802	53847.52	1.4594944	3.203339	43.393723	0.21468431
13744000	2578.15	580	2803	53911.48	1.7310706	6.134587	135.68523	0.19506222
13760000	2570.48	590	2803	53976.0	1.7468024	7.2727876	157.34917	0.17205045
13776000	2517.59	590	2804	54040.83	1.5027324	2.889604	46.164482	0.23652752
13792000	2504.23	590	2804	54105.43	2.0495238	7.5939417	153.61136	0.21799111
13808000	2606.78	786	2804	54169.63	1.5154604	5.2323523	111.33175	0.17437333
13824000	2522.32	590	2804	54233.0	1.9123544	9.061007	150.79584	0.19720985
13840000	2227.78	411	2802	54296.48	2.9636722	10.466803	133.89398	0.25741902
13856000	2153.64	411	2802	54360.6	2.26935	8.98928	144.03697	0.20640767
13872000	2214.05	411	2802	54424.18	2.2943516	6.854227	69.278625	0.16105111
13888000	2388.08	27	2802	54488.89	3.07186	10.184223	146.91072	0.21720201
13904000	2442.23	27	2803	54553.04	2.5289428	8.649225	130.48053	0.19969758
13920000	2459.41	27	2804	54618.05	2.2891874	6.396912	82.85494	0.24439985
13936000	2331.13	27	2804	54682.4	3.1715367	10.657295	142.12274	0.20159963
13952000	2280.58	27	2804	54745.08	2.617194	7.5705624	104.1691	0.22801003
13968000	2418.49	27	2804	54808.89	2.9499214	8.617219	143.57898	0.26338494
13984000	2460.78	783	2804	54873.0	2.5200372	7.541642	153.73314	0.31153816
14000000	2551.64	590	2804	54938.03	2.469455	6.87533	130.82587	0.24527116
14016000	2494.35	411	2804	55002.01	2.5595224	6.750202	108.639824	0.2891481
14032000	2495.65	411	2803	55065.88	3.0518384	9.232038	133.92242	0.2454735
14048000	2416.01	411	2803	55130.43	2.3665507	6.052935	86.161095	0.23200832
14064000	2384.38	120	2803	55194.82	2.4594815	7.3483396	126.93921	0.30473906
14080000	2419.67	120	2803	55259.79	2.3148715	5.5750556	92.11544	0.22716694
14096000	2466.75	120	2803	55323.62	2.8291495	7.5133586	154.32887	0.20753673
14112000	2431.27	120	2804	55389.07	2.6975605	5.9723372	96.97102	0.22747386
14128000	2502.2	120	2804	55453.43	3.1511045	8.963633	157.67584	0.2837207
14144000	2485.95	120	2805	55518.41	2.535749	7.247208	159.17313	0.32577267
14160000	2547.83	120	2805	55583.14	2.4704754	8.549223	158.72337	0.27444118
14176000	2548.58	120	2805	55646.79	2.1544766	7.2957754	143.37178	0.23343006
14192000	2565.07	120	2805	55711.08	1.818541	4.638552	82.09807	0.20767495
14208000	2629.72	786	2803	55776.35	2.1664605	7.1615458	139.70712	0.19228855
14224000	2646.28	792	2803	55842.31	1.676961	7.4882426	149.73567	0.1871809
14240000	2641.83	790	2803	55907.93	1.814329	7.0162096	141.02913	0.15752193
14256000	2549.79	120	2803	55971.57	1.8715165	5.7935925	88.2906	0.18066174
14272000	2439.14	120	2803	56036.67	1.725687	5.74367	102.05363	0.21834445
14288000	2459.64	120	2803	56101.24	2.033431	6.606963	84.94378	0.21215536
14304000	2508.86	120	2806	56166.43	2.2307415	6.7511573	104.68427	0.22668709
14320000	2530.97	777	2806	56230.03	2.0500422	7.7057233	135.89825	0.25696015
14336000	2538.64	640	2806	56294.4	2.048298	6.692954	102.877174	0.2603587
14352000	2549.89	640	2803	56359.66	2.4667196	8.1662245	154.6657	0.22019202
14368000	2492.73	120	2803	56423.27	2.7370963	10.291461	182.64163	0.27061614
14384000	2432.47	120	2802	56488.68	3.4829226	9.625772	102.39038	0.29384282
14400000	2367.42	120	2802	56551.9	3.2948647	9.0876255	135.91722	0.2770174
14416000	2463.56	120	2803	56617.21	3.0125031	7.2873616	94.5808	0.35137433
14432000	2462.0	120	2803	56682.22	4.0193977	8.964681	82.62402	0.35628015
14448000	2421.1	120	2803	56745.42	3.3961895	7.039514	114.69677	0.3042801
14464000	2365.84	120	2803	56808.71	3.2591045	6.8580623	111.87896	0.3672016
14480000	2322.95	120	2803	56872.24	3.320974	8.10874	138.24945	0.33153364
14496000	2406.05	755	2803	56937.44	3.6654344	9.996683	136.92645	0.32945305
14512000	2478.05	591	2803	57001.27	2.6385117	4.579532	46.497158	0.20952952
14528000	2516.19	591	2803	57065.56	2.870114	7.845068	133.80835	0.24222577
14544000	2536.41	591	2802	57130.15	2.712481	7.57599	115.24402	0.2502011
14560000	2472.94	767	2802	57194.48	2.6628451	8.852057	144.04382	0.21769561
14576000	2421.03	767	2802	57259.92	2.7769175	8.929089	131.90152	0.2582446
14592000	2394.66	767	2803	57324.83	2.9607368	9.512622	159.38002	0.24672914
14608000	2166.19	395	2803	57388.98	3.2596388	8.943593	124.98751	0.26201987
14624000	2145.2	395	2804	57452.33	3.9051783	10.104164	132.12157	0.2806636
14640000	2134.62	395	2804	57516.66	3.3421543	9.678389	146.45425	0.23643167
14656000	2381.85	523	2804	57580.66	2.9513168	6.577915	70.447334	0.29177362
14672000	2496.39	523	2804	57645.43	4.089495	13.415309	263.8222	0.32810956
14688000	2437.66	523	2804	57708.58	3.6361382	10.059763	127.54953	0.21493074
14704000	2394.45	788	2804	57772.9	3.4249973	9.6105	129.0744	0.25853282
14720000	2286.71	-101	2804	57837.53	3.8523624	11.984496	153.50836	0.24209397
14736000	2296.23	-101	2804	57901.26	3.5453084	11.584851	155.82884	0.33669645
14752000	2378.22	-101	2804	57965.78	3.2855444	9.955748	168.84848	0.29123262
14768000	2558.76	523	2804	58030.61	2.9325135	9.724933	160.21362	0.25290695
14784000	2582.94	120	2804	58095.3	2.9115381	9.666275	150.20667	0.23413885
14800000	2534.17	120	2803	58159.49	2.4456518	9.995064	165.10031	0.2649243
14816000	2526.98	120	2803	58224.13	1.9823264	7.5380006	171.32838	0.21820182
14832000	2451.2	120	2803	58288.06	1.8457378	5.5066934	86.71871	0.18125251
14848000	2368.41	120	2803	58352.83	1.9126433	8.064458	166.86168	0.18868062
14864000	1679.55	777	2802	58414.44	4.7758155	17.370579	161.12212	0.21469787
14880000	1767.66	790	2803	58479.56	5.544007	16.708496	167.17212	0.23157941
14896000	2155.96	120	2803	58544.37	5.0863323	14.495659	153.11528	0.24564657
14912000	2386.03	120	2803	58608.02	5.6393723	15.486824	140.82912	0.27966958
14928000	2312.47	120	2803	58671.87	5.645109	14.051174	127.267624	0.23619008
14944000	2258.48	120	2803	58735.83	6.5365486	16.762722	176.10556	0.32912293
14960000	2277.58	776	2803	58798.5	5.7360487	15.878864	145.42805	0.3492761
14976000	2388.48	580	2803	58861.32	4.791996	13.161139	157.2265	0.3413645
14992000	2400.59	580	2803	58925.77	3.7205946	9.721798	144.13818	0.302994
15008000	2551.54	580	2803	58989.66	3.8920944	11.261203	161.42278	0.2602206
15024000	2410.15	791	2803	59052.03	4.1171603	12.215008	151.4946	0.18575762
15040000	2313.79	791	2802	59117.38	3.1426709	10.765239	162.57704	0.19209465
15056000	2388.64	120	2800	59181.84	3.5709367	12.173525	163.72813	0.2246153
15072000	2445.79	120	2803	59246.61	3.314943	10.974476	173.94806	0.24244224
15088000	2535.67	120	2803	59311.55	2.3940878	9.067136	196.53616	0.22221044
15104000	2561.57	778	2804	59375.32	2.9204185	9.752281	172.80028	0.22667168
15120000	2455.72	778	2804	59439.65	2.9645936	8.711418	158.74155	0.26722234
15136000	2429.58	781	2803	59505.06	2.2728043	5.2526617	57.9921	0.26649693
15152000	2398.63	781	2803	59569.45	2.528751	7.4406447	104.43687	0.24914807
15168000	2460.27	786	2803	59635.0	2.0195103	5.539019	74.53292	0.24783692
15184000	2514.02	786	2802	59701.35	2.715959	9.474244	155.88307	0.21654576
15200000	2547.73	-101	2802	59765.23	1.8633528	3.8744419	37.571655	0.23527268
15216000	2528.03	-101	2803	59829.54	2.5205164	8.499176	153.27464	0.20695218
15232000	2408.57	778	2803	59893.1	2.059382	4.49538	45.01131	0.2494953
15248000	2364.15	395	2803	59957.44	2.291541	6.4260826	106.74968	0.1786209
15264000	2405.8	395	2803	60021.09	3.1181397	10.283714	143.45685	0.19867474
15280000	2494.98	395	2803	60085.32	2.3761458	6.631799	125.14638	0.24774764
15296000	2552.74	395	2803	60149.41	2.3672805	7.504285	146.89131	0.2119728
15312000	2602.25	395	2804	60214.16	2.2055209	6.768542	134.19862	0.21094438
15328000	2534.31	395	2804	60277.5	1.9854792	7.0999303	124.3948	0.2563281
15344000	2521.65	395	2804	60342.24	2.0462763	8.179414	126.77474	0.23066168
15360000	2502.24	523	2801	60406.62	1.821984	6.512351	123.15985	0.18193218
15376000	2532.14	523	2801	60470.94	2.0378475	7.3869143	108.86949	0.1605323
15392000	2562.58	586	2800	60535.71	1.8520883	6.3269415	106.60934	0.15384334
15408000	2567.47	120	2800	60600.04	1.3707834	3.6476479	75.64	0.13563138
15424000	2496.71	120	2800	60665.57	1.8367205	5.8478675	113.86359	0.14968142
15440000	2444.48	120	2802	60729.9	1.6796073	6.812822	120.06062	0.15491481
15456000	2449.21	120	2802	60794.89	2.446049	8.30554	147.52237	0.16671942
15472000	2502.33	120	2802	60859.24	2.151016	8.27527	150.72716	0.1993418
15488000	2566.44	715	2801	60923.97	1.6904538	4.1835537	67.70834	0.17921236
15504000	2601.24	120	2801	60990.26	2.0682936	7.9592204	161.42717	0.14310896
15520000	2664.79	120	2802	61054.36	2.4903657	8.460643	158.3479	0.1876591
15536000	2651.48	120	2802	61120.1	1.6103818	3.5676064	73.38569	0.20381978
15552000	2528.23	580	2803	61183.74	1.7418784	4.97633	93.82088	0.17246392
15568000	2494.83	580	2803	61248.55	1.9321818	6.452319	125.8744	0.16676342
15584000	2485.03	120	2803	61312.9	2.070531	7.379806	130.15529	0.19086404
15600000	2570.77	120	2803	61377.2	1.7682046	6.5232334	112.973885	0.123466104
15616000	2530.81	120	2801	61441.67	1.5216819	4.767382	87.12174	0.15491545
15632000	2414.75	120	2802	61505.25	1.766852	4.7921915	70.94308	0.1938223
15648000	2389.24	580	2802	61569.61	1.9915762	5.9521036	99.62544	0.22279847
15664000	2418.17	580	2802	61632.92	1.6874607	4.345783	62.224182	0.17357561
15680000	2475.96	580	2802	61696.51	2.2791908	5.682618	70.095375	0.1790345
15696000	2542.1	580	2802	61761.79	2.127714	4.500425	41.943283	0.2031675
15712000	2601.42	778	2802	61826.9	2.5275054	8.978787	164.54266	0.20908087
15728000	2622.18	590	2802	61892.19	1.9252099	5.5617957	107.12373	0.14133713
15744000	2257.72	120	2802	61955.68	3.1874297	12.007542	156.14792	0.14835367
15760000	1803.98	791	2802	62019.41	4.6921196	14.27532	129.82216	0.13153157
15776000	1845.36	791	2802	62082.98	5.303324	14.947774	146.82455	0.16805422
15792000	2148.92	791	2802	62146.24	4.6140256	14.419785	149.27321	0.1632389
15808000	2311.47	791	2801	62210.72	4.7973404	13.481342	178.98012	0.15559879
15824000	2530.19	791	2801	62275.02	5.2122684	13.781216	171.19633	0.20163117
15840000	2516.38	120	2801	62339.98	4.3059354	11.492735	106.43975	0.17106405
15856000	2489.52	120	2804	62403.57	3.1194096	9.74552	158.0967	0.20818892
15872000	2461.64	120	2804	62468.03	2.2557247	6.116485	112.67365	0.20037137
15888000	2468.91	778	2804	62532.65	2.112566	6.2047014	130.03008	0.23270987
15904000	2500.68	778	2804	62596.93	1.8860624	6.7936926	136.31839	0.1871323
15920000	2416.44	120	2804	62662.14	2.002024	7.0110745	151.30528	0.15898019
15936000	2424.96	120	2804	62726.9	2.4455914	7.347487	89.82279	0.21798897
15952000	2514.7	791	2804	62792.19	2.4148757	7.3741913	112.55677	0.22161752
15968000	2538.09	791	2804	62856.83	2.2537382	8.132838	156.70863	0.22144482
15984000	2512.06	791	2804	62921.77	2.2239141	7.556844	137.72069	0.22180188
16000000	2308.13	120	2802	62985.78	2.8134305	10.555899	143.38222	0.1843197
16016000	1699.25	120	2802	63047.96	3.8180075	11.79573	131.62839	0.21915084
16032000	1575.38	784	2804	63111.59	5.1368423	13.348587	147.68793	0.23442155
16048000	1803.83	749	2804	63174.61	5.9613233	14.346029	144.84982	0.22857916
16064000	1960.89	704	2804	63238.49	6.7464805	14.566144	155.35481	0.31303167
16080000	2205.41	-69	2802	63301.1	5.6142244	12.571551	152.73123	0.2872618
16096000	2138.66	-69	2802	63363.76	5.8079987	12.575992	184.20334	0.33054698
16112000	2126.95	-69	2802	63427.73	6.2670345	12.380454	166.7459	0.51885223
16128000	2152.2	424	2801	63491.12	5.9006357	10.845098	153.98936	0.5082348
16144000	2302.82	424	2802	63554.7	6.09899	10.435785	134.10019	0.452012
16160000	2321.25	577	2802	63619.76	6.108925	10.095153	97.30693	0.5752613
16176000	2427.83	577	2802	63683.61	5.6652856	10.063023	151.82495	0.49947792
16192000	2425.89	523	2802	63747.55	4.803002	8.671081	133.53514	0.42852986
16208000	2395.9	523	2802	63811.51	3.9129133	6.7862396	93.88316	0.37843317
16224000	2433.15	523	2801	63876.16	3.7992015	8.193837	159.81921	0.4171812
16240000	2332.18	120	2800	63941.0	3.8139882	7.851716	152.21104	0.37842742
16256000	2399.58	120	2800	64004.7	4.4011526	10.719992	124.86062	0.37825152
16272000	2421.92	580	2803	64070.11	3.7992535	7.3306985	137.46228	0.43600494
16288000	2402.78	580	2803	64134.94	4.2815723	11.578655	160.88257	0.29342985
16304000	2432.88	580	2804	64203.76	4.1597314	9.981243	156.64948	0.3389684
16320000	2485.53	778	2804	64272.55	3.3833306	10.660702	158.56216	0.36257094
16336000	2507.51	578	2804	64340.15	2.9989147	9.156848	151.44788	0.3277677
16352000	2392.11	578	2804	64408.47	2.9775844	11.248852	198.04575	0.2362358
16368000	2161.88	120	2804	64476.43	3.823231	12.655713	154.58226	0.29103738
16384000	1955.92	120	2804	64543.67	4.5730457	15.392145	150.31616	0.2504363
16400000	2147.9	791	2803	64612.87	4.048382	13.288412	122.48676	0.2811184
16416000	2240.04	787	2801	64680.95	4.8213634	12.215255	113.89903	0.27411565
16432000	2318.94	591	2803	64747.62	6.0817313	14.11202	142.17201	0.31769335
16448000	2289.0	591	2803	64815.32	4.7748065	12.431694	177.1554	0.2760239
16464000	2382.83	591	2803	64882.06	3.4899142	9.591407	104.59207	0.2878146
16480000	2363.95	120	2803	64948.9	4.2570343	11.589664	137.3266	0.31449383
16496000	1975.31	120	2802	65015.68	3.9942002	11.479295	152.73427	0.26134652
16512000	1932.15	720	2802	65083.63	4.304997	9.69457	79.708	0.24602363
16528000	2204.67	120	2802	65153.01	3.3721156	8.276182	85.370575	0.27578473
16544000	2443.37	120	2804	65221.83	3.5289319	11.177243	142.99821	0.25124076
16560000	2454.89	120	2804	65290.45	3.46747	9.814295	149.99	0.2280014
16576000	2462.88	778	2804	65358.97	2.8492434	6.3361864	98.85104	0.2273167
16592000	2338.43	774	2802	65425.82	3.329303	10.335727	147.05382	0.26518583
16608000	2325.56	774	2802	65495.67	3.219937	7.200183	119.438354	0.23766705
16624000	2219.85	774	2805	65563.21	3.4377239	7.819302	110.55364	0.30346987
16640000	2280.27	782	2805	65631.6	3.149144	6.590179	89.50823	0.25476623
16656000	2093.92	120	2801	65698.25	3.6025443	7.9437222	103.19256	0.2255488
16672000	1881.68	120	2802	65765.02	4.893947	10.862281	130.54956	0.31621373
16688000	2101.06	587	2802	65832.61	4.670977	10.007783	150.58698	0.38746825
16704000	2168.48	587	2802	65899.77	3.9420674	8.907802	112.45441	0.38028386
16720000	2280.1	746	2801	65967.21	3.649126	8.179834	147.1261	0.2484751
16736000	2315.53	773	2801	66035.26	4.0380816	8.544972	147.01463	0.33346254
16752000	2398.18	773	2802	66104.38	3.831573	8.946212	144.71153	0.29155314
16768000	2472.53	773	2803	66173.99	3.5557761	8.83872	141.46004	0.27027404
16784000	2523.19	792	2803	66243.22	2.4724793	5.1386166	72.84658	0.260578
16800000	2500.73	792	2802	66311.46	2.7634506	7.9678164	168.9687	0.27478075
16816000	2509.67	796	2804	66380.98	2.7863739	8.492251	151.35867	0.24730355
16832000	2534.4	120	2804	66449.03	2.0283031	6.141893	150.30888	0.23145792
16848000	2549.26	120	2804	66518.1	2.1467087	6.166959	117.71489	0.20818533
16864000	2505.45	120	2804	66587.13	2.0361462	4.3920856	59.17345	0.18802474
16880000	2489.73	797	2804	66655.69	1.9786074	5.627177	105.798546	0.16770053
16896000	2428.89	120	2804	66724.18	2.159025	5.447008	74.71218	0.20716006
16912000	2461.78	120	2803	66792.84	1.8382759	5.0258217	93.72046	0.21370493
16928000	2398.94	120	2803	66860.72	2.3706284	8.330673	152.51073	0.21614653
16944000	2493.55	784	2803	66930.03	2.0323484	4.723838	98.7619	0.24186784
16960000	2439.41	120	2803	66998.81	2.0539138	6.1553116	138.991	0.22135043
16976000	2519.04	120	2803	67066.4	2.1752007	3.4248896	39.960392	0.3261917
16992000	2497.9	120	2803	67134.29	2.853346	8.877061	140.01611	0.33610606
17008000	2568.36	795	2803	67203.12	2.5640087	6.9305563	135.867	0.28944886
17024000	2478.6	120	2803	67270.6	2.0585914	4.6173196	98.66096	0.25350752
17040000	2362.58	120	2803	67339.73	2.4199643	7.2865586	148.11441	0.19776769
17056000	2097.91	767	2804	67407.18	3.2675216	11.525009	133.2626	0.2591072
17072000	2098.23	784	2804	67474.4	3.6584566	12.363713	136.82289	0.24762076
17088000	2139.85	794	2804	67540.85	4.5803223	15.678732	263.09088	0.27304265
17104000	2205.48	120	2802	67608.79	4.7906604	14.891659	161.80814	0.24917325
17120000	1977.88	120	2803	67675.98	5.827516	15.4356	127.29805	0.252587
17136000	2069.48	523	2803	67743.73	7.1131797	17.097618	130.40575	0.2496568
17152000	2207.84	523	2802	67811.48	5.6562166	13.839492	102.34207	0.2523385
17168000	2116.33	120	2802	67879.87	4.96515	13.491246	135.671	0.2234305
17184000	1755.45	120	2802	67946.68	5.342888	13.554919	95.66377	0.2754579
17200000	1693.99	120	2802	68014.4	5.547514	13.166764	138.96428	0.27400267
17216000	1811.58	120	2804	68081.6	5.9648523	13.403541	135.53108	0.24697787
17232000	1812.13	120	2804	68149.17	6.691509	15.548052	160.53503	0.3092705
17248000	2070.26	120	2804	68216.79	7.5801663	15.896731	171.1917	0.36112326
17264000	2285.62	591	2802	68285.52	6.702207	16.219156	178.13615	0.29883954
17280000	2373.86	591	2802	68354.32	6.036281	12.502727	142.49904	0.3283069
17296000	2473.94	581	2802	68422.41	5.6603184	14.385772	164.49364	0.38934416
17312000	2425.3	581	2801	68490.18	5.407226	12.671835	136.1156	0.32031727
17328000	2464.11	581	2801	68558.37	4.2785788	10.098947	107.81742	0.40128615
17344000	2404.14	700	2801	68625.54	3.63204	9.226839	146.94649	0.44558802
17360000	2315.61	790	2801	68693.66	3.7237945	9.363542	144.43823	0.40570652
17376000	2227.46	120	2802	68761.29	3.9096937	10.779891	151.3494	0.43399614
17392000	2268.88	120	2802	68830.01	4.8120995	13.62764	182.20746	0.4237132
17408000	2432.73	120	2802	68898.58	3.4891129	8.984412	143.76295	0.29941314
17424000	2517.99	787	2802	68965.25	2.7691445	7.2390885	145.38559	0.36017093
17440000	2478.6	778	2802	69033.38	3.2822099	9.753234	173.39307	0.34006962
17456000	2416.56	752	2802	69100.63	3.5096178	9.382945	155.61076	0.25654775
17472000	2436.32	752	2802	69168.83	3.482005	8.564463	117.655304	0.30274224
17488000	2520.12	752	2802	69237.4	2.7566154	6.409758	71.319244	0.3067724
17504000	2571.82	789	2802	69306.91	2.71746	5.782558	72.77935	0.26781723
17520000	2599.79	591	2802	69375.66	2.6021588	4.8164463	46.18125	0.32921666
17536000	2479.79	591	2802	69444.54	2.9973857	6.9476595	107.75087	0.29427797
17552000	2453.06	591	2803	69512.88	2.723199	7.4847045	139.61797	0.28691033
17568000	2518.46	779	2803	69581.55	2.7295752	8.324383	110.299126	0.23066455
17584000	2507.2	779	2803	69649.25	2.9745753	12.092981	180.11996	0.25249228
17600000	2506.64	120	2801	69717.69	2.391675	12.059501	271.23816	0.22013761
17616000	2220.09	120	2802	69784.9	2.9378083	11.218801	144.0227	0.26415834
17632000	1770.71	791	2802	69851.31	3.945994	12.906897	128.50545	0.25616086
17648000	1984.07	133	2802	69918.26	4.2213507	10.38429	78.91979	0.21723625
17664000	2230.75	133	2803	69986.47	4.807733	12.011096	158.66008	0.25494397
17680000	2316.9	133	2803	70053.41	4.8981633	12.358991	138.67157	0.25694656
17696000	2445.05	787	2803	70122.51	4.5512013	11.1343355	160.67322	0.31103715
17712000	2442.33	193	2802	70191.18	3.8728626	9.377905	97.45959	0.22362703
17728000	2543.39	193	2802	70258.82	4.1632695	11.39401	163.49348	0.3792405
17744000	2484.09	193	2802	70326.8	2.8107696	8.0524	165.21669	0.23116638
17760000	2496.97	120	2803	70397.09	2.6508765	6.7689214	90.4435	0.2385375
17776000	2508.23	120	2804	70468.81	2.1789238	6.8173957	138.79646	0.17360365
17792000	2500.63	775	2804	70542.69	2.0726073	7.423468	137.53778	0.1523831
17808000	2450.99	775	2804	70616.92	2.1131344	6.271081	95.219055	0.18113507
17824000	2470.46	787	2802	70689.83	1.976234	5.6173124	111.023415	0.15101743
17840000	2427.94	787	2801	70762.88	2.585339	8.016929	130.06804	0.17799303
17856000	2508.56	797	2802	70834.21	2.5092967	8.835044	141.1845	0.13586763
17872000	2449.97	801	2802	70902.77	1.9313179	6.2591505	99.83018	0.22805607
17888000	2466.61	787	2802	70971.94	1.8215392	6.1936293	142.33228	0.16806835
17904000	2444.23	787	2802	71040.67	1.8351167	4.86666	98.8977	0.16421998
17920000	2421.16	580	2803	71110.6	2.1859243	6.4023843	88.99689	0.20509553
17936000	2259.55	580	2803	71179.29	2.42248	9.613134	157.25755	0.19949463
17952000	2243.87	580	2804	71248.13	3.4612095	10.862479	176.0636	0.23107697
17968000	2271.04	591	2805	71316.09	3.5636413	12.544618	161.65993	0.19335501
17984000	2449.37	591	2805	71384.56	3.698292	13.502345	170.20734	0.20558181
18000000	2231.55	411	2805	71453.72	3.0038507	11.99798	161.40894	0.19184579
18016000	2236.79	120	2803	71521.24	3.094999	9.703374	152.13248	0.2073661
18032000	2323.34	120	2803	71591.45	2.6514971	7.0722466	75.77082	0.19643536
18048000	2411.58	120	2803	71659.56	2.9255903	10.147795	158.54875	0.19051722
18064000	2482.75	797	2803	71728.29	2.8854249	10.6877365	164.06427	0.16767314
18080000	2448.25	120	2803	71796.96	2.5781279	7.6241603	162.53589	0.1738492
18096000	2413.66	120	2803	71865.18	2.9712906	9.075211	165.0076	0.22366862
18112000	2446.85	120	2801	71934.56	2.3038824	5.643049	81.41428	0.20751855
18128000	2453.11	797	2803	72003.22	2.2149901	5.704784	82.33398	0.2227844
18144000	2576.55	797	2803	72072.85	2.2428982	5.1669226	63.740562	0.1908714
18160000	2556.47	768	2803	72141.0	2.4281723	7.233321	158.24849	0.20248127
18176000	2511.66	120	2802	72209.43	2.3212652	5.435327	66.89797	0.1693286
18192000	2464.84	120	2802	72278.41	2.7835655	9.317598	229.83653	0.17761132
18208000	2427.01	120	2802	72346.78	2.560376	7.8379283	160.46606	0.1944693
18224000	2449.93	580	2805	72415.28	2.9651706	10.34065	158.59425	0.2179271
18240000	2360.96	580	2805	72484.13	2.3301265	5.1021495	57.581253	0.19445236
18256000	2350.94	790	2805	72552.67	3.1362932	10.525378	159.60571	0.21980162
18272000	2393.1	796	2803	72620.02	2.9540467	9.153656	147.11208	0.209272
18288000	2405.18	591	2803	72688.55	2.9374676	7.9707975	89.89668	0.21833831
18304000	2309.25	591	2803	72754.97	3.5054815	9.098369	95.53655	0.2314977
18320000	2284.94	591	2803	72822.86	4.138758	9.098396	88.948906	0.18679088
18336000	2323.5	523	2803	72890.91	4.0511265	9.425564	118.18634	0.21261184
18352000	2423.32	523	2803	72958.79	4.108132	9.375735	163.33525	0.21602234
18368000	2445.59	797	2802	73026.39	4.016223	9.528522	92.30814	0.26805514
18384000	2507.37	797	2801	73094.43	3.5662205	8.031453	82.0894	0.2784699
18400000	2486.31	797	2803	73162.85	2.887532	8.0164795	159.47987	0.17935202
18416000	2546.17	591	2803	73230.73	2.8324096	8.333143	102.27288	0.21161678
18432000	2559.34	591	2803	73300.74	2.8394222	10.864332	156.97319	0.19792162
18448000	2529.69	591	2801	73370.46	2.1768687	8.728923	160.81325	0.19614244
18464000	2463.27	591	2801	73442.15	1.8396418	8.081011	158.04735	0.1255596
18480000	2499.49	591	2801	73513.4	1.8472432	8.3143	152.5817	0.12838796
18496000	2438.02	120	2802	73583.34	1.613139	6.7107143	153.67079	0.1262877
18512000	2291.03	120	2805	73652.45	2.5528276	9.121384	153.5175	0.19827634
18528000	2253.45	120	2805	73721.56	2.3013604	8.059938	148.72592	0.14196232
18544000	2413.29	774	2805	73790.25	2.950522	11.103743	150.02484	0.18609968
18560000	2313.71	577	2801	73857.87	3.315244	13.369305	153.75323	0.18472034
18576000	2023.66	577	2801	73926.03	4.7053165	17.125471	158.47725	0.19483697
18592000	1553.3	120	2802	73992.7	5.041804	16.231127	144.84422	0.21789996
18608000	1556.48	120	2802	74059.55	7.502032	17.657782	142.3145	0.20867792
18624000	1841.4	580	2801	74128.29	8.4899235	19.141224	167.65561	0.19248594
18640000	1904.81	580	2803	74196.46	7.2478933	15.851527	150.87987	0.264514
18656000	1754.75	591	2803	74262.85	7.0626516	14.961712	155.78783	0.32248628
18672000	1796.36	580	2802	74330.53	8.580732	16.62027	138.0618	0.35338196
18688000	2005.12	523	2803	74398.48	7.0974803	14.899432	168.44412	0.307046
18704000	2145.99	523	2803	74469.73	6.1723065	12.156692	87.337006	0.4274162
18720000	2200.86	768	2802	74540.83	6.2868443	13.811717	191.43256	0.3312751
18736000	2156.74	768	2802	74608.6	5.9125676	12.918856	136.10765	0.5155182
18752000	2176.76	523	2802	74677.98	5.452296	11.20638	169.8079	0.38015956
18768000	2214.63	120	2801	74745.83	5.2588563	12.799137	166.09555	0.39377308
18784000	2204.23	120	2801	74812.73	3.6604595	7.8267813	96.04897	0.3160682
18800000	2303.12	-101	2801	74881.87	4.35486	9.784442	114.81985	0.36004606
18816000	2397.42	-101	2801	74952.53	3.8339922	10.026768	161.6726	0.339516
18832000	2585.52	-101	2801	75022.51	2.8502378	7.9426274	131.61197	0.26667994
18848000	2613.95	-101	2802	75092.27	2.8359747	8.485897	107.53229	0.24556898
18864000	2631.41	788	2802	75161.51	2.6430252	9.135274	140.68564	0.24075314
18880000	2568.31	788	2802	75232.65	2.2206705	5.8520865	84.72922	0.24490274
18896000	2527.74	120	2802	75303.36	1.1961342	3.3371887	82.07788	0.20130482
18912000	2556.34	120	2803	75374.0	1.1903896	5.245877	154.9732	0.16359296
18928000	2400.23	120	2803	75444.74	1.8049824	3.7789705	41.94944	0.2087301
18944000	2375.86	120	2803	75514.8	2.6292388	9.66533	174.49796	0.17176136
18960000	2524.08	120	2803	75586.05	2.5838654	7.8096595	146.47179	0.25086957
18976000	2395.49	648	2803	75655.25	2.9834569	7.331694	85.394035	0.23048946
18992000	2382.53	591	2803	75724.34	3.6639302	9.867527	116.54267	0.20576172
19008000	2400.21	591	2802	75794.87	3.8033466	9.173278	118.127716	0.21830526
19024000	2406.99	120	2802	75864.62	3.1930811	7.5998154	84.957184	0.18779692
19040000	2562.88	120	2802	75934.75	2.784128	8.473594	159.58952	0.14690319
19056000	2582.15	120	2802	76003.65	2.185599	6.8202124	114.37505	0.14308017
19072000	2631.56	120	2802	76072.46	2.4087038	7.61602	159.56203	0.1449867
19088000	2625.07	120	2802	76141.75	1.7544392	5.0261707	74.5492	0.15008432
19104000	2503.22	120	2802	76209.58	2.1326778	7.7395205	155.24228	0.15475823
19120000	2487.23	796	2803	76279.15	1.9540594	7.2756667	110.12499	0.1386143
19136000	2527.84	795	2803	76348.33	2.402525	7.8401036	163.01495	0.1670297
19152000	2388.52	120	2803	76416.89	2.4912837	7.898285	129.72697	0.2272138
19168000	2411.2	120	2803	76485.48	2.6285577	6.998932	112.10485	0.20938988
19184000	2401.43	120	2803	76554.5	2.3585484	6.943859	127.22136	0.2199302
19200000	2586.54	120	2802	76624.21	2.2278457	6.8610096	91.21509	0.17132863
19216000	2447.18	120	2803	76692.15	2.1050022	6.681041	110.2029	0.20642506
19232000	2469.59	120	2803	76762.31	2.3640938	6.529384	86.131714	0.218213
19248000	2373.99	751	2803	76831.28	2.3914363	6.600959	87.89042	0.25217754
19264000	2467.22	751	2803	76901.63	2.59556	9.031048	156.67953	0.21472606
19280000	2475.65	751	2803	76972.01	2.189932	6.3464737	99.06389	0.21507552
19296000	2473.12	120	2803	77041.0	2.2287302	7.2125926	137.78033	0.18637787
19312000	2488.55	120	2802	77110.76	1.8760977	5.1840305	75.108894	0.18853188
19328000	2478.19	120	2802	77179.37	1.9291716	7.353969	126.740585	0.16913734
19344000	2530.66	751	2803	77250.46	2.0009947	6.3816776	96.49358	0.17285511
19360000	2547.83	751	2803	77321.74	1.9242312	7.428436	116.2509	0.16807435
19376000	2592.61	799	2803	77393.11	1.573856	4.403225	77.665	0.14299965
19392000	2512.11	799	2803	77463.28	1.5252213	4.652145	82.37077	0.12026703
19408000	2526.3	799	2803	77535.82	1.4628438	3.500137	71.221596	0.13777056
19424000	2504.35	799	2803	77606.65	1.9948753	8.830465	157.95271	0.18855679
19440000	2556.46	799	2803	77675.54	1.9294324	8.662944	160.82123	0.120736085
19456000	2432.47	791	2802	77745.54	1.8676828	6.4688306	150.392	0.15978298
19472000	2456.83	791	2802	77814.2	2.0103195	5.735065	80.50616	0.15245499
19488000	2387.92	120	2802	77882.26	2.4337363	9.089432	162.67146	0.2099075
19504000	2423.64	120	2803	77952.84	3.3564205	12.284266	188.4755	0.21350701
19520000	2282.29	120	2803	78021.19	2.7234964	10.138048	117.11022	0.20536134
19536000	2368.57	120	2803	78090.63	2.8645535	8.869899	102.0234	0.17735785
19552000	2421.68	791	2802	78157.53	2.5685024	6.705841	73.808	0.16878904
19568000	2447.19	411	2802	78225.65	3.0228956	10.824787	155.05843	0.20375684
19584000	2395.11	411	2802	78293.83	3.127246	10.792754	150.40572	0.21147646
19600000	2438.13	590	2802	78361.95	2.861071	9.019682	152.51523	0.20337681
19616000	2495.12	120	2802	78431.32	3.459745	12.338102	162.52606	0.25454
19632000	2546.72	120	2802	78500.88	2.145014	5.182212	65.3884	0.17734456
19648000	2517.1	120	2802	78569.99	2.4548364	9.601678	164.5369	0.16596796
19664000	2461.34	587	2802	78639.26	2.3372462	7.607034	139.53944	0.17363895
19680000	2491.39	587	2802	78709.08	2.950188	11.4985	166.9518	0.18235505
19696000	2208.85	783	2802	78777.97	2.6762147	11.163181	162.51662	0.17341198
19712000	1862.97	120	2802	78844.36	4.500783	16.191559	156.11479	0.16276005
19728000	1653.42	120	2801	78913.17	5.590071	16.08946	163.32797	0.2671125
19744000	1524.41	759	2801	78980.97	8.004534	18.786955	154.96927	0.32059205
19760000	1809.15	781	2803	79049.8	9.211945	17.830862	117.46041	0.3088034
19776000	2082.5	781	2803	79118.43	7.5663543	14.404005	113.38331	0.4057964
19792000	2535.75	591	2803	79186.85	6.599331	14.192209	167.94545	0.38744336
19808000	2597.63	591	2802	79256.07	4.5029745	11.282236	107.352554	0.36185446
19824000	2575.84	591	2802	79323.59	4.4400225	11.425765	91.565636	0.3604591
19840000	2560.75	120	2801	79391.86	2.8811495	8.253886	132.449	0.27237937
19856000	2518.47	120	2801	79460.43	2.2449396	6.7713685	107.37648	0.18655322
19872000	2583.33	120	2801	79528.67	2.1229248	5.6562834	102.19012	0.19311817
19888000	2612.65	788	2801	79597.99	2.1707196	6.1609554	74.21624	0.22268948
19904000	2569.23	120	2801	79666.06	1.5621469	3.7552588	63.110447	0.12952831
19920000	2573.69	120	2802	79735.54	1.6637654	5.0665803	84.923546	0.15342039
19936000	2558.7	120	2805	79804.37	1.3420993	3.320606	52.122257	0.15492132
19952000	2656.24	120	2805	79874.16	1.4042886	4.8210893	86.96879	0.16159117
19968000	2555.57	120	2805	79942.56	1.6163081	4.863557	72.64368	0.15359342
19984000	2514.91	120	2802	80010.02	1.8058326	4.8872795	58.347965	0.19853705
20000000	2377.25	120	2802	80076.19	2.3479679	5.8827825	56.3501	0.17708388
