TotalEnvInteracts	AverageEpRet	MinEpRet	MaxEpRet	time	Averageloss	Stdloss	Maxloss	Minloss
16000	244.19	218	498	57.47	0.10756363	0.09434408	1.0371077	0.011474298
32000	253.43	218	713	120.69	0.26273078	0.24226898	2.7764642	0.027514443
48000	252.46	218	511	185.54	0.70569456	0.50789213	4.9690146	0.07226108
64000	262.91	218	514	251.91	1.1179414	0.7895295	6.2693934	0.17900038
80000	269.72	218	651	318.8	1.4125288	1.1046475	10.782087	0.20990849
96000	287.44	218	859	386.27	1.5869588	1.395916	11.946351	0.14391433
112000	289.79	218	654	453.11	1.8903279	1.8935239	15.513575	0.2139936
128000	331.75	218	854	521.71	2.3897543	2.4962623	27.06991	0.24432223
144000	363.92	218	698	589.13	2.7500648	2.8956397	41.45818	0.30219918
160000	338.71	223	653	657.02	3.332084	3.3772395	30.752895	0.433929
176000	413.71	224	858	724.92	4.1924577	4.155359	42.853653	0.34754092
192000	491.76	224	864	790.64	4.78415	4.5053024	24.85353	0.29754066
208000	385.56	224	909	857.7	5.424133	5.6074014	35.794724	0.43541348
224000	446.92	224	876	923.63	5.9740305	6.018419	48.77272	0.28699028
240000	510.35	224	910	990.37	6.1251097	6.3420944	50.041847	0.36070257
256000	611.4	227	918	1057.31	6.3071094	6.104044	49.308598	0.41975147
272000	656.12	223	915	1121.97	6.3770266	6.5654297	44.76279	0.44879124
288000	668.67	227	898	1187.79	6.3954487	6.825721	38.288246	0.39018995
304000	670.64	227	896	1253.35	5.5082	6.1796393	52.394363	0.36992377
320000	593.72	224	899	1317.54	5.3615236	6.497134	43.185726	0.4697415
336000	538.97	224	1380	1381.18	5.4291024	7.7052298	72.62077	0.19463165
352000	556.2	224	896	1442.58	5.828999	8.063946	51.578205	0.29935053
368000	481.76	242	1476	1505.81	5.5851436	8.005646	53.364586	0.24043584
384000	531.79	227	896	1569.25	7.9836974	9.899958	75.74777	0.25172856
400000	703.02	224	1458	1634.55	7.4551516	9.155696	53.839634	0.18329787
416000	720.94	242	1235	1698.07	7.063553	8.3363905	56.452538	0.15546736
432000	731.02	352	1018	1762.08	6.298629	6.753996	38.223625	0.2078551
448000	721.05	225	1371	1824.5	5.747626	6.05716	45.69045	0.275805
464000	662.55	224	908	1889.15	4.8499894	5.328473	31.363462	0.32853603
480000	730.81	350	1356	1953.11	3.8831031	4.817066	37.648773	0.33578926
496000	755.45	224	1352	2018.57	3.3424401	4.0948043	50.434177	0.3782981
512000	752.96	224	1348	2081.24	3.1540663	3.2462087	26.448244	0.32874233
528000	746.01	224	1356	2144.78	2.9681783	3.7718952	35.926907	0.2902675
544000	755.43	224	1458	2208.88	3.0607674	4.1870885	57.410316	0.37753385
560000	775.15	224	1458	2272.83	3.5121083	4.16451	35.427597	0.32957685
576000	781.88	293	1355	2335.59	3.8776054	4.452965	36.989326	0.24187823
592000	730.98	227	1457	2398.52	4.09663	4.602366	50.116585	0.29718792
608000	698.55	225	1585	2461.11	4.148883	4.9481287	51.253387	0.28538144
624000	775.74	238	1585	2524.36	4.2976027	5.064977	49.271656	0.31532955
640000	805.13	227	1585	2587.66	4.746578	5.264043	44.150726	0.31413436
656000	841.38	242	1585	2650.66	4.670695	5.1737733	51.081665	0.38114023
672000	1087.44	235	1825	2713.18	5.296208	5.8022046	46.43936	0.42590398
688000	1152.22	235	1613	2776.83	5.836173	6.185103	44.34647	0.5849191
704000	1242.5	293	1810	2839.46	5.6149178	5.8092875	44.99563	0.55881536
720000	1137.37	231	1826	2904.02	5.60183	5.608422	53.518658	0.7345262
736000	1041.8	224	1847	2966.12	5.629976	5.283623	53.129745	0.7702408
752000	1202.96	223	1826	3029.51	6.017306	5.6696873	59.295166	0.8357232
768000	1214.5	242	1824	3095.26	6.164708	6.2751813	76.780914	0.8537104
784000	1240.0	224	1807	3159.5	5.910836	6.5532556	83.399666	0.81734306
800000	1203.93	223	1825	3223.09	5.7252755	6.5427403	51.611885	0.99376
816000	1175.46	224	1824	3287.25	6.4236875	7.409668	75.801315	0.897043
832000	1331.59	224	1825	3352.79	6.2142005	8.947864	103.51341	0.7286161
848000	1401.32	242	1824	3417.7	5.3386526	8.56011	96.906	0.79111975
864000	1395.86	489	1824	3479.96	5.6628065	9.576834	135.81387	0.748996
880000	1451.4	227	1825	3544.98	4.8041387	8.844099	116.80458	0.37983227
896000	1371.44	293	1750	3610.87	4.9670906	9.062346	102.7116	0.5882461
912000	1345.23	225	1825	3675.5	4.3717427	8.698351	123.48684	0.483544
928000	1155.54	218	1825	3738.71	5.1240206	11.396091	100.54654	0.37198323
944000	1340.94	230	2029	3802.23	5.294384	11.897792	121.30353	0.5030448
960000	1175.94	225	1825	3865.81	7.970609	15.136019	105.91764	0.48902953
976000	1285.53	293	2029	3927.79	7.4858894	14.217952	142.72104	0.4750718
992000	1290.81	231	2032	3990.75	8.451621	14.620121	118.23165	0.46084493
1008000	918.99	235	1826	4054.11	9.240256	15.925491	134.40947	0.39375198
1024000	1134.24	245	1825	4118.31	8.741807	14.00277	126.65262	0.51279896
1040000	1074.66	497	1825	4181.82	9.36673	14.5660305	114.4784	0.43201008
1056000	1180.78	231	1825	4245.38	9.6234455	13.797541	102.632706	0.6293548
1072000	1333.73	293	1826	4307.59	8.665243	12.842426	113.58034	0.38729522
1088000	1560.32	231	1826	4369.52	6.578534	10.489754	100.54327	0.58525956
1104000	1604.49	227	1825	4432.99	5.6290207	8.907942	71.22703	0.5412636
1120000	1684.44	647	1848	4497.8	4.628215	7.5131335	76.735916	0.5382766
1136000	1582.08	225	2064	4561.0	4.006226	5.902636	55.740623	0.4130258
1152000	1613.44	245	2028	4623.96	3.08168	5.118762	54.430588	0.382616
1168000	1520.24	227	2057	4688.33	2.5831432	4.3942695	45.460045	0.33472592
1184000	1476.35	293	2029	4750.81	2.8491802	4.8631535	50.711292	0.2907772
1200000	1527.88	231	2079	4813.38	3.439383	6.49329	94.678604	0.26991197
1216000	1498.55	231	2026	4876.5	3.4629009	5.3655586	58.31043	0.4505006
1232000	1405.85	227	2026	4941.2	3.5901034	6.890523	88.405014	0.34011495
1248000	1415.27	227	2027	5005.89	3.663183	7.3302283	78.92125	0.35392693
1264000	1576.38	245	2029	5068.22	4.4303865	8.088189	74.64557	0.43892795
1280000	1514.28	293	2029	5131.53	4.1741443	10.161135	164.3029	0.28725278
1296000	1392.91	498	2029	5194.15	4.5437427	9.051696	137.2023	0.33651286
1312000	992.92	224	2074	5258.58	6.1729846	12.109819	130.88844	0.3644277
1328000	1155.32	352	2028	5322.46	7.3909445	12.1086445	107.15307	0.35897022
1344000	1069.64	224	2029	5384.54	8.42166	16.195835	220.36115	0.32367182
1360000	1335.89	224	2299	5448.08	8.952939	13.719283	104.98628	0.32377115
1376000	1174.03	235	2299	5510.6	8.409907	15.757165	153.67285	0.3288781
1392000	1321.76	230	2063	5574.54	7.8998976	13.499668	149.9791	0.29523236
1408000	1592.31	235	2062	5638.23	6.354193	10.739761	131.87198	0.31395692
1424000	824.74	224	2237	5700.4	10.126942	18.966303	138.9933	0.42592898
1440000	1094.07	224	2162	5763.66	9.838647	15.659466	113.68356	0.45691657
1456000	1375.21	224	2072	5827.71	8.409433	15.111238	133.86505	0.3982132
1472000	1329.81	227	2064	5890.77	8.031286	12.907463	85.50076	0.3896948
1488000	1532.7	227	2084	5955.16	7.4900637	13.089405	105.67614	0.4244119
1504000	1590.89	230	2096	6017.16	8.565469	13.725348	115.218475	0.35805908
1520000	1287.48	242	2096	6081.48	6.7943153	10.608597	104.36453	0.30220315
1536000	1426.26	224	2091	6144.67	7.386277	11.389908	69.97244	0.28389972
1552000	1451.14	224	2091	6207.8	6.2341347	11.531568	127.319855	0.2650689
1568000	1130.5	230	2074	6270.73	7.216586	11.682983	103.17843	0.3327211
1584000	1362.46	230	2063	6335.93	7.5958996	11.642654	80.2909	0.3400295
1600000	1168.95	225	2061	6398.06	9.144969	13.525805	88.12373	0.3519984
1616000	1033.98	230	2088	6462.23	8.357016	13.1573925	85.660034	0.33456862
1632000	1233.18	230	2064	6526.58	8.895631	13.485661	116.85214	0.36181873
1648000	1276.64	293	2108	6589.75	10.147365	14.920231	115.973526	0.5027009
1664000	1251.97	497	2095	6654.93	10.579641	16.89445	177.19458	0.38880116
1680000	1294.34	293	2104	6717.56	9.373364	16.494637	110.14013	0.42076933
1696000	1253.6	293	2104	6779.75	10.882056	17.132826	118.25398	0.603525
1712000	1439.02	350	2091	6841.88	11.379099	18.011646	126.797	0.5256587
1728000	1385.6	350	2105	6905.77	9.708996	16.238764	165.17554	0.6010987
1744000	1464.44	242	2097	6969.46	9.694549	15.307205	127.93576	0.6715351
1760000	1511.67	293	2102	7031.17	7.9226832	13.870941	132.23941	0.5016827
1776000	1590.93	231	2104	7093.79	6.7623777	12.068549	110.1728	0.5185138
1792000	1254.31	224	2085	7157.46	6.1085606	13.135152	139.06767	0.42938578
1808000	1037.9	242	2065	7220.92	7.3779855	15.668943	107.90999	0.36499363
1824000	1164.08	698	2098	7283.73	8.873883	16.386421	117.732765	0.38269717
1840000	1155.61	224	2090	7348.37	8.749418	16.052847	125.11975	0.28672117
1856000	1276.86	293	2093	7410.63	10.148224	18.27327	157.69485	0.33772635
1872000	1319.45	224	2064	7475.15	9.388745	15.079102	88.91476	0.244961
1888000	1339.58	230	2063	7539.85	8.577883	13.796883	112.46612	0.3431025
1904000	1480.66	497	2063	7604.66	8.861159	13.454318	89.92152	0.29876038
1920000	1334.52	224	2023	7669.1	6.631549	12.051126	117.83837	0.33903638
1936000	1068.7	245	2105	7733.18	5.1989517	8.862025	79.57257	0.4319932
1952000	1189.84	293	2039	7797.43	4.869082	7.852758	63.292046	0.39133897
1968000	1214.06	227	2029	7860.93	6.805475	11.251558	110.84879	0.39673913
1984000	1343.99	242	2072	7923.72	6.5720525	11.2478	81.695465	0.36591384
2000000	1479.24	242	2080	7987.51	6.1537123	9.940978	83.256836	0.40433282
2016000	1484.91	227	2105	8052.61	5.636072	9.188375	83.11629	0.36543483
2032000	1257.0	227	2103	8118.13	5.4021883	9.446571	113.33872	0.26856965
2048000	1346.4	227	2103	8184.39	5.148798	9.487348	100.67239	0.36151427
2064000	1522.62	293	2081	8250.76	4.860163	8.932262	88.57902	0.43465257
2080000	1477.91	245	2081	8316.8	4.359112	7.8163743	62.510456	0.37656045
2096000	1432.28	245	2081	8381.07	4.80346	8.983338	84.09498	0.32908502
2112000	1434.08	497	1612	8447.98	4.2868977	6.5230265	43.916016	0.21856102
2128000	1473.08	497	2046	8515.24	3.9662216	6.13384	52.741028	0.29891208
2144000	1552.32	293	2046	8581.81	3.7534578	6.002304	83.38052	0.29184616
2160000	1610.67	293	2088	8647.21	3.2075932	5.4894447	71.897064	0.3234125
2176000	1636.38	235	2088	8711.81	2.957587	5.0668683	54.007267	0.19417906
2192000	1533.85	224	2087	8778.01	3.4841459	6.219104	52.103653	0.3137879
2208000	1389.69	224	2084	8844.36	3.6118188	6.986977	125.19372	0.31466988
2224000	1547.06	293	2105	8910.29	3.6520023	6.1187034	64.144424	0.24064022
2240000	1437.56	224	2105	8974.98	3.573655	6.383651	91.37551	0.35227257
2256000	1530.94	224	2080	9040.0	3.1902273	6.186077	76.50882	0.33856922
2272000	1675.96	224	2080	9105.14	4.0459185	8.213008	104.986534	0.3858408
2288000	1610.0	224	2063	9168.82	4.5081525	10.663298	130.80757	0.30683443
2304000	1648.81	224	2063	9231.17	3.9076822	9.6636505	125.6336	0.29959357
2320000	1459.49	224	2089	9293.67	4.444799	9.505396	144.6048	0.35011208
2336000	1607.33	224	2102	9357.75	6.1465607	11.155027	127.40853	0.5189871
2352000	1742.29	230	2104	9421.23	5.238511	12.03918	130.09308	0.37384757
2368000	1833.15	293	2107	9483.89	5.164374	11.168979	142.24571	0.3105683
2384000	1791.53	224	2107	9545.87	4.2624626	9.205555	135.27168	0.23820141
2400000	1586.79	224	2299	9608.29	4.297374	9.044913	138.8249	0.39177322
2416000	1539.32	224	2299	9669.87	5.0086427	11.618032	151.51923	0.36241764
2432000	1257.7	224	2299	9732.94	4.8514276	12.836872	145.15208	0.36407548
2448000	1568.08	293	2299	9796.03	4.83621	11.272645	138.60622	0.43542957
2464000	1741.94	225	2108	9860.48	4.934886	11.594351	104.33362	0.36205107
2480000	1517.4	225	2095	9923.45	5.3616667	10.744282	99.74936	0.4163868
2496000	1538.95	227	2299	9985.78	5.2822356	10.735428	103.31874	0.30249026
2512000	1468.62	227	2106	10049.79	4.954026	8.745859	87.730484	0.30209893
2528000	1562.92	224	2105	10114.2	6.394836	10.147538	73.35286	0.3670342
2544000	1586.37	224	2107	10176.95	5.312915	9.907675	161.40486	0.30761907
2560000	1636.23	238	2105	10239.9	5.8883305	8.950534	103.004776	0.29766995
2576000	1666.08	293	2103	10306.56	4.936158	7.343455	85.19397	0.2544747
2592000	1502.62	225	2106	10369.33	5.4584613	8.409815	69.130714	0.3117991
2608000	1555.11	238	2108	10432.65	5.8664217	9.060315	105.19385	0.38613337
2624000	1483.36	242	2109	10495.68	5.730451	8.826428	96.00282	0.4232077
2640000	1679.56	242	2109	10558.98	5.9072785	9.928875	78.88704	0.2783637
2656000	1764.68	490	2108	10621.54	4.482152	7.5070596	76.51942	0.24654835
2672000	1560.62	293	2300	10684.09	4.4983478	8.982895	83.0024	0.3687743
2688000	1524.11	293	2300	10747.56	5.6839194	9.988264	99.843506	0.30366635
2704000	1519.76	293	2107	10809.82	4.9880843	9.150913	80.21831	0.22444162
2720000	1487.16	293	2107	10872.61	4.7220592	9.179546	101.71827	0.2277244
2736000	1360.3	225	2299	10936.12	5.002051	9.425151	83.48668	0.2129788
2752000	1423.51	227	2107	10999.31	5.132069	9.3411455	104.98979	0.23317663
2768000	1381.02	224	2107	11063.63	5.828921	11.104989	194.61095	0.3274994
2784000	1561.96	224	2108	11125.5	5.2164392	9.435643	86.10757	0.22520298
2800000	1630.8	224	2110	11188.72	5.7312117	10.658942	167.99083	0.29583785
2816000	1679.02	224	2299	11251.91	5.6815877	10.551647	194.79253	0.30821866
2832000	1777.29	227	2108	11314.28	4.203535	8.069671	143.43883	0.27361286
2848000	1822.94	238	2109	11378.11	3.7377086	6.792227	74.480095	0.26353827
2864000	1650.36	227	2108	11443.15	4.0458765	7.969872	71.0857	0.28154337
2880000	1472.41	227	2109	11514.72	4.067358	9.512054	138.29317	0.29193616
2896000	1724.57	293	2109	11586.75	4.0524116	9.913179	85.513336	0.23525214
2912000	1465.48	224	2109	11658.61	5.121638	15.108899	176.82056	0.21592695
2928000	1344.35	224	2299	11725.86	5.6585917	13.04501	176.54822	0.20609415
2944000	1351.25	225	2300	11788.53	6.942121	14.443054	156.53767	0.29398426
2960000	1218.62	224	2108	11852.56	7.6645226	15.665327	160.74438	0.34193653
2976000	1415.36	224	2108	11918.21	7.0030694	14.149857	164.73859	0.3327706
2992000	1666.56	293	2107	11981.43	7.189129	13.547541	136.84583	0.23476121
3008000	1692.63	225	2107	12045.42	8.13235	15.306177	175.30081	0.3601415
3024000	1531.5	225	2107	12109.1	7.3616343	13.072526	106.12374	0.35412252
3040000	1338.28	230	2108	12172.32	7.2257013	12.178436	81.95128	0.319938
3056000	1529.07	497	2108	12235.98	7.0088396	12.252627	82.87625	0.3569538
3072000	1410.2	242	2299	12298.47	6.8402123	13.439051	131.8451	0.35621214
3088000	1367.11	285	2299	12360.39	7.6971173	13.033762	98.64141	0.29537445
3104000	1357.89	231	2299	12423.82	7.8979435	13.2280655	160.90977	0.25357497
3120000	1291.65	224	2107	12486.81	8.135713	13.022195	119.0616	0.359394
3136000	1377.38	224	2107	12550.24	7.8666544	12.202796	85.66933	0.38666135
3152000	1320.8	225	2249	12613.97	8.438273	14.042196	131.4644	0.44028568
3168000	1403.17	224	2106	12678.61	7.8495646	12.136266	144.83662	0.3228148
3184000	1320.47	227	2299	12742.34	8.102177	13.836815	122.50806	0.55933
3200000	1359.39	227	2299	12806.6	8.133029	12.22712	110.75481	0.32439375
3216000	1517.9	227	2107	12870.29	8.603471	14.402881	152.37944	0.34327328
3232000	1577.36	224	2297	12937.73	8.347198	14.839878	137.15881	0.4537665
3248000	1732.14	224	2107	13002.6	6.979263	12.76014	96.01827	0.3180713
3264000	1693.68	224	2238	13068.41	6.5644374	13.252645	129.82446	0.34965068
3280000	1694.23	224	2291	13134.11	6.3559284	11.5448675	102.73766	0.35724312
3296000	1736.82	227	2291	13199.47	5.129555	9.964954	132.1142	0.3615532
3312000	1757.7	227	2105	13264.16	4.265055	9.177807	103.61719	0.32428652
3328000	1805.59	225	2104	13330.38	2.967944	6.7381535	103.40988	0.3177039
3344000	1619.56	225	2101	13393.8	2.9368243	6.6948304	75.67543	0.223115
3360000	1639.25	224	2104	13460.38	3.8276086	9.649335	108.2172	0.22884327
3376000	1686.8	224	2104	13524.01	3.1229765	7.4602013	70.80408	0.20783344
3392000	1565.91	230	2104	13586.86	3.7867577	9.664353	129.65237	0.20809409
3408000	1547.18	230	2104	13650.87	3.9918103	10.730897	127.06335	0.3112843
3424000	1631.43	293	2104	13715.01	3.5980392	7.782526	85.791405	0.20600243
3440000	1769.94	483	2103	13777.6	4.1635838	9.990741	116.97738	0.30574343
3456000	1775.52	497	2107	13840.55	3.5293334	8.644156	120.5774	0.21300301
3472000	1521.38	490	2107	13904.71	5.174114	12.354338	152.4241	0.29804635
3488000	1483.01	230	2105	13968.43	5.889238	12.182544	92.315674	0.28885964
3504000	1425.81	293	2105	14031.84	6.16601	13.417176	111.614685	0.1868645
3520000	1379.63	293	2102	14095.61	6.2994504	11.626535	110.20048	0.2647552
3536000	1457.99	293	2102	14159.15	6.3796024	11.570053	73.30493	0.24777639
3552000	1505.55	224	2104	14222.96	6.4586926	12.80953	177.00195	0.2823415
3568000	1658.56	224	2299	14286.01	6.9277577	13.17059	167.21222	0.3316709
3584000	1672.7	245	2299	14349.43	5.3191533	11.952341	167.17259	0.31942564
3600000	1666.27	293	2257	14411.89	4.8610077	10.889181	199.83104	0.25827512
3616000	1581.83	231	2299	14476.44	4.5868874	11.522042	182.59738	0.20180592
3632000	1674.26	231	2104	14539.65	3.4301288	7.7152367	103.21439	0.19982775
3648000	1768.78	245	2104	14602.4	2.9219074	5.5566325	62.056637	0.2699603
3664000	1785.12	227	2107	14666.08	2.7798834	5.453784	68.301735	0.23973686
3680000	1553.01	227	2299	14729.45	2.827371	5.767268	75.23674	0.32208836
3696000	1642.0	245	2299	14793.06	2.5397823	5.026209	85.317924	0.2713157
3712000	1821.25	245	2107	14855.39	3.0140197	7.851552	131.95987	0.29380262
3728000	1828.95	227	2107	14918.19	2.278168	6.5008883	153.45992	0.1443165
3744000	1827.33	227	2298	14981.7	2.251087	7.777139	138.22302	0.19990805
3760000	1800.73	231	2299	15044.42	2.3120837	8.196804	147.54802	0.22568291
3776000	1701.63	224	2299	15108.6	1.7678344	5.7529864	118.39781	0.14177221
3792000	1738.64	224	2299	15171.75	2.0721402	4.6222167	54.395004	0.18121448
3808000	1770.92	293	2299	15234.47	2.765135	8.227599	124.803566	0.23320916
3824000	1758.45	293	2106	15297.72	2.7241883	6.3608346	101.44882	0.20746967
3840000	1789.39	225	2299	15361.37	2.3528116	5.147332	83.05015	0.14738333
3856000	1720.95	225	2299	15424.17	2.9901893	9.234632	141.80719	0.20335785
3872000	1684.68	224	2299	15487.18	2.8422282	8.528169	154.4022	0.2020774
3888000	1762.66	224	2299	15550.43	3.1247222	9.867649	151.66391	0.16369143
3904000	1432.9	285	2299	15614.86	3.056175	8.543712	137.96954	0.18143018
3920000	1055.98	224	2298	15678.58	5.538022	15.705059	184.42737	0.30336806
3936000	1556.97	224	2299	15741.6	4.5449686	15.601635	316.7828	0.29065925
3952000	1740.27	293	2299	15805.06	4.857046	15.699619	173.10149	0.20532659
3968000	1885.82	285	2299	15868.42	5.3929963	14.563945	135.72038	0.2079503
3984000	1765.04	285	2298	15931.5	3.9606626	12.172394	118.13011	0.17990053
4000000	1590.41	238	2298	15994.69	3.8529968	11.87499	136.81871	0.2222999
4016000	1644.2	238	2107	16058.25	3.311687	10.621349	153.54086	0.18873692
4032000	1748.6	238	2299	16121.27	2.570021	5.490261	52.695744	0.19484518
4048000	1859.67	238	2299	16184.52	1.9146875	4.283903	52.179283	0.17753749
4064000	1939.12	224	2299	16247.33	2.9691217	9.023553	123.79053	0.17329474
4080000	1881.61	293	2299	16310.15	2.938158	6.68908	89.088326	0.16697034
4096000	1785.48	293	2299	16375.07	3.0481966	6.780334	103.54883	0.25004953
4112000	1631.17	224	2299	16438.99	3.8744462	9.008613	132.5148	0.26667967
4128000	1696.05	224	2299	16503.09	3.2726595	7.1938686	111.67402	0.19441584
4144000	1810.21	224	2299	16567.01	3.4504733	6.4742765	89.40754	0.19429882
4160000	1651.42	224	2299	16631.72	4.088718	9.246114	116.79237	0.22630957
4176000	1583.5	230	2299	16694.72	3.20063	6.133466	110.00073	0.2237708
4192000	1544.71	230	2299	16757.62	3.5092328	7.0880065	132.37238	0.22184868
4208000	1691.86	245	2299	16821.35	3.6994233	6.985369	84.29623	0.22401367
4224000	1497.8	285	2107	16883.94	3.820269	5.968038	52.40231	0.21170932
4240000	1462.51	285	2299	16946.56	3.4405327	5.8029795	84.27942	0.16030961
4256000	1537.15	224	2298	17009.45	4.4854503	8.173985	117.027664	0.17758429
4272000	1565.84	224	2298	17073.47	4.0456476	7.226889	100.14646	0.13324042
4288000	1646.92	653	2298	17136.28	3.5789146	6.351171	103.61484	0.1518818
4304000	1642.96	348	2298	17198.93	4.156635	10.939959	226.64713	0.13467374
4320000	1587.32	225	2103	17261.03	4.0137186	9.291656	122.40409	0.1750484
4336000	1412.66	225	2299	17325.68	5.5515704	10.879792	107.47931	0.135057
4352000	1426.8	352	2299	17388.66	6.0812845	12.409885	152.89313	0.2177272
4368000	1444.37	224	2299	17451.05	6.016216	11.640156	101.99767	0.25086018
4384000	1285.36	238	2299	17514.34	7.326255	13.677859	146.09244	0.32841477
4400000	1276.05	227	2299	17579.62	7.965061	15.702239	196.54906	0.40435922
4416000	1396.3	224	2299	17642.31	8.233911	15.81853	185.99289	0.34681994
4432000	1442.73	224	2299	17706.1	8.16951	14.859162	113.33949	0.28128552
4448000	1423.83	224	2299	17768.9	8.168753	14.223973	146.75082	0.38357174
4464000	1594.88	238	2299	17831.52	6.8581495	11.885136	97.83822	0.37958688
4480000	1456.22	224	2299	17894.51	6.992001	11.763753	119.18472	0.20264256
4496000	817.46	224	1605	17958.43	7.893768	14.692973	108.84845	0.34376472
4512000	849.2	224	1827	18022.03	10.846582	17.296446	142.93748	0.31286788
4528000	1120.32	230	2299	18085.51	11.01783	17.02721	131.41612	0.24798608
4544000	1414.85	218	2300	18148.69	10.941061	16.208162	109.78455	0.17156515
4560000	1533.44	224	2300	18211.22	9.310972	15.126923	117.92742	0.22448355
4576000	1264.75	230	2299	18273.93	8.22991	15.319642	137.92836	0.31533444
4592000	1203.37	225	2300	18337.42	7.396613	14.485904	131.91042	0.39078236
4608000	1303.85	225	2299	18400.17	8.235348	16.830692	164.24149	0.46948355
4624000	1608.28	231	2300	18463.45	6.862708	12.378057	105.27103	0.37601352
4640000	1494.55	242	2300	18526.07	5.7014866	10.599735	85.30394	0.25103325
4656000	1630.62	224	2299	18589.17	5.406725	10.281506	95.35048	0.25009134
4672000	1613.15	225	2300	18651.93	6.2226696	12.125348	110.5733	0.37955576
4688000	1511.62	225	2300	18715.68	5.972579	10.667859	84.906555	0.28603077
4704000	1538.01	225	2300	18778.87	4.5292587	9.193355	130.66843	0.25496534
4720000	1488.81	224	2300	18842.36	4.6784067	9.746177	111.57958	0.23025659
4736000	1442.19	238	2300	18906.35	6.202773	11.398066	110.66622	0.28092736
4752000	1467.1	225	2300	18969.16	7.079751	13.258534	116.54097	0.24523947
4768000	1306.56	224	2300	19033.87	7.9206977	14.894404	104.17201	0.29331586
4784000	1189.1	225	2299	19096.62	8.188472	14.064792	145.71979	0.35379663
4800000	1296.97	224	2299	19159.84	9.430416	15.481477	113.41527	0.32633567
4816000	1321.63	224	2299	19222.18	9.695215	14.17843	111.52421	0.41706836
4832000	1293.99	231	2300	19286.2	9.774228	15.026386	144.89125	0.23971748
4848000	1489.42	227	2300	19349.02	9.256301	14.030013	108.85733	0.29391885
4864000	1602.59	514	2297	19413.51	7.922159	11.705333	109.41281	0.4882304
4880000	1599.79	497	2299	19476.22	6.8972816	10.754463	96.87067	0.5362451
4896000	1517.79	227	2299	19538.96	6.809233	11.874339	115.585945	0.5844796
4912000	1636.87	227	2298	19601.78	5.2795224	9.214398	102.70437	0.38069722
4928000	1704.99	238	2299	19665.34	3.8803067	6.2142105	85.67435	0.2883988
4944000	1734.84	224	2299	19727.93	3.7872462	6.760122	80.79361	0.43746045
4960000	1375.45	224	2299	19791.98	4.252547	9.548661	112.92575	0.32569975
4976000	1573.69	227	2299	19854.92	5.4581504	12.5178175	114.33562	0.34548146
4992000	1610.47	242	2299	19918.57	5.7489247	12.357992	110.50472	0.50270975
5008000	1753.51	293	2299	19982.87	5.763958	11.557405	107.05746	0.3994313
5024000	1519.64	224	2299	20047.16	5.7632265	10.882356	105.762596	0.39254707
5040000	1522.43	224	2299	20110.6	6.081722	10.963642	107.83013	0.50517243
5056000	1749.41	285	2300	20174.62	5.682526	10.957473	107.75949	0.40726593
5072000	1706.88	225	2300	20237.83	5.586535	10.468916	130.6947	0.36637306
5088000	1883.51	225	2300	20300.14	5.086441	9.7541485	130.68333	0.34193212
5104000	1868.18	285	2300	20363.33	5.574598	12.383807	134.1639	0.3793743
5120000	1706.26	285	2300	20427.49	4.7547603	8.61766	89.985596	0.44956386
5136000	1626.81	224	2300	20490.57	4.682264	10.129922	143.41553	0.4634629
5152000	1711.94	224	2300	20553.91	5.081825	11.789035	124.296364	0.3027917
5168000	1650.01	231	2300	20617.67	4.914003	10.426566	105.52201	0.4267514
5184000	1455.66	231	2300	20681.69	5.7055206	11.703002	116.09287	0.47250605
5200000	1598.05	242	2299	20745.39	6.260383	14.8436985	173.95026	0.36421776
5216000	1901.28	225	2300	20808.75	5.465003	13.271699	151.0994	0.40369323
5232000	1841.78	225	2300	20871.12	5.2161922	12.402601	118.446205	0.3509108
5248000	1839.05	231	2300	20934.98	6.4124217	13.969097	141.5772	0.35685745
5264000	1826.2	231	2299	20997.98	5.180461	10.550225	97.56787	0.25641525
5280000	1935.1	483	2299	21061.31	4.2747307	8.616078	78.24457	0.29047853
5296000	1877.86	293	2299	21125.29	4.361432	9.747722	118.680626	0.26374784
5312000	1693.79	482	2299	21188.39	4.48097	8.871655	101.12786	0.31549495
5328000	1596.54	238	2299	21250.82	4.1886396	7.33398	75.63199	0.24951954
5344000	1603.91	224	2299	21314.2	3.8159258	6.70353	75.88203	0.28773916
5360000	1289.47	224	2300	21376.72	6.339045	15.676298	222.39677	0.4295246
5376000	1587.05	293	2300	21439.57	7.1213164	14.690113	121.734085	0.36800486
5392000	1691.88	293	2300	21503.74	6.3975377	14.630216	133.70804	0.32946452
5408000	1754.76	231	2299	21567.78	6.6192384	13.898015	100.47373	0.37364006
5424000	1784.48	224	2299	21630.42	5.488423	12.092386	111.93543	0.3852602
5440000	1887.32	224	2299	21693.99	6.5150332	14.183505	126.60905	0.37585747
5456000	1845.51	293	2299	21757.22	3.8982198	9.148363	113.21002	0.27359718
5472000	1886.64	293	2300	21820.43	3.685197	9.6758175	135.32265	0.34901336
5488000	1793.31	293	2300	21883.76	3.4817634	8.608795	132.74234	0.22621647
5504000	1776.47	224	2299	21946.48	3.7500749	9.1442995	129.4708	0.32284772
5520000	1876.9	224	2300	22008.66	4.3104825	11.419609	124.225464	0.27670002
5536000	1796.51	224	2300	22071.22	3.571482	9.413578	109.76346	0.32200232
5552000	1573.87	285	2300	22134.72	4.097339	9.136226	87.4914	0.35323274
5568000	1434.95	285	2299	22198.67	5.8055596	12.913935	151.41713	0.4226071
5584000	1559.35	238	2299	22261.32	6.048341	11.087299	98.4368	0.40520912
5600000	1736.58	238	2299	22325.88	5.205432	11.431355	114.4699	0.3246521
5616000	1703.88	231	2299	22388.76	5.2997217	11.769386	126.85242	0.36183205
5632000	1709.86	242	2299	22452.05	5.063274	11.399415	192.24602	0.30511716
5648000	1701.62	293	2299	22515.57	4.6778584	10.01541	103.50281	0.31525412
5664000	1791.32	293	2299	22579.0	4.9906836	12.296309	139.40297	0.32581553
5680000	1630.32	293	2298	22642.01	4.799154	12.402796	223.57204	0.4191215
5696000	1618.22	231	2300	22705.65	4.298284	8.282524	97.51296	0.40003818
5712000	1601.72	225	2300	22771.2	4.6413045	8.850679	75.34953	0.34101433
5728000	1519.58	225	2300	22833.18	4.638176	9.141374	101.99238	0.34608874
5744000	1587.12	242	2299	22895.82	5.129951	11.052438	163.01776	0.3670596
5760000	1763.75	651	2299	22958.84	6.4869933	12.647856	154.27417	0.29705757
5776000	1886.1	224	2299	23022.78	4.3639874	10.4766245	116.4215	0.28498977
5792000	1568.13	238	2299	23085.88	5.03638	10.133937	123.268875	0.26299042
5808000	1575.15	242	2299	23148.98	4.967546	10.555672	118.2407	0.3791445
5824000	1319.57	227	2299	23210.93	5.4067335	11.856407	120.10612	0.3288055
5840000	1313.38	503	2299	23274.71	6.2087703	12.218518	97.28267	0.3179861
5856000	1480.48	224	2300	23337.9	7.482139	13.520516	123.106155	0.3828807
5872000	1442.4	225	2299	23400.9	7.849149	13.901388	139.17216	0.49973315
5888000	1532.58	224	2299	23464.84	7.2144527	12.93693	151.7328	0.28493774
5904000	1640.45	293	2300	23527.37	6.8421183	12.452224	147.30888	0.37464058
5920000	1694.27	293	2300	23590.53	5.6724176	9.915071	98.44652	0.3597863
5936000	1707.86	490	2299	23654.82	4.4439306	7.68292	90.063835	0.33749378
5952000	1570.4	293	2299	23719.27	3.7066853	6.829526	66.94487	0.22275707
5968000	1527.45	293	2299	23781.75	3.6665437	7.2272377	115.00385	0.23655957
5984000	1549.14	231	2299	23844.91	4.126895	7.243347	65.71119	0.26893273
6000000	1554.93	224	2299	23910.49	4.0285077	6.7181826	79.46986	0.20985642
6016000	1652.81	227	2299	23975.43	3.7177713	5.912204	48.050076	0.25459903
6032000	1671.54	224	2299	24041.21	4.3043528	6.975153	82.27196	0.16226304
6048000	1583.81	231	2299	24106.22	4.711424	8.622197	125.5646	0.21649724
6064000	1610.8	285	2300	24169.55	4.361083	7.792881	79.10289	0.18626158
6080000	1627.09	285	2299	24231.15	3.9843147	6.9143777	81.542015	0.16522148
6096000	1695.2	227	2299	24295.59	4.127522	8.546342	106.031525	0.22996189
6112000	1608.51	224	2299	24360.2	3.938589	7.428647	136.79567	0.20835921
6128000	1799.58	224	2299	24425.7	3.8861256	7.645465	118.14704	0.21174216
6144000	1739.21	224	2299	24491.62	3.7940528	6.83125	71.37969	0.15804201
6160000	1634.85	224	2299	24556.95	3.7863488	7.395666	74.92194	0.25132
6176000	1716.72	224	2300	24621.32	4.273127	8.525371	134.40057	0.28555998
6192000	1869.45	224	2300	24685.45	3.78613	7.9056516	81.92668	0.27722913
6208000	1974.36	224	2300	24751.21	3.4332116	6.61434	51.51553	0.31021488
6224000	1968.41	224	2299	24814.65	3.987687	9.245543	125.12602	0.3088355
6240000	1690.44	231	2300	24878.96	3.783625	7.670859	77.79814	0.24953768
6256000	1701.44	348	2300	24942.0	5.4906173	13.488121	137.29213	0.29369187
6272000	1859.86	399	2300	25006.32	4.737098	10.261056	104.53468	0.37765485
6288000	1730.44	230	2300	25070.96	4.072945	8.474986	83.75161	0.30442494
6304000	1740.43	242	2299	25135.09	4.232123	7.70602	78.158615	0.29729474
6320000	1635.77	242	2299	25199.41	5.478973	9.48764	79.328186	0.41622353
6336000	1798.5	293	2299	25263.11	5.4638133	10.818565	143.53795	0.3875857
6352000	1795.59	231	2299	25325.96	4.1911187	7.3153777	72.045494	0.46882084
6368000	1827.21	231	2300	25388.5	4.5681767	9.268912	86.28293	0.41787148
6384000	1294.17	293	2300	25452.14	5.9893904	12.496574	141.67079	0.4995108
6400000	1371.34	285	2300	25514.42	6.113628	11.012451	97.08113	0.45457214
6416000	1532.11	293	2300	25577.39	7.0149126	14.265689	154.17216	0.48490041
6432000	1812.37	245	2300	25640.8	8.232153	15.422231	163.86557	0.5027715
6448000	1950.36	227	2300	25704.36	6.41989	12.238201	124.192474	0.45172143
6464000	1803.48	227	2299	25768.63	7.218416	13.774797	164.32225	0.57268894
6480000	1751.81	293	2300	25832.01	6.654299	13.724297	147.42674	0.5549437
6496000	1576.01	293	2300	25895.73	5.2971125	10.647306	139.01613	0.5348268
6512000	1597.11	293	2300	25961.75	5.057534	11.68562	132.10754	0.47105575
6528000	1663.17	242	2300	26024.22	5.0903635	11.05195	134.84004	0.4817084
6544000	1753.24	242	2300	26087.52	5.289806	12.8340225	190.556	0.49886423
6560000	1837.9	350	2300	26150.74	4.5004063	8.571025	171.38159	0.56513304
6576000	1890.36	350	2300	26214.89	4.4406705	9.11121	134.96262	0.4264113
6592000	1722.15	227	2300	26277.06	5.3154335	11.24725	154.08972	0.50091565
6608000	1592.73	224	2300	26340.89	5.7180443	12.66252	151.02391	0.49518266
6624000	1693.82	224	2300	26403.42	4.9548845	9.918998	109.60015	0.4498478
6640000	1818.14	293	2300	26467.0	5.7105947	13.489875	238.83237	0.44821525
6656000	1779.75	293	2300	26529.58	5.689292	12.952694	145.60495	0.52253556
6672000	1721.39	227	2299	26591.84	4.791473	10.590749	140.88065	0.3893964
6688000	1784.42	230	2299	26654.84	4.5822015	12.000086	223.81754	0.44883707
6704000	1942.85	231	2299	26717.31	4.3545203	10.521621	130.11952	0.35934836
6720000	1903.56	231	2299	26780.19	3.9178984	7.8370943	76.20535	0.4309162
6736000	1467.82	293	2299	26843.88	3.5121508	9.132666	134.45348	0.37506518
6752000	825.06	293	2299	26907.2	10.1339655	23.489218	168.59195	0.45533562
6768000	1601.48	227	2299	26968.87	10.204341	20.457146	181.8027	0.37341553
6784000	1821.64	227	2299	27032.21	10.250485	20.027246	164.07495	0.32569927
6800000	1964.61	227	2299	27094.3	8.897699	16.825329	117.61926	0.35393023
6816000	1976.84	503	2299	27157.07	7.941492	15.981796	149.45045	0.42779952
6832000	1873.77	227	2299	27220.32	6.2284055	14.27565	143.91524	0.4590033
6848000	1771.08	227	2299	27283.2	4.2596564	9.01488	131.20348	0.4301632
6864000	1733.43	227	2299	27348.53	4.4768333	10.17679	148.65742	0.5033808
6880000	1876.88	227	2299	27412.05	4.6546307	10.842804	171.03899	0.51538426
6896000	1650.07	224	2299	27474.7	4.598881	10.612414	153.55003	0.35277563
6912000	1584.51	227	2299	27537.05	5.1134853	10.396193	147.82407	0.4418579
6928000	1795.54	242	2299	27601.96	5.4986777	12.374324	167.35982	0.49697345
6944000	1850.62	227	2299	27664.59	4.593043	12.081078	188.55583	0.34574914
6960000	1769.31	227	2299	27726.4	4.169135	8.12612	97.23879	0.3030905
6976000	1608.78	227	2299	27791.64	3.9505308	7.3962965	71.882355	0.22414751
6992000	1674.72	227	2299	27854.79	3.7876387	7.3815193	101.30145	0.22520255
7008000	1743.2	227	2299	27916.52	3.926823	8.405842	145.24162	0.22616959
7024000	1694.7	352	2299	27980.55	4.6937284	11.512087	146.78839	0.18680191
7040000	1763.28	227	2299	28042.49	4.297012	7.280011	52.900974	0.21058077
7056000	1795.1	224	2299	28105.4	4.2142544	8.402339	155.6785	0.1898021
7072000	1816.32	224	2299	28168.43	4.1457343	8.468481	122.722244	0.24269804
7088000	1906.75	231	2299	28233.11	3.9757466	9.520927	178.20834	0.16827333
7104000	1724.22	293	2299	28295.31	3.951941	8.367333	88.07562	0.20748922
7120000	1735.12	497	2299	28356.83	4.338219	7.767541	77.702385	0.17724547
7136000	1846.95	497	2299	28421.5	4.384368	8.719063	84.19244	0.18722355
7152000	1888.96	497	2299	28483.96	3.846389	7.771564	88.19699	0.22027418
7168000	1849.51	350	2299	28548.08	3.797258	7.490295	69.737465	0.22115086
7184000	1871.88	350	2299	28612.82	4.134919	9.003068	113.640785	0.24013737
7200000	1900.4	651	2299	28678.2	3.8828716	8.492642	71.22871	0.19553882
7216000	1803.4	230	2299	28740.45	3.3256416	7.225233	65.79498	0.29027486
7232000	1851.21	230	2299	28804.14	3.618981	8.595997	125.44969	0.1975125
7248000	2002.87	224	2299	28867.37	2.778263	6.5010567	73.573616	0.302135
7264000	1880.72	224	2299	28929.76	3.294977	9.125827	141.7491	0.2691343
7280000	1838.97	224	2299	28993.91	3.8286643	11.342063	162.58797	0.31287348
7296000	1890.38	224	2299	29055.38	4.198579	10.475168	119.68655	0.26055714
7312000	1899.38	293	2299	29120.18	4.053125	11.397873	141.68355	0.2782709
7328000	1907.18	293	2299	29183.54	3.4854097	9.468438	126.86404	0.27209863
7344000	1809.17	293	2299	29245.54	4.278071	9.600474	112.79859	0.19213116
7360000	1850.43	231	2300	29308.04	5.1938887	13.761384	184.40652	0.3246554
7376000	1851.58	231	2299	29372.32	3.9611835	8.682572	89.16641	0.23944116
7392000	1713.22	242	2299	29436.19	3.6792586	10.039249	116.731476	0.19880521
7408000	1721.5	242	2299	29502.34	4.468186	9.89958	116.61915	0.27501416
7424000	1824.28	293	2299	29566.11	4.086775	9.013712	136.01308	0.21574982
7440000	1906.43	293	2299	29630.11	4.174087	9.152901	128.7046	0.18706247
7456000	1934.01	497	2300	29693.37	4.38029	9.324699	93.423416	0.2305054
7472000	1748.78	224	2300	29760.04	3.7176716	6.8494763	50.81979	0.22293705
7488000	1747.99	218	2300	29823.31	3.4308026	6.38511	48.315536	0.2228902
7504000	1909.25	218	2300	29886.17	3.8663085	8.217598	96.92928	0.18482012
7520000	1912.71	218	2300	29950.98	3.5983407	6.994069	77.60803	0.22367556
7536000	1895.57	225	2300	30014.61	3.033312	6.8967824	71.65405	0.23177074
7552000	1782.28	218	2300	30079.33	3.5255213	7.2814956	62.677086	0.2016595
7568000	1793.78	218	2300	30143.24	3.7147622	7.836745	93.33268	0.24830113
7584000	1943.45	227	2300	30205.04	2.9854143	6.770155	64.53154	0.18985856
7600000	1757.59	224	2300	30271.94	3.2204776	6.7726536	84.15294	0.21474428
7616000	1723.06	224	2300	30334.85	3.6835139	8.761052	180.58548	0.18292849
7632000	1597.1	227	2300	30400.05	4.6878076	13.900695	165.97406	0.2964577
7648000	1595.8	218	2300	30464.75	4.9046416	12.928548	144.96046	0.29459396
7664000	1921.94	218	2300	30529.24	4.622123	14.814421	150.7256	0.2856135
7680000	1991.79	218	2300	30592.7	4.897794	12.869835	132.67177	0.35078782
7696000	1949.64	218	2300	30656.58	3.9848099	11.864426	126.097336	0.2671144
7712000	1936.48	293	2299	30719.72	4.0030046	10.587878	121.210075	0.30509242
7728000	1790.89	225	2300	30783.59	3.043246	9.229815	155.10971	0.2016512
7744000	1824.26	225	2300	30845.95	2.9691222	9.467191	156.1315	0.27286166
7760000	1953.2	245	2300	30908.56	3.9267688	13.52932	157.02405	0.29655582
7776000	1790.43	225	2300	30972.46	3.2296436	9.687451	137.00839	0.2794184
7792000	1691.43	225	2299	31037.66	2.8843331	7.6730685	152.35957	0.19532081
7808000	1730.2	218	2300	31100.38	2.8375268	7.8356524	151.94707	0.26070455
7824000	1725.32	218	2300	31163.51	3.6159356	7.2723413	99.48423	0.29259175
7840000	1864.14	218	2299	31227.85	4.058666	8.614133	120.8871	0.34826633
7856000	1890.18	218	2299	31290.79	3.461959	6.7302876	88.80432	0.30343026
7872000	1620.86	218	2299	31353.61	4.1712346	9.832834	150.18367	0.301211
7888000	1495.41	218	2299	31418.03	5.095596	11.270773	128.50204	0.3753232
7904000	1765.7	238	2300	31481.64	5.0852346	9.800703	117.83209	0.38961595
7920000	1713.34	227	2300	31544.47	4.2635765	10.135957	101.569275	0.2776945
7936000	1687.8	293	2299	31607.37	4.1447644	8.742111	83.79592	0.32600263
7952000	1752.29	293	2299	31670.82	5.36865	11.621707	125.20491	0.19747487
7968000	1575.13	293	2300	31734.0	5.9188294	12.833345	151.50311	0.30362022
7984000	1588.78	224	2300	31796.59	6.1940846	15.769721	143.08235	0.29632854
8000000	1798.66	224	2300	31860.9	5.332582	11.576267	127.00707	0.30640113
8016000	1910.23	224	2300	31923.52	4.8447824	12.090967	124.106674	0.30720392
8032000	1815.51	224	2299	31988.31	4.968876	10.731331	107.96375	0.26542515
8048000	1734.91	238	2300	32051.69	3.9621964	9.026993	98.76154	0.35521853
8064000	1900.7	238	2300	32115.89	3.7791715	7.8721566	67.79299	0.26697403
8080000	1859.52	218	2300	32178.51	3.2525456	6.9053354	89.68395	0.2712745
8096000	1866.21	218	2299	32244.17	3.7556636	8.563336	95.43558	0.28874263
8112000	1729.33	218	2299	32308.1	3.5087478	8.216143	126.041916	0.19138563
8128000	1541.0	218	2300	32371.98	3.639953	8.614817	121.98808	0.23493421
8144000	1596.09	218	2300	32434.49	5.2646866	12.55922	160.89809	0.3590973
8160000	1452.93	218	2299	32498.98	5.584098	12.410375	126.48563	0.26738623
8176000	1324.68	245	2299	32562.2	6.520696	15.686829	169.12021	0.36459386
8192000	1489.4	224	2299	32625.71	9.615323	20.420538	177.06046	0.29999077
8208000	1649.62	224	2299	32689.69	9.277131	19.531927	195.84027	0.27607206
8224000	1586.79	293	2299	32753.18	9.160401	18.01638	166.94649	0.3229314
8240000	1659.45	293	2299	32815.31	7.0805554	14.73273	157.60977	0.28230757
8256000	1680.38	352	2298	32877.54	7.0085635	14.725499	173.82275	0.3241836
8272000	1744.84	293	2299	32942.66	5.864832	11.111561	141.15034	0.2741619
8288000	1724.73	293	2299	33005.18	4.944032	8.11005	91.46145	0.26459524
8304000	1231.09	225	2299	33067.22	6.01346	12.638074	143.98628	0.3394869
8320000	1284.18	218	2299	33131.47	6.999318	14.782556	127.305855	0.32752973
8336000	1406.05	218	2299	33195.52	9.377733	15.370565	109.790215	0.32495242
8352000	1418.95	218	2299	33258.55	8.969993	13.545809	103.17399	0.3944308
8368000	1379.75	218	2299	33322.38	9.46925	14.433971	99.05981	0.49125013
8384000	1504.17	218	2300	33385.24	8.28275	12.81014	92.10809	0.35898545
8400000	1483.81	224	2300	33447.51	5.849946	10.757828	112.18628	0.25517672
8416000	1422.49	224	2300	33512.18	5.07504	10.505644	140.12283	0.26629144
8432000	1553.23	224	2300	33576.32	3.8343098	7.8081093	86.62372	0.25114685
8448000	1537.96	223	2300	33638.6	4.021644	6.790321	77.97995	0.34828633
8464000	1534.49	224	2300	33702.89	3.9461842	6.5214643	67.66028	0.25502187
8480000	1674.59	224	2301	33766.22	4.4201865	7.4514213	110.517876	0.36177543
8496000	1412.91	224	2301	33829.8	4.698973	7.7577543	117.89174	0.43556663
8512000	1451.85	224	2301	33893.95	4.9846907	8.679805	138.82434	0.3443443
8528000	1790.02	293	2300	33956.58	5.84998	11.396499	194.14804	0.43015087
8544000	2004.08	483	2300	34021.1	5.127487	9.53957	153.29948	0.41621694
8560000	1931.6	224	2300	34084.83	4.073653	9.229355	142.67128	0.38643122
8576000	1763.11	224	2301	34149.57	4.8673077	12.75164	157.83757	0.30468726
8592000	1808.77	224	2301	34212.88	3.6785874	8.778557	134.77638	0.2500769
8608000	1841.69	348	2301	34276.4	3.675246	9.024395	118.3037	0.2780663
8624000	1789.81	293	2301	34339.84	2.5347693	5.1130433	66.74667	0.23701444
8640000	1542.69	224	2301	34403.76	3.2698908	6.666464	77.20238	0.3404531
8656000	1507.82	293	2301	34469.37	3.8322928	7.3652525	62.22256	0.2925799
8672000	1591.3	230	2300	34532.83	4.537927	8.764938	87.769646	0.40325528
8688000	1615.61	224	2300	34596.82	4.8476024	9.194955	104.55354	0.33623582
8704000	1759.19	224	2300	34659.81	5.004337	10.013326	135.28505	0.2952715
8720000	1821.22	227	2300	34722.27	4.911747	9.289377	90.35662	0.40095985
8736000	1814.46	227	2300	34784.91	4.3892937	7.8395867	79.39142	0.20904437
8752000	1766.41	227	2299	34848.71	3.9826434	9.591892	137.34822	0.30225667
8768000	1672.6	227	2300	34913.97	4.3506565	9.767786	120.271194	0.29268926
8784000	1662.92	293	2300	34975.94	4.3636317	9.372969	109.67476	0.28612044
8800000	1735.69	647	2300	35039.72	5.219205	10.670276	124.68162	0.2761261
8816000	1927.3	490	2300	35101.61	4.4604445	9.161034	106.80309	0.29422832
8832000	1943.63	227	2300	35165.73	4.799502	8.703749	84.35388	0.21190357
8848000	1716.03	224	2300	35228.8	4.0586042	9.41502	110.15761	0.2408632
8864000	1689.44	224	2300	35292.53	4.9783874	9.480269	91.58562	0.23463625
8880000	1530.49	293	2300	35354.87	5.7221847	13.229281	178.83926	0.31261495
8896000	1462.06	227	2300	35420.39	5.20313	11.855683	167.8566	0.3517358
8912000	1610.44	227	2299	35483.39	4.652402	11.672844	165.545	0.30230385
8928000	1564.33	293	2300	35546.8	5.848077	13.810478	196.39296	0.32909888
8944000	1631.48	224	2300	35610.46	4.848861	9.096846	95.685196	0.24075067
8960000	1682.73	224	2300	35674.27	4.896054	8.634758	85.48094	0.29539156
8976000	1846.32	224	2300	35737.06	5.0141664	8.601823	85.5051	0.27107343
8992000	1967.52	293	2300	35802.45	4.3065715	7.986488	83.36779	0.17824541
9008000	1875.06	224	2300	35866.77	4.536172	11.4112	146.9941	0.22353444
9024000	1827.56	230	2300	35931.02	4.509594	10.468197	159.00076	0.21903074
9040000	1524.04	227	2300	35993.33	4.4863086	8.376232	90.19739	0.24165903
9056000	1578.04	225	2301	36056.94	4.6019177	10.898811	169.42662	0.26987344
9072000	1774.16	225	2300	36120.43	4.9254565	12.465404	206.88467	0.18966761
9088000	1743.39	293	2300	36183.84	4.1113114	8.328915	96.76963	0.1877793
9104000	1017.45	293	2300	36246.45	5.0109196	12.553346	149.36397	0.16763665
9120000	1376.88	293	2300	36308.92	7.059081	14.420669	117.84712	0.21948272
9136000	1803.34	225	2300	36372.38	6.471231	12.156993	87.7074	0.14174362
9152000	1743.79	225	2300	36436.13	5.379702	9.706023	82.68743	0.20787175
9168000	1583.89	224	2300	36499.03	4.8888507	8.836515	141.6338	0.21882753
9184000	1642.76	224	2300	36561.32	4.767674	8.861359	147.3447	0.2627335
9200000	1757.81	224	2300	36624.8	4.310169	8.622135	150.3349	0.17637108
9216000	1776.83	224	2300	36688.87	4.4268823	7.426272	64.2945	0.28629917
9232000	1658.99	225	2300	36751.95	4.577499	8.8219385	112.45321	0.31881222
9248000	1723.5	225	2300	36816.67	4.4061003	8.301263	103.57553	0.29251805
9264000	1826.36	224	2300	36881.07	3.2238877	5.3416886	43.693253	0.2630155
9280000	1923.91	224	2300	36945.53	3.145377	7.24775	95.79768	0.27120852
9296000	1649.68	242	2300	37009.32	3.4997356	7.093843	115.17049	0.20654903
9312000	1601.21	242	2300	37072.85	3.318597	5.902483	73.45144	0.28490677
9328000	1516.69	227	2299	37137.29	4.7944007	9.392015	107.9494	0.25348258
9344000	1446.96	227	2299	37201.18	5.49119	11.176454	96.63821	0.18585789
9360000	1667.75	227	2300	37264.01	5.229675	10.699067	92.54427	0.25820196
9376000	1947.44	230	2300	37328.47	5.5603957	11.106117	99.76083	0.27859205
9392000	1893.72	230	2300	37392.83	5.021968	9.407033	81.239174	0.36430523
9408000	1697.15	227	2300	37455.8	4.9141717	10.1027975	116.20993	0.434233
9424000	1864.81	227	2299	37519.14	4.043183	7.239547	52.747147	0.28901252
9440000	2028.07	231	2300	37582.99	3.013287	5.285453	46.973198	0.28224128
9456000	1932.64	230	2300	37645.47	2.34701	4.445888	62.56669	0.2702768
9472000	1855.4	224	2301	37708.57	2.9574487	7.014962	148.44319	0.3470448
9488000	1772.25	224	2301	37771.54	3.10397	5.780318	93.01299	0.20649588
9504000	1776.51	225	2300	37836.07	3.3119383	8.926443	116.867874	0.197748
9520000	1812.09	227	2299	37899.26	3.1861722	8.46229	95.88732	0.2533006
9536000	1930.0	227	2300	37963.87	3.0505042	8.358567	89.911766	0.1933232
9552000	1747.15	227	2300	38026.84	4.143744	9.681599	92.56387	0.28199404
9568000	1701.57	227	2300	38089.5	3.5264864	6.9538007	68.65203	0.14863224
9584000	1816.53	497	2300	38153.45	3.577579	8.165324	116.02871	0.17091866
9600000	1842.58	348	2300	38215.91	3.9896657	8.182588	90.8954	0.20227152
9616000	1897.01	242	2300	38278.39	3.484607	6.1937513	58.713966	0.227213
9632000	2002.1	224	2300	38343.84	4.074761	7.0328164	67.531876	0.26408517
9648000	1931.11	224	2300	38408.54	3.8526797	7.7156367	149.21494	0.21900392
9664000	1661.53	224	2300	38471.31	3.7982447	9.339852	165.50774	0.27664068
9680000	1778.97	224	2300	38535.71	4.091497	9.45959	129.83147	0.26805675
9696000	1875.33	242	2300	38600.24	3.7942607	10.019566	185.62007	0.28217122
9712000	1871.76	235	2299	38664.87	4.04838	9.601412	107.31193	0.26650593
9728000	2000.65	230	2299	38727.28	3.9459918	10.283341	136.46971	0.26741046
9744000	1937.42	230	2299	38792.6	4.394083	10.2103405	137.62859	0.27828926
9760000	1953.13	293	2300	38855.04	3.468902	7.912497	87.86368	0.18659924
9776000	1989.37	242	2300	38918.62	2.540146	4.548557	38.18142	0.2587629
9792000	1923.93	242	2300	38983.18	2.6968515	5.8600755	73.53527	0.22683558
9808000	1919.71	227	2300	39045.78	2.67344	5.726883	70.71817	0.25141537
9824000	1881.9	227	2301	39112.66	2.5209582	5.4799843	86.24455	0.27623177
9840000	2017.96	483	2301	39175.97	2.323462	4.84429	56.42567	0.2310296
9856000	2053.47	483	2301	39239.93	2.1424558	5.5649905	120.94453	0.19189695
9872000	2054.41	497	2300	39302.61	2.5405526	5.861877	93.730576	0.27460343
9888000	1963.3	293	2300	39365.76	2.3396933	5.2703295	71.4091	0.25217113
9904000	2005.74	293	2300	39430.03	2.195464	4.7560797	83.29814	0.27183047
9920000	2034.85	348	2300	39493.6	2.230225	6.707922	150.6408	0.20583332
9936000	1939.55	348	2300	39556.08	2.6313438	6.22584	69.10084	0.25393718
9952000	1603.52	227	2300	39620.74	4.31525	11.176354	136.35747	0.2860791
9968000	1589.44	227	2300	39684.05	4.076661	10.4038	125.895935	0.32148334
9984000	1729.06	225	2300	39747.0	4.694339	12.015127	124.05584	0.26170087
10000000	1867.33	225	2300	39810.65	3.773725	9.214728	103.63253	0.2890029
10016000	1950.48	227	2300	39873.51	4.5743155	11.630953	116.40557	0.32722607
10032000	2044.2	286	2300	39935.49	4.4164367	11.154851	130.3159	0.33335683
10048000	1988.55	490	2300	39998.86	2.9010532	7.1592407	96.1098	0.21891046
10064000	1884.08	225	2300	40063.22	2.8079941	8.6141205	133.65842	0.20706923
10080000	2034.59	225	2300	40127.38	2.179465	5.9017	137.26971	0.18135887
10096000	2109.35	286	2300	40192.87	2.101232	4.4597306	62.01808	0.14350393
10112000	1942.31	225	2300	40258.32	2.0036232	4.766978	75.36199	0.20024812
10128000	1823.14	225	2300	40322.04	2.692856	7.352463	125.20219	0.22552045
10144000	1958.84	483	2300	40385.4	2.5036883	6.612823	132.87213	0.19085631
10160000	2026.71	490	2300	40448.23	2.56439	7.916158	166.14224	0.22130264
10176000	1956.48	224	2300	40514.07	2.7496393	8.784664	127.27178	0.21221286
10192000	1964.87	224	2300	40576.67	2.215237	5.418949	96.55922	0.1753057
10208000	2040.89	227	2300	40639.23	2.6239138	9.18326	147.15085	0.16438168
10224000	2029.96	225	2300	40705.22	1.7890027	4.6314063	65.895676	0.122725375
10240000	2057.58	225	2300	40767.68	1.7562861	6.41149	126.12443	0.14245111
10256000	1888.47	227	2300	40831.9	2.0844824	6.1756415	144.38647	0.12792856
10272000	1871.24	227	2300	40896.15	2.5058835	7.903807	142.55031	0.1756769
10288000	1914.56	347	2300	40958.21	2.3644652	7.7596407	144.22356	0.19930676
10304000	1898.55	293	2300	41021.14	2.6970806	8.012434	115.35994	0.1446067
10320000	1504.06	286	2300	41083.23	3.2143092	9.159175	123.99474	0.22249073
10336000	1554.52	293	2300	41146.43	4.1998887	11.815713	158.31882	0.25516492
10352000	1941.94	293	2300	41209.84	5.5718164	14.485336	162.78664	0.220931
10368000	1918.75	286	2300	41274.19	5.5955586	13.708421	128.11716	0.20913681
10384000	1887.22	227	2300	41337.29	4.4712176	11.458462	127.41426	0.26148614
10400000	2055.28	227	2300	41400.31	3.7279005	10.987524	125.16378	0.21299426
10416000	2158.47	238	2300	41463.33	3.2473752	10.233185	128.91278	0.16086084
10432000	2106.7	238	2300	41526.68	2.1612487	7.8537717	135.48563	0.115376815
10448000	2024.37	352	2300	41591.16	1.5489225	4.1708765	59.638893	0.16747394
10464000	1859.88	227	2300	41653.51	1.8648534	4.68972	61.588684	0.18459556
10480000	1850.05	227	2300	41716.17	2.3983157	6.3976088	93.624275	0.1432764
10496000	1921.62	227	2300	41779.59	2.722921	6.6979647	78.44317	0.2054058
10512000	1864.33	227	2300	41843.71	1.9267827	4.8680277	60.445454	0.15299982
10528000	1949.56	238	2300	41907.21	2.2145026	5.953298	107.47546	0.15206009
10544000	1867.35	224	2300	41970.95	2.591555	8.916885	166.45969	0.16906023
10560000	1877.38	224	2300	42034.83	3.0367663	12.629866	161.84824	0.16765942
10576000	2066.59	227	2299	42097.07	2.4237669	8.384341	128.63484	0.1470977
10592000	2077.8	227	2299	42159.92	2.821832	10.937671	159.14413	0.12644674
10608000	2059.12	352	2300	42222.12	2.8810318	11.529996	160.3431	0.14557539
10624000	1766.91	224	2300	42287.38	3.2918918	13.281993	157.9714	0.20485944
10640000	1713.49	238	2300	42350.09	3.5647597	10.371089	101.38211	0.15784447
10656000	1896.36	227	2300	42413.85	3.3479288	11.058998	174.32707	0.20981528
10672000	1897.05	227	2300	42478.37	3.6759572	11.293513	153.0553	0.21061566
10688000	2032.47	293	2300	42542.6	3.7224934	11.249322	124.41909	0.20367974
10704000	2086.75	293	2300	42606.41	3.077999	10.14686	113.51959	0.18382628
10720000	1996.97	224	2300	42670.73	3.2271976	11.033289	120.187584	0.19243802
10736000	1973.58	224	2300	42734.13	2.2584467	7.0933657	101.39815	0.16842717
10752000	2090.74	227	2300	42798.05	2.04871	7.122569	123.426186	0.16320868
10768000	2072.59	230	2300	42861.29	1.5611337	4.477702	60.212055	0.13306344
10784000	2019.74	483	2300	42925.66	2.0559018	6.4858274	91.19479	0.18147133
10800000	1907.93	227	2300	42989.49	1.6555343	5.235974	76.81165	0.14950873
10816000	1944.63	224	2300	43051.7	1.6472377	5.189033	83.77874	0.14978716
10832000	2023.35	224	2300	43114.92	1.7721877	7.9829407	174.10457	0.1288234
10848000	1928.56	227	2300	43178.12	1.9890685	7.0662065	97.70864	0.13582644
10864000	1888.12	286	2300	43242.51	2.0018735	6.070047	86.83919	0.14808992
10880000	1923.74	350	2300	43305.65	2.5455537	8.590004	136.336	0.12330826
10896000	1889.71	230	2300	43369.57	2.5797296	8.734571	115.51324	0.15201351
10912000	1946.93	225	2300	43432.54	2.7284682	8.740861	159.7001	0.14876032
10928000	1961.72	225	2300	43496.88	2.278436	4.672858	49.587746	0.11601159
10944000	2048.63	514	2300	43559.85	2.1639092	5.6638007	106.1009	0.12640974
10960000	2100.85	347	2300	43624.01	1.7491274	4.251628	92.77184	0.0960077
10976000	2100.23	242	2300	43688.45	1.7221065	4.363622	102.76459	0.13475594
10992000	2036.6	227	2300	43753.8	1.7702776	4.465661	105.87303	0.12989655
11008000	1937.47	227	2300	43816.56	1.6356546	3.0417378	34.40768	0.08384229
11024000	2024.82	224	2300	43879.49	1.3921031	4.6385593	121.52359	0.083344616
11040000	2025.82	224	2300	43943.93	1.551744	4.3400645	60.35439	0.11621512
11056000	1962.76	225	2300	44006.54	1.4568242	4.2897477	61.989296	0.102177136
11072000	2056.45	224	2300	44071.21	1.8339224	5.636363	81.69247	0.13258988
11088000	2116.91	224	2300	44134.88	2.2146552	8.804887	153.06978	0.11358799
11104000	2077.72	224	2300	44197.35	1.3860154	3.539173	46.978275	0.08891605
11120000	2067.32	242	2300	44262.49	1.67375	5.226407	64.90938	0.0867562
11136000	2047.6	350	2300	44326.04	1.3571376	4.028027	70.22754	0.091746986
11152000	2039.96	350	2300	44388.87	1.4852256	4.308844	54.786785	0.13459663
11168000	1984.36	293	2301	44453.57	1.5061797	4.774182	97.52572	0.1358764
11184000	1930.38	224	2301	44517.12	2.2886147	8.277739	164.10318	0.14815304
11200000	1972.6	224	2300	44579.36	2.3456202	7.011559	91.376015	0.15998712
11216000	2013.42	224	2300	44642.56	1.9660052	7.434245	157.89055	0.18330368
11232000	2029.29	224	2301	44705.03	2.2758076	8.192764	110.62402	0.15886408
11248000	1943.22	653	2301	44768.24	3.2371793	12.816684	154.87863	0.14679483
11264000	1937.16	227	2300	44831.5	2.8709083	11.839906	138.21385	0.15778023
11280000	2027.78	227	2300	44896.05	2.613385	11.027718	156.40561	0.15848413
11296000	1995.15	227	2300	44959.59	2.809151	10.644029	120.64115	0.13878822
11312000	2010.1	227	2301	45023.87	2.1077797	7.9861426	105.917786	0.11107287
11328000	1985.33	227	2301	45086.7	2.286862	7.5024514	91.39734	0.10788539
11344000	1971.38	293	2300	45149.27	1.1941363	3.5969203	58.967518	0.10802542
11360000	2041.47	225	2300	45212.96	1.5034343	4.549118	83.8424	0.10127681
11376000	2084.34	224	2301	45278.71	1.5086724	3.88569	54.298588	0.09941277
11392000	1955.84	224	2301	45341.43	1.0350069	3.0747783	61.222702	0.108955346
11408000	1977.54	224	2301	45404.66	1.4845555	4.571886	51.49586	0.11979602
11424000	2092.35	352	2301	45468.45	1.4223336	3.8683138	69.2928	0.074054785
11440000	2020.22	293	2301	45532.1	1.735812	5.69845	70.80565	0.15653056
11456000	2055.9	293	2301	45595.58	1.2516216	4.328146	96.953606	0.12642469
11472000	1963.01	231	2301	45660.15	1.3148706	3.7329276	62.135223	0.102599576
11488000	1905.48	231	2300	45724.53	1.4698513	3.5786633	53.057297	0.16177459
11504000	2057.37	242	2300	45786.95	1.576936	4.415184	68.45813	0.14503583
11520000	2012.83	230	2300	45850.22	1.2560673	4.596214	85.83885	0.114661574
11536000	1967.04	227	2300	45912.89	1.1899023	3.7799842	64.145424	0.13279538
11552000	2108.33	227	2300	45978.91	1.7374257	7.65936	132.38641	0.12547047
11568000	2024.67	497	2300	46043.24	1.500218	7.0334406	180.57956	0.1113132
11584000	1884.29	227	2300	46105.9	1.5998452	6.4706492	160.64041	0.123897985
11600000	1976.79	224	2300	46170.03	1.4195501	4.9249253	72.08822	0.093265325
11616000	2050.32	224	2301	46233.89	1.3454748	4.5932508	86.10965	0.119202256
11632000	2154.12	497	2301	46298.06	1.3310987	4.3235188	54.608356	0.101055086
11648000	2189.28	349	2300	46361.94	1.2994471	4.5742817	98.77527	0.09090446
11664000	1513.42	224	2300	46426.08	2.2568202	8.204379	109.03287	0.13272989
11680000	1643.71	224	2300	46488.28	3.6261063	11.5880375	105.277695	0.16768421
11696000	1896.21	227	2300	46550.35	3.5346098	12.229229	125.002335	0.14560264
11712000	1919.78	224	2300	46614.23	3.3838935	10.731723	98.75565	0.14199829
11728000	1851.51	224	2300	46678.53	2.5948458	9.186047	113.491356	0.1363062
11744000	1809.38	224	2300	46742.26	2.2512739	6.860112	106.43609	0.12643716
11760000	1982.54	224	2300	46805.4	3.0813413	9.506694	136.45105	0.17010847
11776000	2014.02	350	2300	46868.95	2.4052393	7.1169195	158.25285	0.1489719
11792000	1862.63	224	2300	46931.9	2.4389424	9.008304	145.86337	0.1701445
11808000	1868.96	224	2300	46994.53	2.8115366	8.187519	118.02843	0.14314318
11824000	1593.12	224	2299	47057.37	3.115093	7.8438473	107.698524	0.1592547
11840000	1749.46	227	2300	47120.13	3.185174	7.5665417	81.94297	0.16792318
11856000	1962.73	227	2300	47184.5	3.4364502	7.2018833	84.38015	0.16170242
11872000	2034.99	227	2300	47249.36	2.8612661	7.4992113	149.31693	0.14505713
11888000	1920.97	293	2300	47312.83	2.9949174	8.264797	179.30922	0.16681312
11904000	1913.16	224	2300	47379.88	3.4514153	11.33886	145.1559	0.1960541
11920000	1977.17	224	2300	47445.33	1.8579202	4.961925	77.73415	0.15241554
11936000	1880.65	230	2301	47511.08	2.5861166	9.997702	167.33061	0.20837522
11952000	1885.3	230	2301	47573.61	2.467132	10.066962	147.86365	0.17571947
11968000	1986.03	224	2300	47636.06	2.84171	10.2365885	174.348	0.21584946
11984000	1969.34	224	2300	47698.8	2.7752109	8.713645	107.03988	0.20297232
12000000	1875.28	224	2300	47762.9	2.6027806	6.792903	76.46174	0.18324149
12016000	1963.91	293	2301	47826.9	2.3970275	6.657247	91.654816	0.19452536
12032000	2069.67	227	2301	47889.0	2.2315416	5.5165224	58.48311	0.19332218
12048000	2023.94	218	2300	47952.48	2.3152988	6.3660755	83.75717	0.20284623
12064000	2014.8	218	2301	48015.95	2.1923633	5.823494	88.050575	0.14558658
12080000	2129.09	350	2301	48078.61	2.1487157	5.954352	82.408676	0.18941976
12096000	1888.41	227	2301	48143.36	1.9017507	5.2481775	72.60971	0.13345951
12112000	1895.07	227	2299	48206.21	1.7153845	4.47566	52.230873	0.12802154
12128000	2086.83	227	2300	48268.65	1.5688655	5.1027746	88.49588	0.15315655
12144000	1985.79	293	2300	48330.52	1.528081	4.1121936	50.079475	0.16018093
12160000	2014.76	350	2301	48393.48	1.9216237	7.080708	104.4049	0.16408384
12176000	2041.01	293	2301	48457.43	1.5744133	5.4475584	100.9474	0.13828649
12192000	2030.92	293	2300	48519.98	1.7171992	5.505754	97.73268	0.15769213
12208000	2142.16	698	2301	48584.76	1.6862595	6.1519485	83.61055	0.12846814
12224000	2097.15	227	2301	48648.54	1.9084369	6.530716	104.26381	0.16776639
12240000	2072.47	227	2301	48712.17	1.6927474	6.575401	105.53457	0.14706767
12256000	2035.76	227	2300	48773.9	2.073732	8.674828	141.92017	0.12090962
12272000	1761.8	227	2301	48836.76	1.9226003	6.304111	130.83214	0.16410008
12288000	1780.81	224	2300	48901.77	2.0571592	4.6103296	59.92346	0.16901135
12304000	2025.69	224	2301	48965.55	2.563046	8.040983	109.441795	0.18783538
12320000	2042.31	227	2301	49027.99	2.637952	7.948317	99.97196	0.19190194
12336000	1973.48	350	2300	49091.13	2.694072	7.8195267	124.00781	0.17125022
12352000	1940.44	227	2300	49153.61	2.282083	6.5976653	86.63345	0.15629533
12368000	1987.99	227	2300	49215.75	2.139728	6.057055	69.815544	0.18322957
12384000	2041.33	245	2301	49277.98	1.7270757	4.616501	69.99913	0.15577511
12400000	2064.66	227	2301	49342.97	2.0326898	6.0545125	111.430885	0.16826816
12416000	2026.06	227	2300	49405.53	1.6142998	4.8907413	111.89936	0.1637197
12432000	2025.36	227	2300	49469.61	1.5630386	5.541442	144.96373	0.14386785
12448000	2088.54	227	2300	49533.6	1.8618306	9.839293	175.03563	0.10178484
12464000	2049.12	227	2300	49597.22	1.5603379	7.193911	161.8537	0.11929512
12480000	1961.36	227	2300	49659.5	1.7593788	9.529954	159.6657	0.14248861
12496000	2001.78	224	2300	49724.58	2.1353707	10.367458	161.34224	0.106832854
12512000	2122.06	224	2300	49790.47	1.895037	10.29787	159.25308	0.104311764
12528000	2051.56	227	2300	49853.01	1.3735659	7.8095264	159.02917	0.12605786
12544000	1954.5	227	2301	49916.91	1.906326	8.345877	106.01536	0.11377258
12560000	1879.75	224	2301	49981.82	2.1439018	8.920835	158.95584	0.1482763
12576000	1902.11	224	2301	50044.71	2.54026	8.52832	97.79987	0.14699435
12592000	1924.17	227	2301	50106.19	3.0617628	10.72135	161.54295	0.18472579
12608000	1901.84	227	2300	50171.47	2.4585156	9.865601	148.46584	0.17532247
12624000	2031.25	227	2300	50235.94	1.9256163	7.350372	102.0677	0.10803215
12640000	2022.76	347	2301	50300.4	2.2900922	7.8679543	81.01655	0.12562624
12656000	1753.91	224	2301	50364.2	2.975433	10.242461	206.50769	0.18293057
12672000	1790.07	224	2301	50426.83	2.0247877	8.730071	156.793	0.10852641
12688000	1949.81	231	2300	50490.1	2.9827867	11.580278	138.61343	0.16043323
12704000	1915.98	242	2301	50552.77	2.3299346	9.020014	126.60558	0.13903916
12720000	2014.41	242	2301	50615.32	2.671881	9.402457	114.65168	0.19775738
12736000	1436.86	651	2301	50679.07	3.6412582	8.668563	66.91637	0.17801937
12752000	1355.65	227	2301	50743.25	5.9214287	13.374913	123.26171	0.20732453
12768000	1609.11	227	2301	50807.92	6.7192564	14.874619	126.7367	0.20649561
12784000	1951.01	227	2301	50871.22	7.1247115	14.189599	100.67293	0.18557201
12800000	1921.24	227	2301	50934.55	6.08392	13.600028	114.52265	0.15521224
12816000	1894.47	224	2301	50998.86	5.619902	12.762742	135.55159	0.19328378
12832000	1763.71	224	2301	51062.99	5.108535	13.876996	150.79968	0.20318206
12848000	1739.55	225	2301	51127.79	3.999297	9.189272	145.39543	0.27507937
12864000	1571.12	224	2300	51192.26	4.1648426	12.301547	171.29427	0.23584008
12880000	1644.75	227	2301	51257.25	4.500783	14.4166	139.05185	0.27892748
12896000	1877.31	227	2301	51322.07	5.7902794	17.18384	159.74463	0.28126064
12912000	1956.24	231	2301	51385.75	4.5095325	14.6596985	140.49089	0.21581967
12928000	1862.18	224	2301	51448.47	4.7323074	11.195851	95.69627	0.25137365
12944000	1700.71	224	2301	51511.22	4.625127	13.495191	143.91559	0.24544182
12960000	1878.05	227	2301	51574.62	3.9847033	10.798038	124.51289	0.20814948
12976000	1989.76	227	2301	51639.51	3.2660537	8.683957	105.208664	0.23659874
12992000	1935.25	242	2301	51703.52	2.377392	6.5456944	128.40231	0.20644927
13008000	1871.5	224	2301	51768.11	2.4516327	6.5891366	94.511215	0.20998916
13024000	1882.64	231	2301	51830.63	2.0775077	4.6050477	57.249016	0.17098722
13040000	1996.94	350	2301	51895.04	2.719474	7.3622184	94.24916	0.19456497
13056000	1931.22	231	2301	51957.79	2.1512074	5.697931	84.03125	0.17947602
13072000	1976.35	231	2301	52022.0	2.5709388	7.78141	119.64539	0.14886394
13088000	1644.46	242	2301	52086.14	3.2887888	11.371685	136.35667	0.18966457
13104000	1605.96	230	2301	52150.68	4.7107725	13.343817	144.85379	0.19576854
13120000	1757.27	230	2300	52213.44	5.550965	13.5635805	153.8931	0.2353109
13136000	1934.5	230	2300	52276.8	5.4634643	12.010385	137.47336	0.1961163
13152000	1983.58	230	2300	52342.14	4.551743	11.371973	142.29991	0.23109692
13168000	1961.3	230	2300	52406.3	3.3869812	8.993099	116.768555	0.22705764
13184000	1994.38	230	2300	52468.17	4.5731106	11.787207	142.60681	0.23535976
13200000	1988.87	350	2300	52531.99	3.1633677	8.326822	105.60585	0.15318188
13216000	1826.01	224	2300	52595.19	2.5785518	7.61522	120.48653	0.19321296
13232000	1819.16	224	2300	52658.93	3.7448301	10.975029	134.17737	0.21059398
13248000	1562.44	224	2300	52721.35	3.9377239	9.729865	104.12743	0.19223718
13264000	1476.01	224	2301	52783.95	4.7140784	11.646953	143.32993	0.23451056
13280000	1531.11	224	2301	52846.69	4.836944	11.052578	117.864204	0.3041845
13296000	1720.11	224	2301	52911.5	4.9904265	10.247374	102.25134	0.3395808
13312000	1907.68	224	2301	52972.89	4.6523576	10.4224205	105.949745	0.2945871
13328000	2011.16	293	2301	53036.66	4.6061654	10.725461	122.2061	0.2752304
13344000	1989.03	293	2301	53099.36	4.5518327	12.452405	188.68721	0.21249026
13360000	1910.19	224	2301	53162.6	4.4956746	12.478914	145.39851	0.31918794
13376000	1871.49	224	2301	53224.85	3.8395832	12.393197	170.68262	0.27981558
13392000	1944.58	231	2301	53288.27	3.6035302	9.809159	123.24913	0.2893735
13408000	1649.62	224	2300	53350.97	4.603426	15.192915	194.47414	0.29488468
13424000	1600.1	224	2300	53413.53	4.6044765	12.436642	142.45694	0.2929656
13440000	1801.77	224	2301	53477.29	5.1096334	13.420328	133.47542	0.26992786
13456000	1986.94	224	2301	53542.13	5.068775	13.251425	174.03546	0.31768796
13472000	2069.67	224	2301	53607.16	4.90187	13.590093	193.73306	0.2423539
13488000	1979.17	224	2300	53669.66	4.211263	10.845707	150.98615	0.2048985
13504000	1938.42	286	2300	53733.08	3.6788707	10.018669	141.25858	0.20524152
13520000	1986.25	286	2300	53795.38	3.0186186	8.1503105	117.94188	0.22497098
13536000	1981.43	352	2300	53857.33	2.6975825	9.09169	154.45847	0.20012955
13552000	2058.14	242	2300	53921.7	2.6965084	8.79448	124.97124	0.20769489
13568000	2102.19	242	2300	53985.6	2.3811245	8.408701	136.54193	0.1921688
13584000	1563.92	224	2300	54048.64	2.755747	11.753824	177.07263	0.19658957
13600000	1744.33	224	2301	54111.45	4.745887	16.031988	170.7082	0.22562362
13616000	2082.4	350	2301	54174.18	3.662645	12.389343	166.02637	0.203498
13632000	2086.01	350	2300	54235.8	3.5117881	12.87404	125.77992	0.18770045
13648000	2030.85	224	2301	54299.35	3.5860314	11.773173	150.82788	0.16234663
13664000	1991.99	224	2301	54362.85	3.1497042	10.151248	121.05382	0.19248496
13680000	1903.89	218	2301	54426.02	1.782556	5.1246543	56.108715	0.14988196
13696000	1945.78	218	2301	54489.32	1.4424086	3.072559	52.432617	0.18890236
13712000	2086.02	227	2301	54554.33	1.5243835	3.4310496	46.100346	0.18428639
13728000	2126.59	497	2301	54616.56	1.39127	5.067843	125.56949	0.13907486
13744000	1960.94	227	2301	54680.98	2.0981357	8.61857	146.14018	0.17852521
13760000	1747.39	227	2300	54745.42	3.5679598	14.762509	141.58945	0.16987592
13776000	1891.8	227	2300	54809.55	3.1895957	13.2325325	157.35452	0.15191293
13792000	2009.48	227	2301	54873.12	3.8826947	13.777075	139.39195	0.19066192
13808000	2068.78	242	2301	54935.94	3.1873305	11.567832	122.255005	0.17530933
13824000	1942.82	242	2301	54998.96	2.514646	8.373507	95.8035	0.19495831
13840000	1931.01	224	2301	55061.32	3.0547504	9.12524	82.82065	0.20784509
13856000	2030.93	224	2301	55126.3	2.266102	5.495903	60.43538	0.15437606
13872000	2012.66	224	2300	55188.43	1.7623616	4.4437037	55.452145	0.14933379
13888000	2030.73	224	2300	55250.31	2.108029	5.352906	53.49356	0.18628544
13904000	1919.59	224	2300	55314.87	1.9998013	4.9016886	46.533485	0.16267698
13920000	1973.87	224	2301	55377.36	1.9261174	7.1432033	143.11432	0.125413
13936000	1884.02	231	2301	55441.61	2.506901	9.823771	159.58296	0.17469372
13952000	1890.94	231	2300	55505.49	1.9497554	6.828689	105.72707	0.15168555
13968000	1949.8	231	2300	55567.93	2.9309177	10.603608	156.1999	0.13944945
13984000	1942.18	224	2300	55631.34	2.6904273	8.696437	109.35478	0.1632255
14000000	1982.1	224	2300	55694.79	2.8006592	7.2944293	89.77666	0.16802892
14016000	2029.04	224	2300	55756.31	2.745316	7.03914	87.288185	0.21594918
14032000	2043.05	224	2300	55818.7	3.2186377	8.7885065	111.19196	0.18693985
14048000	1857.17	483	2300	55882.91	3.0203693	9.355382	135.44106	0.22295305
14064000	1676.85	242	2300	55947.84	3.7263653	10.679904	167.55351	0.23947316
14080000	1788.97	231	2300	56010.87	3.9465675	9.688446	103.94955	0.28895316
14096000	1835.04	231	2300	56075.65	4.3182697	10.948731	160.3101	0.30843806
14112000	1909.43	231	2301	56138.54	3.4982574	7.3834214	83.16205	0.22222592
14128000	2034.69	242	2301	56200.88	3.5706787	9.045719	94.99206	0.20048173
14144000	2082.28	293	2300	56264.01	2.8202548	6.9531207	67.87378	0.26672342
14160000	2054.62	293	2300	56327.68	2.8079214	7.3580804	101.41106	0.24455103
14176000	1994.03	293	2300	56391.35	2.764148	7.242272	98.59876	0.16796482
14192000	1921.67	224	2300	56455.79	2.4077213	6.702075	88.93783	0.19759326
14208000	2035.64	224	2301	56518.65	2.0034125	6.0237026	119.63957	0.19410498
14224000	2027.02	224	2301	56583.57	2.7305	10.92373	156.30571	0.22071771
14240000	1987.96	224	2301	56647.04	2.9514017	13.788915	190.72052	0.20357606
14256000	2002.88	224	2301	56710.5	1.4495969	5.3011565	134.62581	0.15860191
14272000	1920.42	224	2301	56774.04	2.8787985	10.174317	149.85178	0.23560104
14288000	1950.95	224	2301	56838.68	3.0018082	13.150622	166.0666	0.17093065
14304000	1902.47	224	2301	56901.62	3.0322125	11.207003	147.4822	0.1971325
14320000	1968.21	242	2301	56964.33	2.83275	9.414676	139.31189	0.19046214
14336000	1967.67	224	2300	57028.28	2.2091718	6.9385333	124.77562	0.17458597
14352000	1942.33	224	2300	57092.15	2.1634707	6.401752	120.85688	0.16738074
14368000	1915.64	231	2300	57156.53	2.399056	9.181234	139.21292	0.17943951
14384000	2002.72	483	2301	57219.23	2.294356	8.189312	118.10484	0.21181604
14400000	1889.9	483	2300	57281.45	2.2389932	5.8896465	79.82581	0.20138703
14416000	1779.72	224	2300	57345.34	2.505251	5.9488378	62.931076	0.21305083
14432000	1685.66	224	2301	57410.19	3.0716188	8.939215	116.08638	0.22300413
14448000	1762.99	242	2301	57474.58	3.651001	11.196708	164.65834	0.20862824
14464000	1897.68	242	2301	57535.8	3.5441303	10.112153	160.91356	0.19077504
14480000	1961.93	293	2301	57599.62	4.446767	13.794084	163.11903	0.22454542
14496000	1998.64	293	2301	57664.16	4.2559943	14.541235	200.47685	0.2301858
14512000	2033.84	224	2301	57728.18	4.4357452	14.129634	148.76555	0.22193022
14528000	1954.99	224	2301	57792.73	3.4843524	10.663912	110.16305	0.22190702
14544000	1960.69	242	2301	57856.66	2.8242764	8.173572	89.29122	0.18952024
14560000	1941.26	242	2301	57921.86	2.5905018	7.674064	109.6383	0.18061942
14576000	2001.67	293	2300	57985.77	3.0665839	8.947407	128.91724	0.21798792
14592000	1980.4	242	2301	58047.47	2.0067205	5.691059	72.26028	0.17209941
14608000	1964.55	293	2301	58110.74	3.0679977	7.3670015	69.37667	0.23520729
14624000	1799.37	293	2300	58173.23	3.9560373	10.235994	116.12654	0.2618393
14640000	1860.43	231	2300	58236.5	2.8074067	7.812653	124.19257	0.23607534
14656000	2060.21	231	2301	58299.02	2.9653578	8.964148	106.55996	0.18038861
14672000	2018.41	224	2301	58361.39	2.7628195	8.590212	112.29717	0.15501389
14688000	1897.91	224	2301	58425.96	2.5777032	6.5457325	72.55876	0.18029131
14704000	1978.24	224	2301	58489.72	2.685264	6.5496993	94.532814	0.18786556
14720000	1902.8	224	2300	58555.11	2.4326856	6.636213	106.70545	0.21527648
14736000	1834.23	242	2301	58616.98	2.256371	8.788155	186.3051	0.20506419
14752000	1941.22	350	2301	58681.37	2.3422542	6.2175703	69.470856	0.16633935
14768000	1911.47	225	2301	58745.39	2.5062613	6.2256684	70.396706	0.22424744
14784000	1730.58	224	2301	58809.87	2.6456504	6.386051	81.52818	0.24942082
14800000	1767.09	224	2300	58874.89	3.0507746	7.1318603	80.27545	0.23974204
14816000	1909.94	224	2300	58937.83	3.1780586	9.938978	153.37717	0.25049835
14832000	1812.6	224	2300	59001.45	3.1547797	7.909339	86.81477	0.2857436
14848000	1905.7	224	2300	59063.91	3.243974	7.5816016	94.79548	0.26249552
14864000	1963.59	227	2300	59125.07	3.900714	9.472759	88.6657	0.26424098
14880000	1905.99	230	2300	59189.28	3.6191597	8.184275	71.91083	0.1732794
14896000	1987.4	230	2301	59252.57	2.7356665	7.0209594	105.65272	0.16339786
14912000	1953.39	231	2301	59316.25	2.8655298	7.192546	112.29399	0.2757144
14928000	1862.7	224	2300	59379.21	2.285303	5.0376496	57.86702	0.19850543
14944000	2003.27	224	2300	59442.43	3.3296738	11.1798	150.42188	0.22138572
14960000	2002.05	293	2300	59505.95	2.3011143	7.846839	110.79584	0.19744231
14976000	2001.95	238	2301	59570.3	3.129512	9.351138	144.4732	0.21549906
14992000	2044.6	238	2301	59632.63	1.9947213	6.8818135	165.3915	0.17636389
15008000	2084.34	224	2301	59698.22	2.3955514	8.292622	116.6967	0.19007584
15024000	1951.92	224	2300	59760.7	2.7886214	8.617838	115.5223	0.176862
15040000	1892.15	231	2300	59823.91	2.1207185	6.43896	108.07889	0.16786972
15056000	1992.13	242	2300	59887.57	2.0427828	6.764479	107.21404	0.1623326
15072000	2135.93	225	2300	59952.38	1.8104327	6.5301867	138.45343	0.17853066
15088000	2087.55	225	2300	60014.55	1.3553789	4.409838	112.54955	0.1486339
15104000	2079.92	227	2300	60078.12	1.745652	7.2859406	147.43832	0.15819195
15120000	1969.7	224	2301	60145.23	1.9632072	7.9998937	134.86023	0.115736246
15136000	1991.48	224	2301	60207.25	1.7486368	4.306317	73.01159	0.17241612
15152000	2099.15	225	2301	60270.01	1.5671189	4.8714795	117.446075	0.12820593
15168000	2057.75	225	2301	60334.04	2.02149	8.196442	139.2853	0.16219178
15184000	2074.13	231	2301	60396.77	1.8850927	5.874698	117.34277	0.15344623
15200000	1981.57	227	2301	60461.13	2.2137382	7.1822968	113.45118	0.16878384
15216000	1823.04	227	2300	60525.07	1.8939964	5.2699475	64.21312	0.1990344
15232000	1876.97	490	2300	60588.02	2.3021955	7.226276	102.11535	0.15531881
15248000	1965.59	227	2301	60652.97	2.272241	7.5405374	123.99296	0.19636057
15264000	1900.24	227	2301	60714.94	2.2285745	5.8825192	68.56741	0.2054787
15280000	1745.76	293	2301	60777.55	3.318653	11.988229	146.50961	0.23948446
15296000	1902.28	352	2301	60840.22	4.0458064	13.225639	139.65257	0.21260439
15312000	2025.25	227	2301	60904.36	4.576136	14.619289	124.74573	0.2558923
15328000	2073.96	227	2301	60967.8	3.4201338	12.724508	139.44286	0.14182249
15344000	2065.6	227	2301	61030.22	2.9429348	12.186047	134.9823	0.18793789
15360000	1785.41	227	2301	61094.53	3.251486	11.971326	156.77129	0.116687894
15376000	1820.29	293	2301	61157.82	3.4068613	12.453066	165.27774	0.18784136
15392000	2039.08	223	2301	61219.63	2.9358892	10.9082775	139.89346	0.17755708
15408000	2013.74	223	2301	61284.19	2.6986475	10.318603	167.79619	0.18265691
15424000	2101.14	224	2301	61347.1	2.3053346	7.910093	97.52022	0.1419285
15440000	2138.17	231	2301	61411.74	2.0140119	7.6911116	112.41656	0.18094274
15456000	2062.18	231	2300	61474.77	1.938363	5.3651915	79.73454	0.13477176
15472000	1987.8	231	2300	61538.45	1.4668871	4.4223757	94.31371	0.11888969
15488000	1846.36	347	2299	61603.03	2.1860228	7.4715276	120.189064	0.15505129
15504000	1798.82	242	2301	61666.92	2.5212872	9.301994	131.37811	0.10930386
15520000	1804.84	224	2301	61730.29	2.8952456	8.826103	105.064606	0.16964154
15536000	1951.26	224	2299	61793.58	3.0490592	9.101974	113.73724	0.19858763
15552000	2046.42	231	2300	61856.19	3.5502293	8.882758	80.037476	0.1967366
15568000	2077.78	483	2300	61921.24	3.2221048	9.908445	121.79296	0.18036199
15584000	1991.91	224	2300	61985.38	2.8584557	8.532536	117.234825	0.13751131
15600000	1916.9	224	2301	62047.91	2.1996825	5.745062	83.43952	0.19854462
15616000	1942.19	231	2301	62112.11	2.6090353	7.2630224	95.13969	0.18822163
15632000	1879.62	242	2300	62175.13	1.8933364	6.5664673	144.11723	0.15129837
15648000	2042.63	242	2301	62237.26	2.008324	6.763713	87.61016	0.14071539
15664000	2033.3	231	2301	62302.96	2.234337	8.786161	101.33773	0.11989467
15680000	1853.48	231	2301	62366.36	1.777853	5.806914	81.679146	0.14611542
15696000	1925.28	231	2300	62430.15	2.3854537	7.672169	80.909935	0.13836572
15712000	1985.46	224	2301	62495.59	2.2449875	9.13797	132.41359	0.10625535
15728000	2000.45	224	2301	62560.71	1.7155715	6.457644	98.63751	0.11818216
15744000	2138.05	224	2301	62624.75	1.9184097	7.0862784	94.39814	0.10574097
15760000	2052.67	224	2300	62688.67	1.4036399	4.044633	55.937767	0.12628545
15776000	2057.21	224	2301	62751.15	1.6668645	5.9948516	101.67292	0.11095381
15792000	2060.67	286	2301	62815.84	1.2016693	4.0805354	58.59836	0.08428486
15808000	2055.7	293	2301	62877.99	1.4877208	5.270148	66.26407	0.10398314
15824000	1907.75	224	2301	62940.67	2.181996	9.263019	174.05058	0.09594366
15840000	1797.93	224	2301	63006.3	2.1326914	8.489791	152.18414	0.10901044
15856000	2009.49	293	2301	63068.86	2.0801396	7.656835	138.89542	0.11534299
15872000	2006.4	225	2301	63131.43	1.3504441	3.5702217	35.342434	0.10495713
15888000	1861.1	224	2301	63196.68	2.1529963	7.2818327	143.99075	0.1355256
15904000	1950.42	224	2300	63262.04	2.5463097	8.22529	125.107414	0.16510487
15920000	2002.91	649	2301	63327.64	2.3209743	6.98055	121.12665	0.16675152
15936000	1990.66	242	2301	63390.06	3.0057695	9.003755	110.01862	0.20655236
15952000	2042.06	242	2301	63454.22	2.981772	8.514991	119.07846	0.21954772
15968000	2047.57	224	2301	63520.24	3.374597	10.340821	136.99744	0.13864562
15984000	1981.13	224	2301	63584.77	2.7671685	7.841819	75.10598	0.17730604
16000000	1870.78	242	2301	63647.17	2.5456445	7.5465074	119.02436	0.22184357
16016000	1928.01	231	2301	63710.36	2.5018246	7.2240815	98.341576	0.20172969
16032000	1993.92	225	2301	63774.73	2.2181404	6.6577706	113.682686	0.17520016
16048000	2001.69	225	2301	63836.63	1.8361528	6.250243	111.9147	0.16335766
16064000	2021.5	224	2301	63901.57	2.137281	6.945368	83.61842	0.18179071
16080000	1981.85	224	2301	63964.46	2.5242364	7.688933	89.70087	0.17373139
16096000	2038.12	224	2301	64027.74	2.0797498	6.3130198	91.22154	0.15470916
16112000	2049.3	224	2301	64089.46	2.307337	10.087585	171.23991	0.17775455
16128000	1536.87	224	2301	64152.8	3.4169257	12.623449	117.57253	0.19702652
16144000	1505.65	242	2301	64217.16	4.6561103	14.409894	143.75307	0.17643529
16160000	1863.43	242	2301	64280.24	4.4191403	13.732118	106.41067	0.21397437
16176000	1964.82	231	2301	64343.45	4.679646	12.893069	121.6561	0.19026817
16192000	1822.22	224	2301	64408.75	5.043749	12.792149	124.35588	0.16830197
16208000	1644.49	349	2301	64472.16	4.5847154	10.3684	98.55766	0.21994449
16224000	1754.31	231	2301	64537.27	4.806101	10.829565	105.86561	0.21389759
16240000	1960.01	231	2301	64600.43	3.7627518	8.570498	85.24346	0.21072571
16256000	1892.83	227	2301	64663.99	3.8998609	9.397529	114.288994	0.18550166
16272000	1971.58	227	2301	64727.41	3.6563478	9.728884	167.78377	0.21504313
16288000	2099.55	242	2301	64792.74	3.2580776	10.384333	135.0408	0.16201746
16304000	2093.6	242	2301	64856.98	2.4758418	8.057222	151.93855	0.13098107
16320000	2120.14	227	2301	64919.97	2.0222013	9.85839	162.33176	0.09833297
16336000	2061.11	227	2301	64983.64	1.6317883	7.0449743	126.27771	0.09770563
16352000	1912.3	242	2300	65045.62	1.8899541	7.6289086	115.53897	0.11054243
16368000	1820.31	224	2300	65109.35	1.5057999	6.793825	139.0098	0.14572592
16384000	1924.44	224	2300	65173.27	1.744088	4.8590584	71.73827	0.13645066
16400000	1925.73	218	2301	65235.22	1.4292318	5.097286	124.42914	0.1557877
16416000	1955.88	218	2301	65297.92	1.9522173	8.746707	157.76117	0.12636347
16432000	1658.32	218	2301	65361.09	2.4255679	9.498629	146.90332	0.16161832
16448000	1588.12	218	2301	65424.55	2.943907	11.642168	144.49553	0.14733689
16464000	1549.6	242	2301	65487.46	3.5470948	12.802924	141.7171	0.13592753
16480000	1057.57	293	2301	65552.35	6.8588495	17.31592	147.30986	0.2291591
16496000	1372.07	293	2301	65615.96	7.8041964	17.897236	195.94308	0.21591638
16512000	1900.0	224	2301	65680.27	8.436879	18.093706	203.40706	0.22364023
16528000	1888.98	224	2301	65743.55	8.305996	17.321407	157.32274	0.25326532
16544000	1896.12	218	2301	65808.64	6.5767264	14.180301	149.97144	0.19376457
16560000	1950.8	218	2301	65872.41	7.609682	15.651721	119.61148	0.18557352
16576000	2002.68	218	2301	65938.25	5.069019	13.381531	124.7982	0.20486712
16592000	1679.52	231	2301	66001.89	3.5464563	10.3245945	153.62921	0.1632216
16608000	1589.99	231	2301	66065.84	3.5923479	12.802781	131.04974	0.15389419
16624000	1968.9	224	2301	66129.68	4.9974666	16.052914	169.41455	0.15692194
16640000	1948.31	231	2301	66195.58	3.966228	14.710423	128.33745	0.15662521
16656000	1901.67	231	2301	66258.3	3.5675783	14.155921	159.88309	0.15165797
16672000	2018.04	293	2301	66321.85	4.01992	14.94045	157.36845	0.15925059
16688000	2054.53	293	2301	66383.93	5.6594357	16.830784	155.79533	0.13855791
16704000	2076.96	352	2301	66447.31	2.8622134	10.329568	164.73401	0.15999159
16720000	2069.71	293	2301	66510.86	2.419141	8.717439	114.06935	0.10783521
16736000	2042.41	227	2301	66572.96	2.193843	8.006448	152.8881	0.114461884
16752000	1990.95	231	2301	66636.03	2.1557398	9.063708	156.5759	0.118285276
16768000	1890.48	231	2301	66699.62	1.8494651	7.595213	141.3369	0.116294496
16784000	1575.85	242	2301	66762.13	3.010812	11.1215725	129.24005	0.10807009
16800000	1410.94	242	2301	66826.23	5.757333	17.553951	130.21083	0.14158182
16816000	1793.84	224	2301	66890.17	5.7620482	16.90378	177.74586	0.14057913
16832000	2029.53	224	2301	66953.21	5.09217	13.881168	115.78631	0.11966972
16848000	1968.14	224	2301	67016.72	5.098382	14.939792	104.827644	0.088663474
16864000	1952.29	293	2301	67081.56	6.068871	14.993773	122.84996	0.10773952
16880000	2079.38	293	2301	67143.99	6.1016564	15.3057995	142.30247	0.105044544
16896000	2062.5	242	2301	67207.91	4.4798007	16.066952	196.01411	0.12474871
16912000	1711.65	224	2301	67272.1	3.9666445	14.921498	156.16998	0.1263989
16928000	1319.24	231	2301	67335.72	5.0237412	16.448666	145.75192	0.09055323
16944000	1659.71	293	2301	67398.35	5.5417943	15.619757	154.22205	0.14304528
16960000	1607.29	293	2301	67462.67	5.382969	14.94542	155.73856	0.097067684
16976000	1642.55	293	2300	67526.83	7.204386	15.4541025	157.58255	0.18817805
16992000	1545.74	293	2300	67588.92	8.345282	16.01317	158.70079	0.1601539
17008000	1647.79	231	2300	67653.02	8.895897	17.313787	160.76054	0.1321766
17024000	1906.24	224	2301	67716.96	8.158434	16.808937	174.228	0.17532569
17040000	1912.35	224	2300	67782.13	6.826585	17.112133	205.28345	0.17703512
17056000	1494.42	242	2300	67844.04	5.300975	12.365469	109.92719	0.17397422
17072000	1002.66	293	2300	67907.47	9.802165	22.885479	161.93056	0.21394959
17088000	1427.74	242	2301	67969.54	10.436221	24.018364	184.48096	0.16681114
17104000	1652.22	242	2301	68031.8	9.476398	22.831568	180.54991	0.19798563
17120000	1996.44	231	2301	68095.08	8.928174	20.801252	141.86172	0.17071685
17136000	1998.05	224	2301	68158.81	8.015649	18.44993	156.27493	0.14254291
17152000	2045.17	224	2301	68220.8	7.674583	16.339048	110.03981	0.18562812
17168000	2052.0	224	2301	68283.76	5.927121	14.086541	87.37146	0.14825624
17184000	1993.77	224	2301	68348.23	3.5447001	11.568357	141.8702	0.16075864
17200000	2061.52	293	2301	68411.92	2.2386124	6.741712	90.93582	0.13744485
17216000	2079.97	293	2301	68474.66	2.1371636	6.7471395	103.18729	0.14981773
17232000	1988.88	293	2301	68540.69	1.8741131	6.5091267	113.34818	0.11389071
17248000	2020.97	293	2301	68603.73	2.6017237	7.672207	73.75407	0.1679905
17264000	2048.31	242	2301	68665.97	1.9638659	5.369394	65.628685	0.13708316
17280000	2037.2	242	2301	68729.34	2.3473437	7.544023	82.61578	0.11200202
17296000	2064.46	347	2301	68792.52	1.8589921	5.6672235	82.14936	0.10826258
17312000	1975.43	230	2301	68857.59	1.9306105	6.0194564	119.44792	0.14004987
17328000	1877.67	224	2300	68920.67	1.9978623	6.961098	142.1168	0.11923355
17344000	2013.32	224	2301	68985.12	1.7184854	4.2221518	62.583946	0.13925725
17360000	2136.84	651	2301	69048.67	1.8672776	6.085341	102.58971	0.12867321
17376000	2136.41	490	2301	69112.03	1.4987999	6.186794	148.03825	0.13131437
17392000	2151.34	347	2301	69176.48	1.6736357	5.8436575	88.99413	0.13058141
17408000	2025.3	225	2301	69240.0	1.5892539	6.0053697	84.051285	0.09405263
17424000	1932.23	224	2301	69302.54	1.532237	5.2250924	80.93852	0.12603839
17440000	1889.35	224	2301	69364.73	1.6456616	5.905068	103.52615	0.10347608
17456000	1955.73	242	2301	69427.22	2.2780192	10.338404	200.35344	0.14560808
17472000	1967.71	224	2301	69490.38	2.200495	8.08729	199.44481	0.11645392
17488000	1855.93	224	2301	69552.21	2.1904457	6.0455537	71.48267	0.14501664
17504000	1924.3	348	2301	69615.67	2.1954544	7.6274633	158.79514	0.14274943
17520000	2064.4	490	2301	69680.07	2.2821987	7.6306977	132.93103	0.16499388
17536000	2026.78	490	2301	69744.36	2.0563684	6.626005	106.728226	0.15998778
17552000	2077.9	490	2301	69807.74	1.6057674	4.762806	83.783554	0.12467749
17568000	1979.74	225	2301	69872.09	1.3962483	4.622823	99.55831	0.15423156
17584000	1893.94	225	2301	69935.19	1.6681372	4.9024434	76.27045	0.15548772
17600000	1905.67	225	2301	69998.0	1.4597358	4.683508	94.94857	0.10525158
17616000	1949.5	231	2301	70059.8	1.4477122	4.5427117	68.23482	0.12573811
17632000	2005.69	231	2301	70121.48	1.6814373	5.3551693	88.710724	0.13059285
17648000	2012.26	348	2301	70185.71	2.005046	7.3689947	158.5617	0.15472445
17664000	2007.77	293	2301	70250.59	1.9784017	7.1717978	138.88647	0.16605592
17680000	2005.93	235	2301	70313.4	1.5088035	5.3096137	135.24623	0.14228086
17696000	2084.55	224	2301	70378.06	1.3350763	5.7417965	145.03719	0.12734485
17712000	1933.24	224	2301	70441.61	1.8769797	7.159355	104.87862	0.13451697
17728000	1734.69	245	2301	70504.24	2.693764	8.592102	126.04435	0.15183273
17744000	1752.34	245	2301	70566.24	2.6987164	8.394291	137.2257	0.118184835
17760000	1872.65	230	2301	70631.23	2.9708447	8.429493	128.0413	0.16473466
17776000	1945.01	293	2301	70695.1	2.843397	7.0912247	65.97389	0.16359721
17792000	1942.23	231	2301	70759.39	2.798745	7.4342456	121.1082	0.14365521
17808000	1953.08	231	2301	70824.88	3.492221	10.082011	153.65541	0.12542382
17824000	1959.44	286	2301	70887.48	3.5537636	10.729869	161.04002	0.200059
17840000	1986.08	230	2301	70950.01	2.499993	8.308894	153.35846	0.14143251
17856000	1983.87	230	2301	71013.25	2.9726367	10.909646	159.08736	0.15107663
17872000	2052.49	230	2301	71076.75	1.8543898	6.891433	158.42235	0.12790143
17888000	2086.97	245	2301	71139.56	1.8115205	4.692427	47.256145	0.08791128
17904000	1922.96	231	2301	71201.44	2.1353285	7.5594206	152.11339	0.12131036
17920000	1823.14	231	2301	71265.43	2.0873828	5.6620045	56.793083	0.13938364
17936000	1885.53	350	2301	71328.54	1.9250182	5.086788	50.862255	0.13307638
17952000	1862.72	227	2301	71391.67	2.2699487	7.570622	114.5954	0.15481856
17968000	1580.92	227	2301	71455.33	3.0723784	11.193857	151.20915	0.17471269
17984000	1689.6	231	2301	71518.06	3.3991778	12.353218	136.31865	0.13957617
18000000	2044.08	227	2301	71580.4	4.0758843	13.26531	133.51476	0.15684254
18016000	1968.14	225	2301	71643.45	3.9404182	13.246675	187.84074	0.11067719
18032000	1962.28	225	2301	71706.34	4.059247	13.908365	158.88287	0.18158126
18048000	1994.36	224	2301	71769.54	3.4993412	12.0733595	118.59892	0.15462294
18064000	1955.02	224	2301	71834.46	2.3807368	8.124553	93.05795	0.14907116
18080000	1887.35	231	2301	71897.06	1.9581976	6.8458004	121.36618	0.132088
18096000	1901.32	224	2301	71961.54	2.3424854	7.3465333	121.39384	0.13925615
18112000	1803.62	227	2301	72027.71	2.3404193	6.8303733	141.02737	0.12251306
18128000	1807.46	227	2301	72090.84	2.2354496	4.5499372	45.99484	0.14522938
18144000	1930.75	231	2301	72154.15	2.8631968	6.454599	119.89953	0.17436856
18160000	1942.01	231	2301	72216.98	2.6368008	5.670425	103.06284	0.15440956
18176000	1937.83	293	2301	72279.48	3.3560162	7.7742577	107.16486	0.16225496
18192000	1909.44	293	2301	72341.43	3.100139	8.7520275	112.97655	0.18478262
18208000	1833.61	227	2301	72403.94	3.2748983	7.438998	83.686775	0.16578917
18224000	1661.07	227	2301	72466.53	3.7981968	11.68594	112.28922	0.14663106
18240000	1805.06	352	2301	72529.41	4.9364824	14.594441	105.658806	0.21866918
18256000	1734.23	224	2300	72592.55	4.742276	12.587655	157.4416	0.18629122
18272000	1836.28	224	2301	72656.13	5.039242	14.320255	189.9281	0.19483227
18288000	2102.05	293	2301	72722.36	4.4216976	9.93046	117.47929	0.2149168
18304000	2012.59	224	2301	72784.83	3.8804119	11.501539	154.11014	0.17641145
18320000	1795.84	235	2301	72848.62	4.575676	12.892109	152.69183	0.19352847
18336000	1648.85	224	2301	72911.82	4.6071696	12.10384	107.14808	0.17929426
18352000	1280.54	224	2300	72975.43	6.696711	14.273239	129.51135	0.2141859
18368000	1427.98	227	2300	73036.66	6.852213	15.002596	114.099915	0.24487653
18384000	1746.79	293	2301	73099.56	6.225442	15.721123	143.42395	0.19421819
18400000	1768.7	224	2301	73163.61	6.9941745	16.49501	133.98613	0.22116067
18416000	1208.81	224	2301	73226.97	7.9880958	17.601017	154.77344	0.18228295
18432000	825.67	224	2301	73290.27	12.411938	24.85651	217.72717	0.30685896
18448000	1025.36	218	2301	73352.47	14.521287	23.210789	160.9971	0.28222185
18464000	1412.7	293	2301	73414.25	13.507852	22.276138	146.7331	0.23965076
18480000	1574.65	352	2300	73477.88	15.900693	26.214539	269.30978	0.23801999
18496000	1628.51	350	2301	73543.45	13.424231	22.578089	154.90736	0.2637394
18512000	1744.94	497	2301	73605.74	12.769507	21.663422	176.9329	0.26675582
18528000	1682.97	231	2301	73672.57	9.418086	16.700207	141.10681	0.2776621
18544000	1696.52	224	2301	73737.17	7.79667	15.862082	134.00468	0.18503937
18560000	1614.44	293	2300	73799.69	7.3611827	15.585195	150.22974	0.23365909
18576000	1701.15	293	2301	73862.91	7.429543	16.694586	144.42857	0.3174979
18592000	1639.94	231	2300	73925.96	5.649689	11.803637	128.95862	0.27451926
18608000	1816.24	231	2300	73988.57	6.6586795	14.125881	155.0279	0.31015742
18624000	1934.21	224	2300	74052.74	5.722582	11.639646	102.24866	0.36732876
18640000	1793.08	224	2301	74115.95	5.507927	13.146542	148.23434	0.3070083
18656000	1633.22	224	2301	74179.09	5.5920887	12.3634405	137.2265	0.3141492
18672000	1577.88	224	2300	74245.54	5.6499963	11.688931	140.02632	0.30472896
18688000	1694.92	231	2300	74309.22	5.227578	11.355178	154.00589	0.32008183
18704000	1711.76	224	2300	74371.78	6.227368	13.206929	140.61497	0.25044733
18720000	1804.62	224	2300	74434.97	5.7935205	12.909657	143.97151	0.28164184
18736000	1868.48	231	2300	74499.59	5.6140532	13.902346	168.62386	0.27930808
18752000	1807.83	231	2300	74564.08	5.6782603	13.297071	121.456406	0.2765754
18768000	1785.56	227	2301	74627.94	4.836868	13.718548	149.89673	0.19134834
18784000	1880.81	227	2300	74689.9	4.7769656	13.746525	143.38174	0.21607697
18800000	1592.2	227	2300	74752.68	5.4411955	14.588885	151.9829	0.2618488
18816000	1586.52	227	2301	74814.05	5.1819696	12.216709	94.498604	0.21376443
18832000	1682.79	497	2301	74877.87	6.055808	13.977471	146.33809	0.2552415
18848000	1698.71	224	2301	74942.92	5.5430703	15.46935	138.61461	0.26742843
18864000	1634.18	224	2301	75006.61	6.349099	14.509484	109.915886	0.3188705
18880000	1740.04	224	2301	75069.92	4.7646775	12.007527	126.407745	0.28291273
18896000	1628.58	224	2301	75133.86	4.8653274	12.3376045	109.93086	0.20421673
18912000	1513.67	231	2301	75195.33	4.518538	11.12165	106.927956	0.27296507
18928000	618.05	230	2301	75259.34	8.308824	18.574455	152.25876	0.31642914
18944000	1030.67	230	2300	75322.41	9.70983	20.961575	184.40198	0.32177073
18960000	1244.08	238	2301	75386.48	11.600185	22.261139	208.69563	0.32582223
18976000	1059.48	224	2301	75449.21	13.012291	22.850147	160.49716	0.31105956
18992000	936.46	227	2301	75513.91	13.419443	22.16392	162.35083	0.1814192
19008000	1617.76	223	2301	75577.91	13.327213	20.013477	144.34198	0.34952253
19024000	1733.2	223	2301	75640.25	11.730074	19.64516	152.82321	0.4466523
19040000	1355.23	227	2301	75705.63	9.758899	17.377264	130.1795	0.46186924
19056000	1368.96	227	2301	75767.91	9.147649	16.986626	154.4072	0.40820742
19072000	1496.37	227	2301	75830.24	8.556117	17.816797	130.56006	0.23486291
19088000	1420.1	227	2301	75893.14	9.930931	20.396942	179.1066	0.47514594
19104000	829.28	227	2301	75954.86	9.390202	18.832047	188.54675	0.36745608
19120000	915.23	230	2301	76020.09	12.655193	21.11929	164.94493	0.4312759
19136000	1525.2	350	2301	76083.5	12.863934	19.83325	161.45938	0.34088582
19152000	870.34	224	2301	76149.45	12.646796	22.399506	228.25385	0.39494556
19168000	620.42	224	2301	76212.68	16.957815	25.742659	165.64471	0.37540227
19184000	1201.16	293	2301	76278.78	17.24193	26.64657	223.31448	0.33496583
19200000	816.12	293	2301	76343.37	17.145878	24.161016	140.58948	0.28594697
19216000	1210.1	293	2301	76405.45	16.854898	24.641382	148.0541	0.28536993
19232000	1007.87	224	2301	76469.43	16.327097	25.091322	165.07834	0.2388078
19248000	1407.46	224	2301	76531.29	15.633804	23.166931	137.78416	0.20183
19264000	1898.17	224	2301	76595.58	16.348412	24.18652	166.22742	0.28956357
19280000	2034.53	224	2301	76661.25	12.200793	19.454727	145.62045	0.24079514
19296000	1893.19	224	2301	76725.13	10.413534	15.835679	104.918144	0.25795296
19312000	1662.26	224	2301	76789.91	8.717838	16.610403	187.16237	0.3292364
19328000	1838.75	293	2301	76856.08	7.531722	12.950493	90.23296	0.36479926
19344000	1965.52	349	2301	76924.17	3.2263193	7.255633	66.26089	0.2635696
19360000	1825.46	245	2301	76987.17	2.8410401	6.543281	71.61423	0.20381878
19376000	1822.88	230	2301	77049.98	3.254039	7.769708	82.81307	0.24448563
19392000	1928.8	227	2301	77116.0	3.8188381	9.942499	99.24564	0.22764713
19408000	1824.51	227	2301	77180.63	3.1733124	8.093402	100.22314	0.22737066
19424000	1921.28	224	2301	77244.22	3.6769438	10.348301	117.44265	0.19059923
19440000	1988.84	224	2301	77310.6	2.9475682	7.2899327	77.28087	0.21624957
19456000	2078.55	293	2301	77373.77	2.7540112	8.072284	107.789444	0.22042465
19472000	2129.07	230	2301	77438.28	3.1011875	8.789124	140.53967	0.21262111
19488000	2053.85	230	2301	77501.35	2.2023711	5.8932896	110.54801	0.13342607
19504000	1967.29	227	2301	77566.07	1.8436127	4.197876	58.48673	0.22323158
19520000	2073.24	227	2301	77631.58	1.7972361	3.970625	42.938038	0.13540465
19536000	2121.48	224	2301	77697.49	1.581885	4.9417014	97.29647	0.14678434
19552000	2050.55	224	2301	77763.5	1.5767397	4.5450306	69.95964	0.12008303
19568000	2093.62	293	2301	77827.74	1.4641353	4.0666075	49.987057	0.11805631
19584000	2040.52	293	2301	77892.54	1.2615274	4.5666084	107.55774	0.09621449
19600000	2001.89	224	2301	77956.91	1.1583911	3.8485074	68.89513	0.09669674
19616000	1945.38	224	2301	78021.63	1.8889263	9.804586	160.30882	0.09049328
19632000	1870.44	245	2301	78087.66	1.1876329	4.1463447	63.565506	0.07632501
19648000	1816.81	245	2300	78152.75	2.3341267	10.301373	156.00966	0.14572683
19664000	1948.24	293	2301	78218.29	2.2878613	9.487704	158.26	0.11738269
19680000	1901.59	293	2301	78282.49	3.268591	12.079634	150.89359	0.17410548
19696000	1630.16	293	2301	78345.02	4.4692364	16.96887	220.57298	0.18214661
19712000	1485.86	224	2301	78408.66	4.75168	14.698351	155.86717	0.17978431
19728000	1680.66	224	2301	78472.03	5.116925	13.887591	161.73662	0.17970617
19744000	1548.11	224	2301	78537.67	5.7124553	14.744969	154.44717	0.16811788
19760000	1018.71	224	2301	78605.74	7.3723617	17.897068	168.71335	0.19472605
19776000	1178.44	242	2301	78675.22	11.177531	22.3501	158.64697	0.26086557
19792000	1269.28	227	2301	78744.27	12.063002	23.775713	231.42836	0.18696189
19808000	891.54	227	2300	78815.63	13.716948	24.707037	193.36919	0.23072818
19824000	1328.22	227	2301	78885.27	14.7140045	24.229828	145.84863	0.28037256
19840000	1520.62	293	2301	78954.22	14.389008	23.848492	205.87726	0.20650913
19856000	1163.43	231	2301	79026.13	14.499895	23.748604	157.8011	0.1780187
19872000	1275.91	293	2301	79096.96	12.35516	21.506178	140.77046	0.16877103
19888000	1379.36	230	2301	79166.56	12.006535	22.438416	174.14465	0.21164307
19904000	1068.41	224	2300	79239.79	11.585286	21.516483	156.56592	0.12549016
19920000	1407.32	242	2300	79311.08	11.374126	19.939617	170.43134	0.14616477
19936000	1100.09	227	2300	79384.7	14.4096365	24.687895	201.86295	0.19112642
19952000	1565.18	224	2300	79457.01	12.464825	23.003202	177.15388	0.18688962
19968000	1555.96	224	2300	79529.05	13.476354	24.875063	212.53845	0.17971104
19984000	1115.29	230	2301	79602.19	11.953664	22.723726	214.69315	0.16708225
20000000	1630.68	293	2301	79674.42	12.916101	24.044468	179.4449	0.19377863
