TotalEnvInteracts	AverageEpRet	MinEpRet	MaxEpRet	time	Averagemean_Q	Stdmean_Q	Maxmean_Q	Minmean_Q	Averageloss	Stdloss	Maxloss	Minloss
32000	470.95	108	1037	58.14	2.056337	0.85027575	4.731524	0.7252269	0.37848487	0.24269134	1.7859895	0.065589264
64000	399.12	105	1202	120.83	5.4093356	1.3232985	9.199086	1.8821766	1.5000373	0.8798553	6.1036925	0.29854238
96000	408.25	111	1215	182.03	8.90114	1.4672552	13.928844	4.8152485	2.975205	1.5510951	10.023567	0.6071895
128000	453.24	111	1029	243.45	12.053099	1.6197356	17.466305	6.632276	4.827465	2.6452093	24.298698	1.0238857
160000	395.58	111	1029	305.05	15.354527	1.7489595	21.1161	10.299009	6.2076325	3.4366124	27.37713	1.1341195
192000	404.74	113	999	365.93	18.850248	1.9019285	24.72043	12.934999	7.2142982	4.1796412	29.160286	1.0875397
224000	280.32	111	1005	426.15	22.175598	1.7373794	26.71128	17.328394	8.0416355	4.837406	36.404488	1.4115548
256000	351.61	105	1019	486.49	25.061247	1.4601057	29.193562	19.814308	8.863918	5.2275968	39.43371	1.6620808
288000	416.34	113	1077	547.08	26.516298	1.3064644	30.923271	22.452908	7.9257665	4.7021284	30.851746	1.3430731
320000	572.37	120	1000	607.09	27.843174	1.3228155	31.451035	23.54493	6.95152	4.8058677	36.202156	1.1934047
352000	577.2	120	836	666.84	29.262367	1.3883774	33.608467	24.944313	6.274419	4.317542	30.958302	1.4690429
384000	628.82	194	996	726.59	30.748356	1.4065297	34.791725	24.965168	5.679095	4.53618	35.386932	1.176248
416000	569.56	120	840	786.38	32.025085	1.3157226	36.612335	27.246466	4.486535	3.5377867	30.550426	0.84275794
448000	570.56	120	865	845.89	32.68094	1.3421012	36.54165	28.044727	4.3703165	3.4551377	28.21225	0.68034905
480000	559.45	120	1075	905.32	32.95839	1.2113062	36.757515	29.477432	4.4887342	3.321638	27.096361	0.70824116
512000	580.79	120	807	965.07	32.10807	1.3628007	36.467148	27.518316	4.427587	3.0059435	22.970785	0.71026003
544000	620.22	120	1422	1025.03	31.371223	1.3342699	35.67112	27.285152	4.258954	3.0031822	24.816587	0.52705586
576000	608.61	120	1202	1084.7	30.450008	1.2952567	34.928066	26.52284	3.8862314	2.7777927	26.52851	0.40479857
608000	536.15	120	1202	1144.34	29.413946	1.3094828	33.333176	25.211231	3.819285	2.62493	17.893024	0.48782703
640000	561.39	120	877	1203.7	28.498262	1.4027042	32.414864	24.024723	3.6015081	2.5284238	20.694733	0.44582522
672000	576.55	120	1097	1262.99	26.944786	1.4354498	32.92433	21.662292	3.7609951	3.047718	28.743511	0.35692698
704000	540.92	120	794	1322.38	25.181597	1.4425445	29.78832	20.564669	3.7806065	3.4834185	20.469154	0.31713936
736000	564.95	329	797	1381.94	23.470781	1.2703128	27.40533	19.097977	3.543671	3.421703	24.136543	0.2327933
768000	610.52	433	802	1441.75	23.239086	1.2701148	27.623474	18.546036	3.6597316	3.6380486	20.800865	0.31421125
800000	579.84	194	844	1501.18	23.327785	1.3490075	28.941803	19.799957	3.5317097	3.510125	24.133417	0.28293207
832000	571.44	194	780	1560.63	22.662437	1.4690447	27.257032	17.420944	3.8660746	3.8398964	26.462692	0.29365346
864000	534.86	120	709	1620.23	20.980728	1.5362965	26.141052	15.907646	4.210864	4.4407716	27.58443	0.3625942
896000	613.87	120	1155	1679.75	19.848167	1.5910103	25.571373	14.988569	3.888848	4.491914	32.369377	0.27804148
928000	440.97	120	849	1739.11	18.416914	1.58899	24.507717	13.309448	3.8843565	4.5314736	23.342867	0.24790196
960000	621.07	120	1055	1798.55	20.307047	1.7805914	25.58279	14.646913	4.451616	5.347482	34.91474	0.2840293
992000	531.33	120	807	1857.93	21.029692	1.5993916	25.769194	15.238502	3.9253926	5.0958295	31.153543	0.3151946
1024000	619.94	391	808	1917.28	22.50717	1.8878595	28.20713	16.336731	3.857638	4.956479	47.83081	0.30805436
1056000	658.17	120	797	1976.91	23.271814	1.8953011	29.3652	17.155615	3.5669346	3.8375535	32.64739	0.32890624
1088000	709.98	120	841	2036.64	25.307774	2.020536	32.522453	18.044895	4.0071383	4.5800066	42.06501	0.24377558
1120000	687.85	120	848	2096.69	25.988216	2.1598907	33.186256	20.06953	4.1411777	4.975385	33.24862	0.33484983
1152000	731.42	516	883	2156.39	26.859821	2.2094436	35.00667	19.195637	3.4747748	4.2070894	27.17599	0.20129004
1184000	669.09	120	1024	2215.8	28.643608	2.178783	36.139786	20.448214	2.9392364	3.9744084	30.236828	0.26891315
1216000	686.37	120	851	2275.79	31.399332	2.272074	39.830063	24.61997	3.3768232	5.126155	41.372787	0.29649925
1248000	722.08	120	871	2335.21	33.00175	2.0553188	38.97547	26.601833	3.1952643	4.6405196	30.602003	0.29690498
1280000	741.25	120	883	2395.2	32.570732	2.1130853	39.33525	26.546791	3.5926318	5.1929693	40.112106	0.36405957
1312000	776.58	120	807	2455.21	33.046898	2.1165648	39.965107	26.754261	3.2542768	4.0870576	28.166386	0.28618994
1344000	790.44	702	867	2515.34	33.421623	2.3342834	41.72528	27.25454	2.1723433	2.8287125	23.826712	0.26346666
1376000	784.51	588	869	2576.09	35.7893	2.463748	44.16846	27.674232	1.801459	3.236332	26.669245	0.12698187
1408000	765.03	120	807	2635.66	37.578705	2.3418443	44.734062	29.031586	0.99842525	2.2657018	31.596512	0.09317665
1440000	749.13	120	1083	2694.5	38.157978	2.3793864	44.915485	30.139944	1.6869472	2.8989074	29.152327	0.113441855
1472000	804.9	387	1229	2753.26	38.39571	2.411447	47.191612	28.624401	3.1336372	3.5287755	27.19625	0.20934616
1504000	801.49	697	1217	2811.97	37.2519	2.4398203	45.523445	29.59285	4.095503	3.9960475	29.487984	0.46016783
1536000	805.01	386	1227	2870.63	36.683243	2.2220008	43.305748	29.706648	4.511704	4.547175	32.51699	0.31838843
1568000	797.09	406	884	2929.4	37.0261	2.122721	42.74981	30.330063	3.826121	4.240129	35.171967	0.29814908
1600000	772.1	120	880	2987.59	37.84735	2.084183	44.409332	31.17591	3.6182728	4.449898	41.511086	0.22930379
1632000	807.88	784	1225	3046.44	38.230125	2.0125842	43.89818	31.31697	3.2477179	4.1217265	39.463783	0.19670302
1664000	827.2	789	1221	3105.15	38.68656	1.9947873	44.607536	31.18019	2.8810582	3.2971244	28.253693	0.16486636
1696000	804.82	763	1216	3163.68	39.216537	2.1058986	45.273407	32.12416	2.6410997	3.284833	30.569094	0.112876356
1728000	795.61	120	1221	3222.21	39.465508	2.0813189	46.33029	33.00511	2.085633	2.955258	25.311127	0.06829082
1760000	803.2	120	1157	3281.15	39.52025	2.239353	47.334236	33.422653	1.9838071	3.2993658	27.219322	0.049386486
1792000	822.07	589	1211	3340.17	38.89518	2.2864246	46.020897	30.801064	3.476753	5.156674	33.538376	0.09164238
1824000	807.75	120	1221	3398.39	37.41603	2.3703482	45.4354	29.790474	4.3645234	6.2843266	36.122192	0.10813792
1856000	808.15	120	1214	3457.27	35.983116	2.169128	42.29725	29.625786	4.955377	7.297178	54.761063	0.16490151
1888000	806.88	757	1217	3516.23	35.7624	2.0853589	41.558483	29.362785	5.2155275	7.7381077	49.79597	0.18957433
1920000	836.73	120	1227	3574.59	36.46551	2.1375928	42.942028	30.751875	5.2273273	7.47178	57.080303	0.16251937
1952000	822.7	120	1106	3633.13	35.965706	2.1804037	44.389977	28.770771	4.5326123	6.842936	47.038177	0.19837159
1984000	784.91	373	1217	3692.33	34.323616	2.277396	41.466198	26.336693	3.2491646	5.1044874	33.21366	0.21162412
2016000	786.62	701	1020	3750.91	33.76441	2.4950242	43.43307	26.419939	4.181666	6.423709	44.254158	0.21442546
2048000	780.32	120	1643	3809.3	34.46129	2.3632622	42.555466	27.984924	4.4590936	6.884647	64.53308	0.19234543
2080000	791.83	318	1437	3868.16	35.034306	2.3095632	43.664577	26.677649	4.378115	7.2595205	55.02366	0.23104855
2112000	793.42	588	1226	3926.54	33.299965	2.373851	42.807747	26.966599	3.9644113	6.2841973	35.52613	0.2999422
2144000	799.67	523	1433	3985.5	34.067657	2.5525885	42.51689	26.53875	3.5844414	6.2128425	45.382706	0.27008525
2176000	797.37	133	1524	4044.36	34.593307	2.5501237	42.9998	26.816715	3.5710082	5.7921166	35.112362	0.286829
2208000	814.88	120	1583	4103.1	35.074562	2.5141957	43.791016	26.568058	4.685398	6.7484283	49.84628	0.2779888
2240000	873.31	120	1529	4161.52	34.765125	2.3436666	42.16339	27.46267	5.768052	7.4191337	47.165115	0.28803053
2272000	807.84	360	1531	4220.4	35.59003	2.341757	43.599274	29.003407	6.317412	8.182489	53.135666	0.47805813
2304000	812.73	366	1531	4279.01	36.748875	2.3094864	44.156433	28.650347	6.108989	6.975767	40.586193	0.35882914
2336000	946.88	782	1541	4337.78	36.576843	2.2383056	44.20998	28.470829	5.174569	6.0560274	44.27801	0.31143928
2368000	883.28	120	1536	4396.82	36.543594	2.2080033	43.66385	29.524702	5.645478	6.2425365	42.744614	0.33746412
2400000	833.02	120	1531	4456.18	35.345493	2.3915167	41.759804	27.164295	5.501758	6.0054636	44.033592	0.39341357
2432000	799.42	120	1744	4515.27	33.426907	2.6398973	42.069466	24.556833	5.181272	5.0975437	41.1754	0.5266156
2464000	904.35	120	1688	4574.3	29.414371	2.9695446	38.83673	19.85643	4.2991414	4.882473	43.915836	0.40389216
2496000	845.93	581	1620	4632.49	27.409649	2.8033602	36.74076	18.952335	4.180075	4.831476	54.70324	0.40277526
2528000	944.67	673	2155	4691.37	29.291538	3.1719422	39.555904	18.612696	3.662361	4.910245	57.68969	0.32873002
2560000	866.48	744	1837	4750.15	34.713665	3.212333	43.95497	23.592728	4.4539423	5.8777914	73.286255	0.48823804
2592000	917.43	120	2193	4809.46	38.594814	2.6725945	46.461807	28.791462	4.891505	6.139128	47.368816	0.46651942
2624000	915.36	120	1825	4868.76	39.91735	2.6334872	47.757378	30.515951	6.1924367	7.8741765	67.14994	0.62681854
2656000	944.61	120	1675	4927.68	40.026398	2.75712	47.993774	29.382338	6.5569687	7.7169967	77.59054	0.6804713
2688000	977.68	394	1823	4986.51	39.477673	2.9713948	47.580566	29.465576	6.7438803	7.347682	63.385494	0.68762106
2720000	991.45	120	2025	5045.79	39.72865	3.0448077	48.22804	31.297947	5.828768	6.5270367	78.115944	0.71976876
2752000	872.35	194	1809	5104.45	41.68203	2.8893676	50.30256	31.863327	5.0748043	5.901346	60.464157	0.71607256
2784000	819.44	571	1701	5163.27	44.22174	2.8656614	51.719154	34.684105	5.098817	5.703028	58.879734	0.86352676
2816000	894.45	120	1822	5221.95	47.487206	2.5553617	54.951767	39.13895	5.208705	5.0949984	41.721455	0.88486254
2848000	1014.23	120	1836	5281.36	47.697845	2.3479009	54.959	38.001923	5.3833213	5.0595074	45.049744	0.86181545
2880000	984.03	587	2415	5340.49	48.107224	2.386929	55.140602	39.60499	5.8985825	5.830763	43.425068	0.95427966
2912000	970.18	354	2134	5399.06	46.9909	2.5052195	54.748646	39.449013	5.9268174	5.205288	40.31108	0.9840604
2944000	1002.82	120	2205	5458.31	46.1171	2.3266506	52.705723	38.39523	5.975083	5.639494	53.005604	1.0287126
2976000	827.39	120	1833	5517.4	45.36888	2.2826421	52.659325	38.717903	6.7173867	7.2079606	45.233322	0.86655533
3008000	959.71	588	2024	5577.09	45.62912	2.350044	53.106888	36.899315	5.7171946	6.3619094	44.293716	0.8028576
3040000	938.79	588	2156	5635.91	47.165195	2.507927	54.31507	38.68749	4.641171	5.3426557	44.54139	0.630059
3072000	864.58	523	2128	5694.4	46.694965	2.8014219	54.502625	37.485123	3.5675175	4.1790004	43.25798	0.61076236
3104000	939.63	589	2417	5752.61	44.90482	3.075703	53.452602	34.745483	3.5082986	4.257557	49.847557	0.46497047
3136000	850.58	194	2339	5811.07	42.857944	3.0698905	51.179344	31.425447	3.7167299	3.8626819	52.22827	0.5958196
3168000	1136.77	776	2414	5869.53	42.731567	2.9092867	51.961395	33.086246	5.441626	5.7242103	59.23117	0.6721803
3200000	1126.45	120	2400	5928.25	44.767174	2.7263236	53.657196	34.640095	6.624584	6.380695	50.40373	0.8218671
3232000	1174.4	586	2135	5986.92	47.686478	2.383483	55.190563	37.423985	7.272733	7.3002667	84.6454	1.0655582
3264000	1169.55	120	2145	6046.04	48.626083	2.0285227	55.238167	42.48269	6.8821154	6.829155	62.082912	1.0547507
3296000	1048.78	120	2182	6104.99	48.9532	2.0292068	54.355846	42.372627	7.099027	6.666298	74.46921	0.9720561
3328000	1187.37	194	2349	6163.7	49.21593	2.071303	54.728157	42.905827	7.570462	7.3251853	64.92052	0.8770626
3360000	1101.52	771	2330	6222.71	50.52485	2.0461876	58.030396	43.191544	7.380583	7.3925433	69.425	0.8609941
3392000	1249.3	715	2415	6281.56	50.40371	2.118262	57.69493	42.503227	6.8645844	6.9449306	68.548416	1.1011747
3424000	1064.35	133	2396	6340.84	50.918976	2.3377664	58.513966	43.087532	6.6590652	7.0965176	70.352905	1.0856992
3456000	1448.49	120	2389	6399.87	52.79496	2.2894506	60.02809	45.12679	6.793324	7.166792	85.36001	1.2525622
3488000	1238.99	120	2194	6459.01	53.60011	2.3220246	60.73089	45.828323	8.508726	10.110888	92.587395	1.313681
3520000	1414.18	194	2408	6517.82	53.886585	2.3538682	61.828682	46.50986	8.00307	8.9369955	92.792206	1.3793057
3552000	1505.5	571	2408	6577.49	52.62803	2.4753957	59.85939	43.14501	8.128106	8.769437	74.20884	1.3430941
3584000	1493.66	406	2315	6636.65	50.896675	2.6202438	58.27316	42.813522	6.9305587	7.7305536	73.92918	1.1595684
3616000	1486.69	571	2412	6696.66	47.92111	2.7940912	56.263466	39.720684	5.531468	5.8025346	74.23222	0.814132
3648000	1301.09	120	2198	6755.22	45.848946	2.9907007	57.003376	36.305958	5.535917	4.9254646	52.982853	1.031856
3680000	1453.9	523	2419	6814.51	45.044327	3.2305732	55.51627	34.573635	5.7098403	5.2917056	51.133755	0.9870885
3712000	1602.78	397	2724	6873.71	45.245544	3.3187869	57.288532	32.124466	6.4009867	6.5977926	87.406876	1.0773659
3744000	1408.02	732	2219	6932.84	46.076412	3.4206085	56.906765	33.970257	6.0501432	6.4102845	83.8792	1.1045997
3776000	1475.49	120	2219	6992.3	47.265373	3.365431	58.631123	33.531483	6.3978915	6.379306	90.59114	1.2173251
3808000	1494.24	523	2631	7052.09	48.8812	3.2996511	58.44901	38.761513	7.2474637	7.0608845	97.6251	1.1638411
3840000	1516.63	717	2801	7114.09	51.653744	3.2200372	60.294994	41.30856	7.1350527	6.940418	73.14924	0.82998335
3872000	1441.82	120	2774	7174.05	53.376015	3.2270987	61.87803	42.9003	6.500316	5.5579424	72.64293	1.1651232
3904000	1424.17	394	2785	7236.59	55.850502	2.984332	64.591125	46.191673	6.4582844	6.097867	68.659584	1.2322137
3936000	1509.42	120	2204	7300.93	56.9115	2.819656	64.14691	47.422436	6.900715	6.2597566	60.635998	1.4940305
3968000	1479.05	120	2781	7364.3	58.544273	2.9269955	67.945656	49.700653	7.9007883	7.807605	77.29167	1.4409604
4000000	1614.78	397	2760	7427.29	61.02657	2.5987632	68.42274	50.187035	8.263355	8.750068	80.85183	1.3469241
4032000	1286.19	391	2347	7490.31	61.863636	2.5286863	68.272415	53.565582	8.127504	9.432761	100.00128	1.3238387
4064000	1495.87	389	2345	7550.79	61.704597	2.5863519	69.794106	53.206116	8.096712	10.029455	100.054	1.2694639
4096000	1684.26	194	2206	7612.09	60.55096	2.5820422	67.23457	53.85553	7.7787685	9.666252	89.48119	0.8806537
4128000	1617.66	579	2250	7672.54	59.255886	2.86914	66.560165	48.668625	7.819626	10.011074	92.37042	1.0407226
4160000	1624.71	523	2206	7733.38	58.35439	2.9839678	66.68091	46.77253	8.08575	9.6588745	76.53078	1.0435143
4192000	1700.46	120	2565	7793.71	58.37743	3.0690634	67.34305	48.4151	6.879627	9.1416025	93.31304	1.3347598
4224000	1595.4	577	2350	7854.1	59.712593	3.067535	69.11515	50.512283	6.1146727	6.538645	74.04215	1.1364484
4256000	1570.49	120	2195	7914.43	61.283596	2.8165042	68.1319	53.089268	6.888543	8.438762	112.577965	1.2055273
4288000	1620.05	397	2782	7975.61	62.69699	2.7536094	69.73695	52.891273	7.014336	7.941622	127.72018	0.96929455
4320000	1583.24	771	2661	8035.49	63.568806	2.7129211	71.592896	53.580757	8.05598	11.207773	128.08589	0.9593904
4352000	1656.68	586	2763	8094.91	63.27727	2.7150605	72.0529	51.457615	7.9280634	8.436409	108.35277	1.1878985
4384000	1769.66	574	2758	8154.72	63.051746	2.86379	71.79359	54.478855	6.906824	8.997465	111.124054	0.94716114
4416000	1571.44	120	2336	8215.0	63.545216	2.814788	71.8674	54.915874	6.8304152	9.886014	118.72779	1.0296918
4448000	1318.51	120	2763	8276.13	64.11041	2.8460813	71.97782	54.81481	6.610866	10.058062	127.09469	0.9855573
4480000	1561.8	383	2777	8337.05	63.8764	2.9216218	71.5468	54.538605	7.4977255	10.356831	175.41476	1.1120028
4512000	1660.16	710	2777	8397.83	62.098804	3.0639484	70.762314	52.06211	8.291475	11.406543	138.29825	0.8419184
4544000	1428.73	576	2342	8458.52	61.447006	2.9626563	71.62186	49.217056	8.186933	8.615938	87.35398	1.0604339
4576000	1281.61	654	2778	8519.15	61.585884	2.7511191	69.7525	52.76357	7.9203453	9.050062	78.952576	1.1377125
4608000	1507.9	394	2755	8579.64	62.46487	2.8720162	72.533455	51.88279	8.451336	9.520387	96.51607	0.9759904
4640000	1524.76	120	2320	8639.0	62.274742	2.8295658	69.641525	54.52916	8.565459	10.412795	100.845726	0.90329826
4672000	1641.42	587	2350	8699.87	62.85172	2.8539827	70.92283	52.815735	8.795073	9.7593355	116.410484	1.4256346
4704000	1784.26	397	2790	8761.6	64.01824	2.7472432	71.56469	53.465157	7.336453	7.5133963	89.223465	1.1831714
4736000	1546.87	379	2710	8822.93	64.47647	2.8084466	73.809685	56.68557	6.66645	7.1926413	90.5643	1.0990653
4768000	1694.25	120	2788	8885.26	64.281906	2.7449389	72.95488	55.87315	5.881741	8.167808	104.10596	0.7715789
4800000	1603.06	120	2345	8944.26	63.814613	2.9713788	73.661545	55.264286	6.698575	9.976711	169.95015	0.812558
4832000	1731.97	523	2737	9004.17	64.00759	3.0901299	73.20326	51.183426	6.31432	8.492282	94.63867	1.0384843
4864000	1804.31	571	2203	9065.7	64.75361	2.9173815	72.51013	55.409775	6.453732	7.8501196	94.25605	1.0154793
4896000	1612.87	308	2346	9125.21	64.97746	2.8160553	73.966705	54.097	6.143343	9.652417	115.566574	0.7728394
4928000	1685.01	386	2752	9184.75	64.820366	3.1885867	74.8872	55.481773	6.857998	10.985837	128.46208	0.68199074
4960000	1641.88	120	2219	9244.17	64.974205	2.965395	73.92403	53.6883	6.628601	10.274588	132.85025	0.87911665
4992000	1808.68	412	2707	9303.72	65.892555	2.9341328	74.63623	54.827587	6.497283	9.1575575	106.24462	0.75823283
5024000	1793.02	120	2781	9363.45	66.83713	2.8171923	75.773865	56.31967	6.5574846	8.836575	105.26057	0.74759686
5056000	1615.54	397	2750	9423.07	66.93303	2.699249	74.31869	58.63188	6.092725	9.811279	145.70381	0.94448984
5088000	1450.01	120	2330	9482.72	67.00815	2.730167	75.5567	55.857952	6.902857	10.082588	113.85144	1.0871811
5120000	1658.52	694	2781	9542.57	66.54038	2.7744799	75.84799	56.590733	8.467215	10.5176735	105.82249	1.0748278
5152000	1604.32	785	2752	9601.85	63.93547	3.465922	73.56404	50.93061	9.167871	12.090159	107.33813	0.9804844
5184000	1648.87	551	2351	9660.82	57.897865	4.4748397	70.45726	44.03857	8.015896	10.37254	89.568146	0.97641265
5216000	1480.56	571	2764	9720.42	53.677876	4.1035123	66.3243	40.97732	6.818025	9.193921	110.000046	0.9099483
5248000	1815.79	365	2695	9779.74	54.636345	4.3231983	69.537636	40.46827	6.3993816	8.688663	98.617256	0.929713
5280000	1743.79	120	2411	9838.75	57.795525	3.8808992	68.9646	45.652275	5.985215	7.7720485	112.194626	0.9426572
5312000	1541.3	120	2732	9898.37	60.4751	3.6462905	71.03637	47.224606	5.999863	8.507335	111.44127	1.0352752
5344000	1778.67	791	2349	9957.77	61.881622	3.4928794	72.924324	51.30705	5.1879354	7.238559	94.377235	0.7911074
5376000	1684.08	120	2749	10017.13	63.147938	3.500076	72.690674	51.947205	5.700254	7.1314893	67.15908	0.9393958
5408000	1674.53	120	2342	10076.46	63.41693	3.562317	72.04475	51.768227	5.22175	5.7910824	49.34092	0.9311338
5440000	1691.41	120	2219	10135.64	61.532368	3.7038298	72.449036	47.71341	5.682201	7.546811	85.42439	0.69796956
5472000	1719.09	572	2721	10194.59	60.763992	3.92574	72.898865	47.505165	5.5499277	7.0508246	79.49695	0.5299231
5504000	1821.03	579	2351	10253.66	61.952	3.6802676	72.90078	51.623158	5.073286	8.242053	100.671455	0.88128483
5536000	1783.93	120	2357	10312.74	62.164047	3.6973367	72.52252	51.798355	5.357404	8.679834	151.27481	0.91066825
5568000	1817.7	788	2254	10371.47	60.627743	4.1245575	71.88232	46.33866	4.410862	7.087127	107.64414	0.6895005
5600000	1838.26	572	2349	10430.31	60.438023	4.1836104	71.45138	46.428364	4.907919	7.6803417	104.60552	0.7558352
5632000	1784.73	586	2741	10490.02	62.641598	3.968562	74.12267	50.38378	5.467203	7.103727	73.49929	0.90057194
5664000	1821.21	586	2349	10548.96	63.39106	3.8300056	74.6646	49.895504	4.835445	6.4643826	81.35088	0.70544016
5696000	1733.98	120	2349	10607.8	58.353546	4.6528835	71.39946	43.711105	5.8467097	8.095666	83.39488	0.81741583
5728000	1791.64	120	2347	10668.0	52.66336	4.655136	66.5922	38.898293	4.4109745	6.163698	90.98922	0.5741904
5760000	1691.52	575	2788	10729.5	52.2903	4.6806383	65.448654	35.2041	4.7402596	6.8837957	85.513214	0.8017953
5792000	1709.19	120	2773	10788.67	55.052094	4.473419	69.914505	41.38876	5.797284	9.37378	125.09421	0.76445544
5824000	1920.14	787	2796	10848.71	57.437992	4.142801	68.74733	44.128708	6.03822	9.052834	139.73338	0.5382594
5856000	1770.68	591	2790	10908.28	58.604485	4.1697016	70.380974	44.667362	6.238726	7.995875	99.045265	0.76894283
5888000	2004.99	797	2801	10968.51	59.28424	4.1071887	71.983025	46.528515	5.769176	8.611137	114.661285	0.7284608
5920000	1991.28	792	2804	11028.22	57.853226	4.0241275	71.26827	44.17564	4.9746594	7.8342075	111.445015	0.7779994
5952000	1830.96	792	2804	11086.68	50.402	5.631867	66.38304	32.0841	4.400343	9.365019	107.209816	0.31983626
5984000	1856.43	120	2771	11145.54	45.011055	5.366535	63.8661	29.207653	3.8054757	6.292994	94.74048	0.50381505
6016000	1916.47	120	2782	11205.3	46.58632	5.3417363	63.168358	26.555172	4.450242	7.2253547	104.578156	0.56479156
6048000	1831.27	120	2782	11265.17	48.08306	5.3426213	65.487526	33.042587	4.3847823	6.8341904	117.20254	0.60511255
6080000	1874.83	575	2792	11325.53	51.305305	5.027648	65.245834	32.843063	4.7655134	7.238889	109.04649	0.559109
6112000	1659.52	120	2723	11384.84	52.844704	4.9192	69.956764	37.781	5.270385	8.865452	120.768715	0.53544796
6144000	1674.35	746	2746	11444.45	59.269665	4.461179	72.498474	42.335663	7.2849464	10.752024	124.54113	1.0894918
6176000	1714.12	-101	2709	11503.67	62.27006	3.698114	73.28248	49.401634	7.285032	10.277163	123.4034	0.90254754
6208000	1707.71	591	2798	11563.24	62.266376	3.5762405	72.15369	49.385086	6.4685793	10.34087	118.62721	0.87755966
6240000	1741.72	789	2420	11622.61	64.034706	3.827551	73.665924	49.02784	6.517201	9.840393	112.544075	0.86824644
6272000	1888.88	792	2790	11681.62	67.494484	3.6123672	76.73802	53.92064	6.0100827	8.332516	120.44812	0.8324038
6304000	1814.9	586	2800	11741.44	69.02189	3.2351463	76.6359	57.377663	5.646152	10.813315	253.37956	0.9660413
6336000	1841.4	133	2787	11800.98	66.96482	3.3368535	76.03561	54.997826	5.721282	10.492686	130.44502	0.8695187
6368000	1748.84	133	2696	11860.16	64.57369	3.3158934	75.30006	54.45168	6.5335	11.204889	125.067245	0.9541713
6400000	1782.7	120	2792	11920.81	64.1691	3.3986442	75.56142	52.38412	6.7125154	11.146482	128.29138	1.0405098
6432000	1885.1	120	2794	11980.39	65.70981	3.1815386	75.59425	51.275986	6.1092606	10.376818	133.76743	0.6442698
6464000	1865.61	120	2785	12040.08	65.7914	3.5168161	74.70587	53.056236	5.390128	8.941661	138.30185	0.765388
6496000	1133.32	120	2724	12099.75	66.27985	3.319482	74.76387	56.677647	5.7005997	8.950307	122.12001	0.690025
6528000	1300.71	120	2415	12158.83	67.85708	3.208913	77.864624	54.721436	8.694228	13.257633	120.58901	0.8611084
6560000	1866.03	120	2769	12218.29	67.996925	2.9974148	79.31198	53.76928	9.696776	14.737461	202.73166	0.9713873
6592000	1634.97	368	2800	12278.23	67.19111	3.1156816	77.191895	56.984497	10.502514	14.300627	111.443115	0.86284506
6624000	1723.33	120	2794	12338.33	66.94226	3.1642253	77.24339	57.68496	8.231876	12.316404	158.22499	0.85508144
6656000	1987.44	120	2800	12398.59	66.57369	3.1494884	75.80343	53.815464	6.854415	8.865794	105.88463	1.0774063
6688000	2187.61	792	2791	12458.9	66.05364	3.320308	77.458115	54.871273	6.645242	10.695593	144.52333	0.49823442
6720000	2181.86	194	2799	12519.65	65.8467	3.4996462	75.90423	53.152782	4.5700483	9.625774	123.25068	0.5604986
6752000	2031.54	194	2797	12580.14	65.99339	3.6072817	76.01597	51.671783	3.5772765	8.176601	118.44791	0.35575145
6784000	2112.02	785	2803	12642.48	67.78057	3.3620274	77.66698	55.907234	3.0731235	5.241477	78.25613	0.37790984
6816000	2283.64	194	2803	12708.88	66.31296	3.853983	78.3888	55.786495	3.2947917	5.9816375	82.38237	0.44068173
6848000	2211.24	194	2802	12770.74	62.465023	4.213576	78.34952	47.21589	3.578333	9.480082	134.90671	0.45371315
6880000	1925.78	120	2803	12834.7	58.440563	4.531122	71.87412	45.41446	3.6742113	9.158032	126.51458	0.38760775
6912000	1747.96	120	2793	12896.31	60.621166	4.640605	73.693634	46.964245	5.973367	11.425482	144.3268	0.5197458
6944000	1717.82	120	2793	12956.67	65.5596	4.5377464	77.81506	48.37496	7.4774804	12.622092	139.7132	0.9515112
6976000	1144.03	120	2803	13019.95	69.73286	3.5850298	80.06462	56.647995	8.193643	12.253543	130.78348	0.93468463
7008000	1894.43	120	2803	13083.58	69.26759	3.3845482	79.906654	57.778038	7.308926	10.822024	105.254715	0.91465056
7040000	1993.66	120	2803	13147.73	66.76609	3.6003149	78.952225	53.67524	7.288504	10.886824	115.26376	0.82754993
7072000	1379.97	194	2804	13211.0	64.30659	3.8400936	74.56978	49.813522	8.970681	14.761031	152.88608	0.8688025
7104000	1894.65	120	2799	13274.31	62.127155	3.9481826	72.68725	48.64798	10.99008	17.593058	120.32783	0.81240135
7136000	1763.72	120	2801	13337.15	59.04099	4.415779	72.80931	46.576633	9.67235	14.304896	153.48827	0.960208
7168000	1312.59	194	2799	13399.28	58.184055	4.37056	71.34785	45.080734	8.249597	12.365478	140.31093	0.8434278
7200000	1491.52	120	2796	13461.89	59.966248	4.3251753	72.47535	44.32672	8.04109	11.773194	122.85296	0.8703229
7232000	885.71	120	2796	13524.3	60.98525	4.004759	72.70963	47.067303	9.281813	15.049746	153.16295	1.2641137
7264000	1159.84	194	2797	13584.96	62.576454	3.7178013	74.385315	48.715424	12.629084	19.577082	150.21085	1.0663617
7296000	1868.75	194	2798	13648.3	62.630936	3.727786	73.87878	50.82199	13.169	20.611431	176.95183	1.2223339
7328000	1996.16	579	2795	13708.18	63.712162	3.576839	75.16843	48.09861	10.756422	18.664871	185.4251	1.0281885
7360000	1927.94	798	2801	13769.64	65.94	3.5192955	76.341805	54.414726	7.7049365	12.4605	111.83078	0.6466849
7392000	2042.84	586	2795	13832.1	66.93234	3.472204	76.28938	56.550293	6.160176	11.283889	138.66418	0.7078804
7424000	2095.82	791	2802	13894.9	69.34414	3.4235299	79.70682	56.876217	5.6771197	9.343912	88.35087	0.5792261
7456000	1946.74	120	2802	13956.28	70.02505	3.3086174	79.95805	59.39196	4.686421	8.50381	141.31717	0.5939635
7488000	1954.96	120	2792	14018.02	70.91668	3.6037786	82.95651	58.7958	5.3473525	10.094059	101.04134	0.6713021
7520000	1987.11	120	2797	14080.02	70.80471	3.594697	81.44945	59.93911	5.0701213	8.731359	95.3391	0.6105653
7552000	2036.77	793	2797	14140.08	69.70088	3.4460251	79.64319	57.573044	5.6436963	9.761972	132.80089	0.6836209
7584000	1971.51	756	2805	14202.35	67.818565	3.9236772	78.4512	53.759193	4.33336	7.74907	135.67668	0.5024072
7616000	2132.52	586	2802	14267.07	64.18724	4.392596	75.93483	48.96978	3.6805148	6.7346535	115.6286	0.39902702
7648000	1999.62	120	2802	14331.39	62.74218	4.3944387	77.78552	49.123074	3.3432968	6.575927	129.3267	0.40773004
7680000	2202.01	120	2804	14397.22	61.487892	4.283623	73.95099	45.967487	3.2401934	5.385027	93.57024	0.47868672
7712000	2249.17	582	2800	14462.94	62.851967	4.1980953	75.849625	48.266434	3.765759	6.4765935	84.74577	0.66366684
7744000	1889.31	120	2799	14525.2	65.77314	3.942855	78.550934	54.385185	4.2535925	7.2019625	93.52513	0.6517982
7776000	1862.61	120	2804	14588.84	66.43882	3.9512131	75.92297	53.096405	4.842134	6.7747116	70.88463	0.72231865
7808000	1947.17	120	2802	14653.13	66.4973	4.2187204	79.43318	50.920197	5.7461486	8.138378	103.653595	0.64575434
7840000	2039.92	589	2804	14714.74	65.07799	4.0119195	77.35239	52.85035	5.2341404	8.574553	126.590836	0.8167511
7872000	1965.44	589	2803	14776.34	65.55265	4.1201687	76.969315	51.072556	6.525712	11.480181	125.1583	0.88923776
7904000	2003.19	120	2803	14840.1	67.57313	3.8955731	80.85899	55.144047	5.553573	9.277834	116.14696	0.93989134
7936000	2176.07	589	2802	14903.43	68.971634	3.827732	79.03946	55.58606	5.3713617	9.365569	149.53288	0.86080086
7968000	1873.3	120	2802	14967.68	69.81646	3.6014235	80.74443	59.497448	5.692792	10.1783285	154.74077	0.82339114
8000000	2096.79	579	2802	15032.49	69.17223	3.5153716	78.97908	52.22833	5.5158925	10.254539	152.34464	0.75580823
8032000	2231.83	579	2802	15095.61	69.092476	3.6208384	80.332954	56.12455	4.7069035	7.0147076	100.15624	0.79054403
8064000	2033.95	798	2802	15158.06	67.644615	3.8172855	79.93972	55.659935	4.693568	8.345466	104.68157	0.54356706
8096000	2156.23	586	2802	15223.01	66.085464	4.1576962	78.652435	54.186348	4.9274178	9.106938	143.50166	0.63942266
8128000	2146.41	579	2804	15285.86	65.72348	4.1099706	78.265114	50.602306	4.622753	8.115798	96.4801	0.5695426
8160000	2232.03	586	2804	15348.3	66.98484	3.9580083	77.39351	54.82195	4.19849	7.1759114	117.98147	0.58671486
8192000	2162.0	790	2804	15411.81	67.55904	4.3494134	79.197556	53.332962	4.4064217	9.502377	145.52852	0.55306935
8224000	2041.75	586	2804	15474.58	68.121506	3.7568953	79.09929	55.154083	4.520074	9.179676	136.87042	0.6291653
8256000	2075.79	582	2804	15537.95	68.07136	3.9961796	81.224014	55.957752	5.0627227	9.398788	142.54138	0.58735716
8288000	2240.68	582	2802	15604.32	67.626724	3.9147136	79.67542	53.784317	6.1222954	12.978803	144.02997	0.5819657
8320000	2376.65	795	2805	15670.1	64.66473	4.3013315	76.00673	50.4914	4.524626	8.607973	134.9982	0.5891165
8352000	2154.68	120	2800	15734.82	61.90725	4.399996	73.55946	47.05188	5.253412	10.913667	174.77141	0.54021317
8384000	2094.18	120	2803	15799.33	60.346783	4.5089436	79.39221	45.47712	4.730804	8.256284	77.652306	0.5730312
8416000	1921.07	-69	2802	15861.16	64.38443	4.4434547	78.52629	51.31804	4.8119864	8.106354	97.8515	0.78265846
8448000	2017.08	411	2804	15923.58	65.370895	4.33234	78.24745	52.355667	5.063487	7.6970882	112.54573	0.6749758
8480000	2184.05	767	2803	15989.26	63.82725	3.9009683	76.14041	53.608818	5.9056473	9.101324	121.28023	1.0387561
8512000	1951.24	133	2803	16053.86	62.602726	4.432592	76.936005	48.691402	5.6789556	9.435624	134.45993	0.84317446
8544000	2150.25	774	2804	16118.78	62.53978	4.334958	75.96869	46.97558	5.662798	10.820069	142.10445	0.7296947
8576000	2159.7	120	2803	16183.11	64.19731	4.0760474	75.59112	51.053997	5.4690766	9.589173	129.2815	0.6818679
8608000	2250.99	487	2801	16247.33	63.492912	4.0898647	77.15692	49.733856	4.616285	9.695616	159.0226	0.60028774
8640000	2057.55	369	2801	16309.9	63.912937	4.1677475	76.67458	49.61	5.3951254	10.510683	149.71342	0.4457786
8672000	2337.05	691	2803	16374.61	63.685883	4.2657433	76.478584	47.065094	5.1129317	9.68096	144.61775	0.667215
8704000	2117.0	592	2803	16437.22	64.37571	4.210018	78.68959	49.164295	5.0248756	10.3626	148.04063	0.64130795
8736000	1972.39	710	2796	16498.98	61.47986	4.5381255	77.51033	36.90113	5.7440753	12.442316	134.22627	0.6000712
8768000	1994.51	120	2800	16563.9	62.066765	4.4476624	76.094635	44.343174	4.835264	11.717576	179.58527	0.68376654
8800000	2222.09	771	2800	16627.4	62.510323	4.4220123	74.886024	46.567165	5.780908	12.635929	126.67096	0.51629055
8832000	2053.14	798	2800	16690.1	66.1667	4.1696687	79.75186	52.37359	5.0295362	11.88985	137.04184	0.600421
8864000	2080.69	785	2802	16751.31	68.787186	3.7935612	78.75682	55.595215	4.423532	8.39065	108.56185	0.5271301
8896000	1972.57	781	2801	16814.76	72.11924	3.6328583	83.27658	53.982193	4.8173904	10.92236	155.15862	0.5232903
8928000	2208.34	781	2800	16879.82	71.53291	3.5833995	81.03495	59.740738	4.5312595	10.204966	130.88245	0.62026125
8960000	2336.7	555	2804	16946.71	69.43011	3.7842057	80.63877	56.6345	4.371505	8.376294	118.718925	0.59122366
8992000	2317.11	391	2804	17011.39	65.54437	3.991498	76.729706	52.4822	3.1845887	7.006693	150.74727	0.5165411
9024000	2152.04	592	2804	17076.41	64.97006	4.033598	77.960846	51.226353	4.452413	10.517738	131.11641	0.5383535
9056000	2027.34	120	2801	17141.28	65.64973	3.9736671	77.64165	53.8135	4.9008155	9.486734	132.39897	0.7839681
9088000	2156.64	592	2801	17207.06	63.83641	4.2024746	75.80753	47.926285	5.316758	12.017501	123.629486	0.6717002
9120000	2258.66	592	2802	17272.72	62.479397	4.2783546	76.19295	49.809	4.3674154	8.886057	103.73623	0.62791336
9152000	2294.64	120	2804	17336.99	60.89808	4.26988	72.92003	47.458443	3.691198	9.244027	132.96219	0.49765605
9184000	2197.09	120	2800	17403.93	63.967045	4.234207	77.98461	51.593155	4.3286552	9.87671	119.86814	0.5675788
9216000	2417.26	798	2804	17470.0	63.95083	4.1031466	75.527016	49.740303	3.0362554	5.961978	96.98021	0.53697395
9248000	2504.52	798	2803	17536.61	64.65513	4.097621	76.394165	50.32869	2.9841123	6.9326806	140.71042	0.38291174
9280000	2378.93	120	2803	17602.27	64.32048	4.179298	76.96845	51.01112	2.8932514	9.626655	159.5933	0.2977813
9312000	2281.69	120	2804	17666.38	66.36889	4.2459836	78.479355	50.36272	3.1410615	7.720177	127.09918	0.39198533
9344000	2218.22	120	2804	17728.91	69.33789	3.7580242	79.6438	52.03174	3.4706953	8.728561	148.85619	0.36552778
9376000	2081.28	120	2802	17794.49	71.22036	3.5795736	82.37689	59.08008	5.4950542	13.156998	145.13696	0.5693629
9408000	1941.82	120	2800	17860.82	72.049515	3.7551434	83.22502	57.306694	6.4107413	12.879411	129.64006	0.58146596
9440000	1990.66	120	2801	17924.14	69.74381	3.862811	79.85315	56.751938	6.753457	14.278801	135.23007	0.43969408
9472000	1790.55	120	2802	17987.95	68.07889	4.3609886	80.147606	47.10577	5.858104	11.500487	135.8886	0.3887148
9504000	2181.11	120	2802	18053.12	66.60474	4.221933	79.30047	52.683426	6.375547	14.563197	162.81293	0.54687905
9536000	2301.83	120	2802	18119.16	66.56095	4.1452074	79.13097	52.737022	5.445825	9.786502	120.995026	0.37583706
9568000	2146.08	725	2804	18182.82	64.21192	4.346722	77.979706	51.269653	4.792226	9.784267	128.29706	0.60548973
9600000	2010.31	120	2804	18247.06	62.354828	4.7164483	74.37256	48.25472	4.3442774	7.649319	97.20012	0.620479
9632000	2212.89	120	2801	18311.87	60.947624	4.844	73.88329	44.199757	4.0974593	8.247056	103.196236	0.55617595
9664000	2174.79	798	2803	18377.49	59.603226	4.730456	72.850525	43.805313	4.733679	9.403701	121.07414	0.598791
9696000	2158.84	782	2804	18444.08	59.14003	4.7133136	73.43198	45.157402	4.445098	9.31856	121.4754	0.5116309
9728000	2294.87	120	2804	18508.87	59.33789	4.745271	73.02371	44.121788	3.6050315	7.7577777	118.05892	0.4411078
9760000	2257.24	120	2803	18575.31	58.276966	4.678263	71.448265	42.529484	3.375865	7.682222	132.72452	0.33647224
9792000	2103.91	120	2804	18640.41	59.296833	4.6899595	72.3311	39.977222	4.3231277	9.156058	166.43695	0.44593015
9824000	2242.59	120	2804	18707.75	60.686752	4.766607	74.837	46.038437	3.9487133	9.043045	115.584724	0.44172055
9856000	2254.39	120	2804	18774.84	63.210415	4.469574	77.580795	49.816006	3.772219	7.4788294	95.52615	0.5226475
9888000	1958.98	120	2802	18839.53	63.32599	4.413166	76.76312	47.851566	3.7265322	7.6504335	103.75436	0.61170715
9920000	2140.88	389	2802	18904.34	62.866173	4.351518	74.60545	50.303917	4.1073904	9.400544	138.22601	0.48092678
9952000	2219.74	773	2804	18971.03	63.985767	4.438613	76.30078	49.062977	5.030212	10.227439	129.04811	0.5796867
9984000	2194.28	120	2802	19035.94	66.34878	4.1918063	78.79649	51.597588	5.641994	11.294042	147.54572	0.64870924
10016000	2305.22	798	2803	19101.64	67.81466	3.8448696	78.79717	54.735428	4.94447	8.115286	110.260185	0.76825815
10048000	1853.25	120	2803	19166.26	67.264626	3.8624964	77.82844	54.081085	4.6505985	9.220385	146.34163	0.62725025
10080000	2123.31	586	2803	19233.03	66.87578	4.228045	78.48141	55.490257	5.4237432	12.383981	152.526	0.58299637
10112000	2243.44	586	2804	19301.33	66.1644	4.2344866	79.74741	50.573906	5.1200194	10.946281	194.3313	0.57148373
10144000	1868.13	765	2803	19365.06	66.77849	4.249257	79.555145	52.75438	5.3480873	10.331922	129.14514	0.5150546
10176000	1981.05	765	2804	19430.73	67.91394	4.177778	83.92914	55.025726	5.2334104	11.7602415	164.1521	0.5262595
10208000	2143.02	785	2804	19496.74	67.90514	4.0121636	80.565384	50.617332	4.850339	9.565784	140.8256	0.6585506
10240000	2002.91	120	2802	19561.52	66.973946	3.984806	79.5423	53.135143	4.7688465	8.5435095	139.15555	0.66810805
10272000	1899.94	120	2801	19625.58	66.266655	3.9651914	78.32471	54.539726	5.2821455	6.9947004	60.179928	0.61657935
10304000	2066.71	773	2802	19689.98	68.21102	4.084606	80.51623	52.99686	5.6106443	8.406493	105.82302	0.8470973
10336000	1982.87	654	2803	19754.51	68.86819	3.701791	79.332664	55.876114	6.2637806	8.336217	117.02716	0.7483866
10368000	2284.43	654	2803	19821.93	66.8632	3.731981	77.4598	53.477844	5.8715596	10.251384	139.4136	0.7671045
10400000	2356.22	785	2803	19886.99	64.37224	4.164558	78.79579	50.131447	5.4020386	6.7816973	63.472923	0.84455484
10432000	2237.84	785	2802	19951.86	61.052307	4.427387	73.747986	46.464706	4.4090734	7.2220116	91.942	0.6313746
10464000	2413.54	120	2801	20018.07	59.77298	4.693778	72.779175	38.693794	3.7090902	6.0172997	109.287415	0.5322925
10496000	2094.69	120	2805	20083.39	60.54127	4.772451	74.81144	45.408886	3.3886137	6.5068855	143.97447	0.51126385
10528000	2045.32	120	2803	20148.56	64.00429	4.7043366	78.176254	49.55555	4.069361	8.936394	122.32932	0.48646948
10560000	2186.64	774	2803	20211.36	67.04139	4.2729497	81.43712	54.02855	4.995909	9.908943	152.36647	0.70345426
10592000	2000.39	120	2805	20276.65	69.61634	3.9767652	81.75267	55.008972	4.373075	9.657432	142.04819	0.557191
10624000	2122.21	584	2803	20341.49	71.56286	3.9500465	83.6646	58.09829	5.473253	11.911356	164.60349	0.5511259
10656000	2357.27	589	2805	20408.33	70.54923	3.8490765	83.834595	59.66984	4.979415	12.1482525	166.08307	0.43393904
10688000	2310.26	120	2803	20475.19	66.76486	4.2340274	78.95388	51.682827	3.7092881	6.9916773	101.011604	0.53230953
10720000	2157.25	120	2804	20540.25	64.40389	4.2493477	75.71963	50.160072	3.4198523	5.9951973	89.438385	0.5527315
10752000	2327.08	587	2802	20608.88	65.86883	4.2248697	79.391884	51.9077	3.2023718	4.780964	58.23471	0.45627916
10784000	2498.38	589	2803	20676.23	67.54968	3.9873023	77.95828	52.938118	3.2510748	6.4929824	100.68919	0.41555482
10816000	2526.61	789	2803	20743.74	68.37067	4.005514	79.76158	52.698837	3.179006	7.2205033	145.90915	0.5350219
10848000	2401.52	582	2802	20811.59	67.874886	3.9999676	79.38606	45.43383	2.9676688	7.952996	169.01376	0.37574565
10880000	2408.17	783	2803	20881.64	67.51861	4.141038	80.874115	53.338875	3.118849	7.6038213	152.24167	0.4324792
10912000	2397.96	783	2805	20950.23	67.8987	4.0727506	81.895424	54.357033	2.9923944	6.569123	91.776886	0.39450064
10944000	2423.75	798	2804	21016.36	65.16765	4.36729	79.48116	51.99626	2.9597158	6.6667542	89.322845	0.26764902
10976000	2510.2	795	2803	21084.89	65.18199	4.238758	78.036385	50.597515	2.4234326	4.8966303	72.7604	0.35844034
11008000	2424.36	795	2805	21152.69	65.15027	4.3790565	77.44676	51.9609	2.716436	7.5434704	139.48013	0.399848
11040000	2353.47	-69	2805	21220.18	66.70788	4.0722857	77.59072	53.316406	2.9847682	9.088002	153.71683	0.37049747
11072000	2487.89	587	2805	21287.98	66.2739	4.173116	82.348145	51.521847	2.716025	7.4759183	135.03293	0.43381548
11104000	2503.75	841	2803	21354.2	64.4267	4.3979754	77.33563	49.98872	2.5834262	7.455448	135.21008	0.32991397
11136000	2492.96	798	2805	21423.13	64.456245	4.32434	78.514725	51.874256	2.733301	9.386488	196.46292	0.31637838
11168000	2242.32	589	2805	21487.52	65.5044	4.453798	77.773895	49.576508	2.4963462	6.5954204	143.59653	0.26217955
11200000	2220.13	523	2802	21553.62	66.04931	4.041859	76.90208	53.088623	2.7156503	6.6625414	145.8652	0.39880016
11232000	2359.62	798	2802	21619.51	64.89836	4.2146645	77.37919	50.25271	3.4533086	8.195492	93.30906	0.361982
11264000	2468.4	709	2804	21685.65	63.140594	4.456686	77.67082	47.883545	3.7757638	8.152381	107.86254	0.36267418
11296000	2188.54	586	2804	21750.58	63.569374	4.536908	78.77148	45.600945	3.3820088	6.5068192	105.79911	0.4782971
11328000	2241.42	795	2803	21815.7	64.28598	4.2851024	76.01039	48.94098	3.6763105	7.712122	115.96053	0.47732472
11360000	2188.93	120	2804	21881.4	64.362885	4.487572	76.693375	48.467377	3.8721406	7.9338827	117.43815	0.42379433
11392000	2320.89	120	2804	21949.62	65.2304	4.4682555	77.637314	51.789253	3.6219106	7.0931444	94.05895	0.51976204
11424000	2498.17	582	2804	22018.24	64.78869	4.4415646	77.720245	49.33794	3.1796036	7.3957076	134.03165	0.3718913
11456000	2530.53	582	2802	22084.82	63.3459	4.6519694	76.85239	45.141663	2.9688606	8.483072	128.96024	0.32961378
11488000	2380.09	586	2802	22151.46	63.26627	4.5867143	77.15639	46.232075	2.7923012	6.656725	90.25512	0.3901927
11520000	2272.85	586	2803	22218.13	63.92639	4.612141	80.12482	47.982544	2.7747755	5.9436865	118.24923	0.4091912
11552000	2545.11	798	2805	22286.44	66.13063	4.6208696	80.663666	46.816917	2.6797214	7.730444	149.21912	0.35309437
11584000	2468.08	523	2805	22353.13	64.306366	4.7285686	79.677605	50.948483	3.0657187	8.309144	149.66942	0.31050238
11616000	2536.79	791	2805	22421.13	63.42141	4.452448	75.52381	47.743965	2.3542545	6.5746183	145.67859	0.23399493
11648000	2059.91	120	2804	22486.3	66.280014	4.4751787	79.36155	52.184715	3.0681126	6.705688	89.69619	0.25421646
11680000	2330.65	120	2804	22554.4	70.90822	4.034596	82.29277	57.170216	3.4067173	7.0426335	92.49621	0.40981972
11712000	2133.64	120	2804	22620.96	72.57973	4.0352836	86.01033	60.05651	4.1217146	8.1840925	108.18458	0.46787375
11744000	2234.72	120	2804	22688.41	71.93845	4.1004734	84.69812	58.828186	5.0887423	12.561043	148.90549	0.43846124
11776000	2382.78	120	2804	22755.67	69.875175	4.2135835	82.981064	55.68089	3.8699312	7.391305	101.85652	0.43215847
11808000	2326.7	797	2803	22821.64	68.049545	4.4911847	80.26437	47.338577	4.653119	11.082151	154.7008	0.4197967
11840000	2414.42	807	2805	22889.7	68.130295	4.2277136	82.896706	53.489395	3.2645142	8.661213	147.63579	0.36963615
11872000	2491.06	120	2804	22958.0	68.752464	4.175238	80.809715	55.279675	3.4887588	9.362276	154.21269	0.34102508
11904000	2175.11	120	2804	23023.44	70.91519	4.1869364	83.47949	53.398224	4.3663087	11.945263	153.78242	0.3240433
11936000	2156.25	120	2804	23089.0	68.866	4.15476	81.54396	56.622345	3.8855548	8.254543	94.5041	0.283806
11968000	2393.01	120	2803	23157.94	67.422516	4.506635	80.88093	51.01122	3.7006133	9.39011	157.75432	0.33927912
12000000	2125.9	120	2806	23222.0	67.800476	4.557346	80.81248	52.352703	3.8745532	6.6379304	74.43603	0.3322729
12032000	2307.15	582	2803	23289.91	71.01746	4.15161	82.23956	54.493614	3.0315607	5.990456	72.92467	0.27103478
12064000	2541.76	771	2804	23357.12	70.65778	3.9675648	82.838615	57.155895	3.5994096	7.4475927	109.57884	0.26779395
12096000	2099.93	120	2803	23422.58	69.64864	4.1071773	85.01322	54.764572	3.2863657	6.6894608	78.03571	0.26007953
12128000	2176.95	120	2803	23489.98	66.83858	4.3025994	80.40937	50.650375	3.746629	9.438589	155.5722	0.38788834
12160000	2140.34	120	2805	23556.26	67.23627	4.5517354	80.801834	53.911682	5.0993085	13.767214	152.08327	0.4118615
12192000	2166.13	589	2805	23622.44	67.19526	4.4965067	78.7015	53.25553	3.8679059	9.2739	155.50063	0.36326784
12224000	2295.49	798	2804	23688.61	66.61456	4.286745	82.20431	53.03179	4.0532784	10.181059	151.31976	0.42575353
12256000	2310.32	523	2804	23754.42	64.784004	4.551217	79.14615	48.740036	4.1158643	9.472628	127.18365	0.4927342
12288000	2375.12	579	2804	23821.0	63.41375	4.5302167	77.73016	47.660244	3.153916	7.094139	150.18541	0.4219907
12320000	2446.22	523	2803	23888.88	64.53203	4.679457	78.34961	49.879078	3.6789007	8.966548	146.6723	0.35448137
12352000	2401.2	120	2803	23957.08	65.59267	4.255439	78.06466	49.828598	2.902729	8.3835335	148.2693	0.42196405
12384000	2306.21	582	2803	24024.59	68.05412	4.135573	79.947876	53.794243	3.8003852	11.9181185	158.62273	0.3374048
12416000	2549.11	798	2803	24093.82	68.81375	4.0273395	81.33508	56.72461	2.9616904	10.306953	145.2888	0.29868263
12448000	2608.02	582	2803	24162.25	69.82911	3.955112	82.839066	58.021263	3.468356	13.161571	178.09506	0.2585182
12480000	2485.9	582	2802	24230.74	69.36611	4.0349813	80.46093	56.90902	1.9499137	5.7610364	127.536415	0.16926584
12512000	2328.54	133	2803	24298.12	70.11453	3.8373241	81.61276	54.484497	1.8459202	4.45572	60.438183	0.19956923
12544000	2357.87	133	2804	24367.02	71.16054	3.8570054	82.68857	58.68403	2.2938898	4.3765707	66.09152	0.31375253
12576000	2439.91	582	2805	24435.48	71.49525	3.9696875	83.054886	57.065044	2.4159956	4.496326	53.474396	0.2966829
12608000	2474.66	120	2803	24502.74	70.441635	4.0665607	81.708786	57.74492	2.3874345	7.0012126	122.61161	0.26557815
12640000	2252.82	120	2803	24569.06	67.53617	4.4781528	80.89373	52.52199	2.6181815	8.999506	158.70436	0.25943685
12672000	2437.62	194	2803	24637.79	66.596985	4.507515	81.173004	51.874725	2.3492553	6.9772887	136.25545	0.20178545
12704000	2313.54	133	2803	24705.2	65.7496	4.6309977	78.66963	45.37385	2.109771	5.2171755	100.53379	0.24766012
12736000	2455.25	604	2803	24774.13	67.90003	4.5007133	80.88731	54.332985	2.622915	6.703669	105.49271	0.33710757
12768000	2373.77	584	2804	24841.68	69.555	4.033055	82.78473	55.21321	3.1706007	8.886953	141.56392	0.3664738
12800000	2376.5	120	2804	24909.56	69.277016	4.0384893	83.058815	54.964226	2.9772696	7.2275987	121.71544	0.30434525
12832000	2154.89	120	2803	24976.36	69.145546	4.1959124	81.22078	54.32446	3.147344	8.164511	140.50098	0.49208775
12864000	2099.03	133	2805	25043.33	67.80447	4.31486	79.34444	56.221992	3.640147	9.453846	138.56845	0.43593568
12896000	2173.3	582	2803	25110.54	71.13118	4.2646556	82.89328	58.06144	4.733046	10.544232	134.88057	0.5679023
12928000	2559.98	582	2804	25179.7	71.1355	3.980576	81.711395	58.76942	5.225178	11.5300455	121.67611	0.5202338
12960000	2303.83	571	2804	25246.85	72.15846	3.9685144	83.09832	54.69136	4.227292	9.436932	114.749794	0.55986476
12992000	2122.75	571	2804	25313.51	70.41609	3.965926	83.177155	56.679386	4.1661873	9.827965	154.81367	0.46281078
13024000	2273.23	582	2803	25380.14	70.54786	3.9482243	81.895386	55.517925	4.387824	11.02719	136.32632	0.4971145
13056000	2419.8	120	2803	25447.43	70.59091	4.0380487	82.97676	55.771652	4.000643	10.747923	145.77635	0.49458405
13088000	2216.57	133	2803	25513.29	70.35358	4.1694074	81.8519	55.02777	3.748681	8.952028	119.610535	0.40986258
13120000	2132.04	120	2806	25581.09	72.5378	3.9283853	81.99243	59.33681	5.159243	13.703538	147.28893	0.4668017
13152000	2511.85	120	2806	25649.68	72.39978	3.9223697	85.10373	60.927147	3.406146	8.760028	157.72623	0.33176687
13184000	2491.19	579	2803	25716.07	70.82091	4.1819644	82.51406	53.182495	3.197842	7.5522895	144.24374	0.36508772
13216000	2219.19	579	2804	25783.95	67.5243	4.450728	79.82321	54.105392	2.5842657	5.57447	99.78774	0.3959955
13248000	2060.48	353	2804	25849.47	68.08893	4.3144727	81.76773	54.83793	3.863189	8.780211	107.98646	0.45144573
13280000	2137.77	120	2803	25916.67	68.46136	4.364182	82.31835	54.125835	4.054386	8.069238	100.16925	0.6081679
13312000	2244.3	385	2803	25984.52	70.379684	4.0493073	82.296036	57.92407	4.9780235	10.176311	112.05904	0.5816344
13344000	2342.25	-69	2804	26053.18	69.95036	3.944855	82.484055	56.246094	4.072877	7.611645	99.352554	0.4963597
13376000	2345.1	-69	2804	26120.14	68.31651	4.1165104	79.00917	55.35186	3.5361202	8.358134	126.09135	0.46967313
13408000	2244.76	696	2804	26187.47	65.04024	4.485876	79.73269	49.311523	3.157436	6.9288898	109.73575	0.4343578
13440000	2170.93	575	2804	26254.07	64.21852	4.361607	78.973015	48.84893	3.9315166	7.4920745	95.19523	0.46167225
13472000	2325.64	575	2802	26321.27	64.574715	4.3252068	77.99274	50.59632	3.8146658	6.734752	90.82058	0.47857562
13504000	2469.5	590	2804	26387.74	66.7072	3.997801	78.668884	52.323906	3.3624754	6.616893	138.06561	0.57250035
13536000	2429.17	586	2802	26450.94	64.94454	5.099763	79.62986	47.905323	3.7023766	8.717751	153.50186	0.4217682
13568000	2234.76	120	2803	26514.66	57.22288	5.6021876	73.67486	38.706238	2.785916	5.947836	106.23595	0.47272697
13600000	2223.56	789	2803	26581.42	56.92796	5.3211174	75.542114	37.226364	3.6526582	7.5584207	106.753	0.43336654
13632000	2207.65	579	2804	26647.74	59.3952	5.337201	77.71741	38.52233	4.820712	11.856732	179.37566	0.6121163
13664000	2094.57	120	2802	26715.56	65.31454	4.759394	79.915955	46.599503	5.198195	10.2759495	111.80738	0.5706055
13696000	2026.4	120	2803	26780.84	65.54529	4.5064807	77.63458	50.426613	4.97008	9.297688	147.59966	0.64567685
13728000	2140.2	133	2804	26845.36	62.054405	4.682996	80.17351	45.336918	5.345803	9.096943	116.45258	0.620903
13760000	2352.09	133	2803	26912.9	62.312603	4.5781555	78.01477	41.89731	4.897552	9.0848	136.39435	0.7195146
13792000	2471.78	783	2802	26980.63	63.457294	4.7495966	76.31493	49.459755	4.032942	6.9686217	85.98818	0.59784234
13824000	2356.58	390	2803	27046.51	65.06918	4.619455	77.77977	46.296413	3.697712	7.091886	112.57186	0.51211786
13856000	2190.21	120	2803	27113.66	65.4384	4.7830048	79.9169	47.269924	3.8222454	8.836207	93.077156	0.5175302
13888000	2267.92	133	2803	27180.68	66.04378	4.589776	82.70029	50.873558	3.3557544	7.5171857	97.78635	0.4823524
13920000	2286.91	784	2803	27247.76	66.31702	4.439947	82.619255	51.128807	2.864742	6.902511	154.68433	0.43180156
13952000	2289.09	589	2804	27316.21	67.4771	4.564798	81.02075	53.26084	3.239249	6.567974	72.18513	0.40773323
13984000	2163.67	120	2804	27384.48	67.107605	4.4850955	79.17919	52.14705	3.1521087	5.384974	67.34568	0.44066548
14016000	2472.58	588	2803	27452.39	66.5555	4.59962	79.53555	52.50077	3.479717	6.3292165	89.204506	0.4195918
14048000	2383.92	794	2802	27520.39	66.87581	4.4967847	81.10504	51.70679	3.9712517	9.567442	146.94449	0.42110586
14080000	2357.06	795	2804	27589.33	66.92894	4.2363553	81.33243	53.276848	3.885665	10.228717	149.48628	0.5066702
14112000	2493.49	586	2804	27658.66	66.81955	4.566482	78.31303	51.864716	3.349334	7.2814875	94.65728	0.3956812
14144000	2359.52	120	2804	27725.16	65.030785	4.5910993	79.24158	47.969063	3.6073585	7.519281	103.69441	0.45249686
14176000	2484.03	405	2804	27795.51	64.286865	4.811801	75.67138	46.0664	3.5215673	6.991014	77.362335	0.47368294
14208000	2601.96	405	2803	27864.51	63.94698	4.7667775	78.24965	48.45983	2.7259922	6.661812	105.40722	0.29605487
14240000	2588.09	877	2803	27934.48	64.87042	4.566311	79.218735	47.86302	2.3967924	4.2378993	80.21635	0.35682118
14272000	2487.2	120	2804	28003.97	65.26228	4.875195	79.57783	47.844543	2.2676675	7.296577	182.42477	0.2978465
14304000	2605.45	796	2804	28076.0	66.71977	4.2910776	79.99164	53.27427	2.364631	6.996405	103.805595	0.3355525
14336000	2463.49	796	2803	28143.45	68.05977	4.189442	81.73265	53.469364	2.679417	6.9964633	97.7184	0.412108
14368000	2325.8	120	2803	28214.43	68.55139	4.2080097	81.18891	55.039833	3.3368142	9.094084	146.8368	0.46850446
14400000	2304.35	120	2803	28286.63	69.69268	3.9971411	81.66122	57.993683	3.7889266	8.045608	106.97689	0.37370786
14432000	2373.98	758	2803	28356.13	69.07122	4.1266766	80.93864	57.03677	3.6890543	10.010619	142.3132	0.38487417
14464000	2142.86	586	2803	28423.41	69.34102	4.110057	79.8508	54.144127	4.2972283	11.342456	134.12085	0.43151695
14496000	2195.24	120	2803	28489.65	69.82848	4.0453486	81.5618	57.44259	4.1354074	9.836636	146.38884	0.3483594
14528000	2344.75	120	2803	28557.64	72.16366	3.9989848	84.73696	60.340645	4.3161764	11.983271	173.02357	0.34154305
14560000	2224.92	774	2803	28625.27	72.57286	3.8673341	82.66177	57.682487	4.5683203	11.144482	185.8608	0.4193573
14592000	2240.82	582	2804	28694.46	71.823814	3.934974	84.02838	61.223034	3.9254467	8.242825	106.09259	0.33216137
14624000	2354.24	798	2804	28760.62	69.65548	4.243634	81.8658	54.404243	4.4220963	8.809758	99.429	0.47655433
14656000	2167.36	120	2804	28828.29	66.341	4.3240943	78.52282	50.772957	4.896499	9.9632	104.71218	0.53069305
14688000	2231.88	120	2803	28895.3	66.18194	4.4120684	78.74477	51.07038	5.8400655	13.378048	165.9091	0.45106626
14720000	2314.79	381	2805	28965.29	67.878	4.3649273	80.16404	53.584476	4.7580233	9.42522	153.65752	0.51443654
14752000	2228.33	587	2804	29035.83	72.157745	3.940245	82.74008	59.08716	4.9558015	11.30828	155.8939	0.5142582
14784000	2423.61	120	2805	29105.24	71.66557	3.7339437	82.104355	57.078228	3.9439585	8.973854	117.117744	0.44104648
14816000	2386.37	120	2804	29173.28	69.67633	4.2007694	82.52187	53.265728	3.7834277	8.712099	153.79123	0.45461935
14848000	2580.73	797	2806	29242.99	66.73436	4.3943973	80.01742	52.68109	2.6442418	7.036501	139.07613	0.30596152
14880000	2315.2	784	2806	29308.75	66.64647	4.197385	79.20726	54.09703	2.8085957	9.211913	143.41318	0.23379402
14912000	2098.28	784	2803	29374.25	69.76939	4.0882215	81.171936	51.67787	3.991858	10.792364	148.62212	0.32365125
14944000	2393.94	735	2804	29439.64	70.8602	3.829905	84.13602	59.948425	3.7649307	9.304801	98.43162	0.2883715
14976000	2189.9	120	2804	29507.33	72.15765	3.656419	82.50012	62.526066	4.754759	11.171239	152.85712	0.3652656
15008000	2022.69	120	2803	29572.11	71.40319	3.8043914	82.01124	58.354927	5.09077	12.958328	153.55824	0.47716126
15040000	2230.52	781	2805	29638.72	72.1273	3.6806464	83.186676	59.70316	5.946285	13.282152	149.06503	0.41299528
15072000	2381.83	797	2804	29705.94	71.32505	3.8211732	84.70932	60.052265	4.9637837	10.76478	145.92271	0.40453017
15104000	2339.27	120	2805	29772.86	69.92016	3.9582176	82.49691	56.37374	4.397866	9.305832	132.75629	0.38075256
15136000	2356.64	703	2803	29840.49	68.67769	4.2252603	82.57133	56.85927	5.048346	10.170097	111.91379	0.39221212
15168000	2231.94	797	2803	29907.59	68.85456	4.326184	81.28993	55.234863	5.4468107	12.319586	144.23529	0.43853587
15200000	1483.74	771	2803	29972.38	70.22537	4.012487	84.14697	57.049828	8.297282	18.491886	207.91617	0.36837777
15232000	2127.48	793	2803	30038.95	72.19175	3.6885326	82.34233	60.10395	8.777947	16.79146	155.28842	0.45165768
15264000	2363.58	120	2803	30108.31	70.92042	3.7868383	83.71475	58.456978	7.42317	15.447016	114.70656	0.248005
15296000	2325.08	120	2802	30175.2	67.2395	4.382249	80.374725	51.12084	5.3391886	13.906279	149.1083	0.30997458
15328000	2210.51	740	2803	30240.33	63.520782	4.48318	76.1523	49.90945	3.853385	10.0668955	141.35419	0.30389667
15360000	1997.8	588	2803	30302.11	63.257492	4.301677	75.230865	48.471375	4.37012	11.068031	152.77493	0.42024747
15392000	1809.57	586	2802	30364.94	65.85109	4.284352	77.86473	49.19774	6.6996913	14.100416	146.17424	0.39033473
15424000	1995.08	395	2802	30427.72	69.30016	3.8460271	81.250114	54.149742	7.1289024	14.154744	113.68962	0.5396669
15456000	2184.74	395	2801	30494.85	71.342674	3.4901757	82.73694	60.590233	5.27534	11.362615	121.53228	0.44732502
15488000	2216.71	559	2801	30561.2	70.871	3.6151962	82.73153	59.049606	5.2007256	11.155286	111.98009	0.30302238
15520000	2235.56	589	2804	30627.4	70.71294	3.798871	82.19326	58.78863	4.7046347	11.14578	144.59918	0.3035168
15552000	2366.27	788	2805	30694.64	68.88504	3.8060794	79.155045	55.328026	3.7453988	7.0211606	65.51916	0.48277718
15584000	2350.7	794	2805	30762.51	68.1895	3.901302	79.8897	55.00499	4.1992903	8.862407	143.67914	0.38425303
15616000	2311.44	798	2805	30828.8	66.30413	4.428025	78.167656	52.21633	4.183074	8.319942	96.69341	0.39277297
15648000	1862.95	579	2805	30893.07	67.04835	4.4225683	78.08243	50.05676	5.1256213	9.78636	143.65851	0.43101218
15680000	2124.02	120	2803	30959.88	67.01756	4.298914	79.697556	52.526558	5.690222	11.189129	117.01986	0.5278573
15712000	2099.25	120	2804	31026.51	67.76605	4.260591	81.172516	54.380836	5.4001756	10.419344	175.69553	0.6371491
15744000	2122.43	366	2803	31093.37	68.153015	3.9821413	82.05807	55.933678	6.396931	10.861979	123.39375	0.8600009
15776000	2176.27	766	2804	31162.01	68.12412	4.02964	81.25004	51.368813	7.445118	14.841155	171.76935	0.5063019
15808000	2306.15	588	2804	31229.7	66.701454	3.949837	79.73203	52.48796	6.180774	13.090619	146.42108	0.6537041
15840000	2114.73	779	2804	31294.47	66.955986	4.0325456	80.73061	52.86923	5.3912153	11.648378	144.718	0.59017426
15872000	2262.86	579	2803	31363.33	69.16883	3.9348948	79.12794	53.465042	4.2220464	6.4309416	84.82944	0.5628951
15904000	2262.78	579	2805	31429.36	69.82927	3.735837	80.3302	57.91168	4.861386	11.710682	194.95143	0.4821525
15936000	2090.39	757	2803	31493.52	69.92438	3.7698047	81.2958	58.729366	5.2097325	10.39688	139.01718	0.55223036
15968000	2166.03	582	2803	31560.35	68.48345	4.104784	80.354065	54.293205	3.9486182	7.3697143	95.60075	0.46938777
16000000	2325.79	798	2804	31625.7	68.14183	4.1756496	81.12453	52.199696	3.9528992	8.09641	152.23486	0.50226873
16032000	2369.89	587	2803	31693.6	68.12299	3.8253856	79.40585	53.221245	4.646546	10.801977	157.31845	0.47223344
16064000	2353.63	589	2805	31762.21	68.535065	3.8246512	79.66601	55.090393	4.299822	10.359634	151.60228	0.5723693
16096000	2413.45	120	2805	31829.78	67.903366	3.819723	79.591354	55.124886	3.8723168	8.461306	114.658485	0.62002337
16128000	2312.63	120	2804	31896.94	67.049194	3.9659314	80.413246	54.093178	3.8718257	9.890145	147.49088	0.46086574
16160000	2365.31	120	2805	31965.87	66.19654	4.037244	76.62914	53.235256	3.8767178	9.54021	106.16489	0.4957078
16192000	2353.96	586	2802	32032.12	67.04477	4.184958	78.055885	51.485817	3.4207113	5.6643686	78.35511	0.5766233
16224000	2357.79	582	2805	32099.45	65.93027	4.154599	79.57103	51.220734	3.761112	7.3181887	94.666275	0.48150927
16256000	2392.38	579	2805	32168.28	65.28609	4.4346023	77.83766	49.22966	3.5389247	8.347141	121.85716	0.3634215
16288000	2703.3	798	2805	32237.29	64.35232	4.3869615	77.89103	50.391617	2.5284932	5.5006375	79.95397	0.28802243
16320000	2627.45	796	2804	32304.62	65.54424	4.370919	78.076065	49.694008	2.0552354	5.11585	110.41402	0.18958399
16352000	2630.34	722	2804	32372.5	65.05651	4.2467856	76.82875	51.184006	1.5048018	2.9168031	50.293385	0.23988135
16384000	2403.29	27	2803	32440.26	65.47206	4.102637	77.41941	52.131332	2.0514631	6.778032	151.18657	0.2477359
16416000	2421.73	27	2804	32509.71	66.768654	4.0428596	79.524155	52.109764	2.7394044	6.291076	105.90313	0.39086312
16448000	2626.39	120	2804	32579.48	67.44921	3.9932163	81.216194	54.75964	2.2629423	4.21969	70.47237	0.37583116
16480000	2526.88	120	2804	32648.58	68.597244	3.9669824	82.499695	57.019882	2.549035	5.4437423	74.87149	0.34221646
16512000	2337.27	412	2804	32718.69	69.22539	4.0486317	81.64168	56.025444	3.1418135	7.7237563	124.85642	0.36965767
16544000	2445.73	588	2804	32789.79	69.50833	4.0267925	80.81462	57.603493	3.1309338	6.983137	81.17267	0.36625618
16576000	2587.48	783	2805	32860.2	69.79172	3.9491544	80.89117	56.296165	2.9210582	5.5100083	75.00126	0.35519397
16608000	2421.98	582	2804	32930.59	69.1335	3.9692645	80.69324	54.538666	3.6413007	7.92531	89.30917	0.34846443
16640000	2417.3	582	2801	33001.33	69.1387	4.1446977	81.43348	54.23332	3.4336386	8.493645	144.70978	0.36125827
16672000	2375.2	589	2804	33067.55	68.639366	4.232565	82.27947	54.526806	3.8753061	11.263769	161.7712	0.43780273
16704000	2325.61	120	2803	33134.11	67.069725	4.392643	80.546936	53.7772	3.7767072	10.360008	148.85524	0.36008173
16736000	2498.77	781	2803	33201.86	65.57927	4.590087	79.485695	50.897995	3.2856243	9.5181875	130.49837	0.35770115
16768000	2618.88	579	2803	33270.8	65.48621	4.6497664	79.4984	49.976776	2.7838764	8.628426	141.79605	0.38745797
16800000	2243.22	759	2805	33337.3	67.985306	4.6907964	84.469246	52.414368	3.397269	9.660901	125.930046	0.35331216
16832000	2293.17	752	2805	33405.21	70.27823	4.2158833	81.661	57.981075	2.8607392	7.7166557	125.28962	0.24824873
16864000	2407.51	-101	2805	33474.11	73.074	3.8877392	84.73686	60.19313	3.470331	10.444093	151.17401	0.3023427
16896000	2383.39	-101	2805	33540.44	73.96274	3.407945	85.31589	61.519157	3.040561	8.5259075	146.08609	0.24944262
16928000	2357.15	-101	2805	33612.65	72.672424	3.376797	81.969284	61.485386	3.0904815	10.040041	161.72823	0.3241687
16960000	2397.28	-101	2802	33686.21	70.07572	3.7839856	79.70018	57.307873	2.6622164	7.485048	153.12535	0.3690151
16992000	2280.15	-101	2804	33756.86	65.92698	4.318979	78.71159	52.938053	2.7867017	10.223871	143.07695	0.26410466
17024000	2183.91	775	2804	33829.79	64.96624	4.589847	79.0028	49.702686	2.9644544	7.586027	100.33868	0.31148964
17056000	2236.28	579	2804	33901.58	65.17224	4.5131106	78.0225	51.398556	2.5918736	5.806054	78.389114	0.27302444
17088000	1957.32	120	2805	33973.68	69.18576	4.373374	82.19402	54.05507	3.6894917	9.052572	160.60797	0.34218505
17120000	2469.59	579	2805	34044.19	68.76977	4.338473	80.9333	51.371033	3.5707395	9.101513	164.22147	0.32620117
17152000	2420.56	579	2803	34111.23	67.09245	4.681873	81.606804	50.27073	3.7349823	9.552508	143.21942	0.43467823
17184000	2358.92	678	2802	34179.63	62.433014	4.9059815	76.44394	44.823154	3.139011	7.397676	149.56544	0.30737525
17216000	2037.88	678	2802	34245.23	62.995567	4.6341934	76.04842	45.865692	3.866211	9.306496	125.589645	0.37811697
17248000	1900.75	120	2802	34310.41	68.513985	4.754211	82.9754	51.522213	6.8861995	12.549431	113.34813	0.5209175
17280000	2123.18	660	2804	34376.76	74.466675	3.9278617	85.06495	58.88737	7.7523203	12.068082	150.1321	0.6933164
17312000	2209.97	586	2802	34442.99	76.10258	3.5551107	86.06499	63.89066	7.6257515	13.6756525	157.52826	0.71952945
17344000	2224.05	584	2803	34510.03	72.584236	3.8229237	82.952194	60.14279	6.53952	12.366285	158.91109	0.7096086
17376000	2439.0	796	2802	34578.27	70.35994	3.9566085	81.5363	55.6044	4.9585714	11.348029	161.00978	0.6030482
17408000	2503.62	582	2804	34648.93	70.60902	3.7491353	81.89945	57.0822	4.106001	9.848947	159.1864	0.4080683
17440000	2482.94	791	2802	34718.64	71.799675	3.534398	83.06734	60.79608	3.0157812	10.5728035	155.75533	0.32351148
17472000	1630.49	120	2802	34782.78	70.87788	3.7544684	82.390976	56.306545	5.034557	15.639913	146.60051	0.3276713
17504000	1779.88	782	2803	34848.01	69.17192	3.9552584	81.69039	55.89075	5.941934	15.940002	227.80707	0.45314234
17536000	2057.11	794	2804	34914.25	68.39759	4.393019	82.12042	53.20312	6.0175548	15.257888	169.26309	0.3771873
17568000	1863.81	120	2804	34979.67	69.32829	4.195966	83.259995	55.129246	6.203466	11.796054	104.89266	0.4689679
17600000	2044.06	120	2801	35045.6	68.91515	4.2007313	80.29561	54.97375	5.186342	9.703222	130.23965	0.34590566
17632000	1953.22	120	2802	35112.73	67.306656	4.1999907	78.61316	53.936203	5.5350075	9.654374	97.22078	0.52271295
17664000	2094.8	796	2803	35180.26	66.345474	4.3891025	79.630974	49.162064	5.325803	9.855286	132.31425	0.60312665
17696000	2027.12	592	2805	35248.24	65.99483	4.1619864	78.25276	53.62546	4.9830246	9.858407	148.85405	0.6855362
17728000	2313.36	120	2802	35318.35	66.20284	3.816959	78.44162	53.761963	4.60158	7.74502	91.55464	0.56791824
17760000	2188.04	120	2802	35385.38	65.40778	4.174111	78.37915	51.716312	4.0647182	7.0408673	87.91615	0.59794164
17792000	2362.16	783	2801	35454.2	63.43775	4.313004	75.961975	50.7956	3.9724867	8.249597	120.45069	0.4927843
17824000	2488.2	586	2802	35522.33	64.00502	4.4961634	76.344475	50.806942	3.2493038	7.506561	79.59588	0.46777713
17856000	2450.44	120	2801	35590.04	66.38817	4.253216	79.29473	51.324783	3.7561615	9.273159	113.864204	0.3309674
17888000	2370.33	582	2803	35656.87	69.728424	3.8350976	82.33156	57.63697	3.6474905	8.808596	101.108185	0.49211222
17920000	2325.51	120	2803	35723.67	72.10825	3.3648992	82.86403	60.631916	3.7162807	7.8219433	90.17927	0.3887885
17952000	2226.27	120	2801	35789.34	71.761566	3.5078971	82.67392	59.527355	3.6982632	7.477016	91.51272	0.33945101
17984000	2110.33	27	2803	35855.72	71.04634	3.491039	83.22472	57.223747	3.5118413	7.3339524	96.08256	0.3635886
18016000	2235.75	27	2803	35922.27	68.8794	3.9103827	79.50171	55.353073	4.520655	11.447758	154.94272	0.46935755
18048000	2354.16	787	2802	35989.8	67.921265	4.063882	79.29524	54.509857	4.334511	10.067789	146.30806	0.45215517
18080000	2419.37	764	2802	36057.02	68.38833	3.9021046	78.53552	54.12499	4.174912	7.4587097	85.271645	0.5063983
18112000	2357.8	764	2801	36124.16	70.36674	3.7343073	80.64921	59.310688	3.942376	6.3138804	95.93629	0.5379227
18144000	2245.82	120	2805	36191.6	71.86786	3.2999012	82.06103	59.48237	3.855683	6.4413433	89.51763	0.55874896
18176000	2498.88	797	2804	36260.72	72.30472	3.2582352	82.55346	62.2241	3.6816077	6.457612	83.8121	0.5293485
18208000	2380.49	120	2803	36329.02	72.48925	3.4866583	83.00813	60.262444	4.6177354	10.951407	149.9638	0.54623497
18240000	2422.45	120	2803	36397.14	71.469185	3.4132597	80.93141	59.856316	4.460535	9.901048	139.62135	0.5093125
18272000	2456.06	120	2802	36466.38	71.719284	3.4215505	81.88833	61.061996	3.631432	6.7586837	80.57008	0.4579813
18304000	2395.68	120	2802	36534.47	70.75568	3.803276	83.08034	58.786354	3.9098272	8.475958	91.952484	0.5404931
18336000	2387.62	774	2803	36602.51	69.96849	3.7480502	81.46815	56.93723	4.0930047	9.16896	124.315094	0.47911796
18368000	2381.48	27	2803	36668.31	67.76404	4.128178	77.959	50.321148	3.455899	7.9005723	114.043526	0.343994
18400000	2341.16	27	2802	36734.77	63.94814	4.440805	76.72571	47.46692	3.119362	6.9443054	74.706726	0.35137066
18432000	2507.57	523	2803	36802.78	62.907104	4.65436	80.42322	41.07785	2.743971	6.483188	92.52912	0.3268188
18464000	2307.17	588	2803	36869.0	64.18299	4.5605693	80.155685	49.562675	2.8211389	7.2518635	142.06612	0.31481314
18496000	2361.35	120	2802	36935.86	69.960625	4.295652	82.156715	53.910057	3.4398768	9.6456375	142.6974	0.38704842
18528000	2264.4	120	2801	37004.05	73.76589	3.5995357	86.22458	61.147797	3.8235185	9.915089	189.0171	0.3944651
18560000	2324.08	120	2802	37072.36	73.594574	3.600989	84.14441	61.29589	3.2581108	7.441945	113.40075	0.32790986
18592000	2505.58	120	2803	37141.39	71.03869	3.9866874	81.98276	56.204998	3.1508234	8.476506	138.25166	0.33201993
18624000	2314.46	120	2803	37206.79	67.342926	4.5223093	80.61932	53.674835	2.646297	5.698503	71.41878	0.30582044
18656000	2295.83	120	2803	37272.37	64.52422	4.5941653	79.12601	49.12473	2.3682609	6.3414993	103.55424	0.3063965
18688000	2462.57	679	2803	37339.64	61.74965	4.8595614	75.33667	42.16362	2.3840506	7.286319	137.32336	0.24985617
18720000	2493.0	120	2803	37407.53	62.494236	4.9988494	77.47848	48.18448	2.5411966	7.737275	110.48233	0.2781429
18752000	2478.39	582	2804	37474.94	64.93277	4.600955	79.49112	49.653362	2.6899128	8.129921	132.8633	0.26222143
18784000	2561.95	582	2803	37541.74	66.39211	4.5425916	78.13008	52.640877	1.9531106	4.280374	57.00782	0.16713527
18816000	2652.88	791	2803	37610.2	64.36448	5.042073	79.02154	48.260094	2.4402838	8.348841	159.63928	0.2764693
18848000	2562.67	772	2803	37678.47	62.278755	4.834824	76.756355	39.66828	2.1130624	6.7737694	118.709045	0.22527987
18880000	2241.35	386	2805	37747.14	63.8773	5.220631	79.60648	47.70999	2.7757132	8.857384	152.51932	0.19110581
18912000	2274.39	386	2803	37815.81	70.62574	4.5690556	84.13664	54.707104	3.2130258	9.21083	125.98698	0.26063597
18944000	2162.97	120	2801	37878.72	76.09379	3.9282174	88.464905	61.411964	3.7333791	8.270698	80.372475	0.29665416
18976000	2422.6	588	2804	37945.86	78.40613	3.4400816	88.88054	64.013626	3.9876652	11.832251	161.4148	0.23063266
19008000	2655.93	791	2804	38016.38	78.01426	3.4373782	88.183716	68.175156	2.780573	7.7681236	156.17963	0.16400859
19040000	2589.44	120	2803	38085.47	75.915436	3.853645	86.70357	62.676003	2.241456	6.1320186	107.367386	0.16184619
19072000	2576.0	120	2802	38154.88	73.30202	3.8914394	84.660164	54.555744	1.4328706	4.744821	81.4777	0.14918299
19104000	2380.9	587	2804	38223.45	72.35375	3.8915346	84.712326	61.851044	1.6429768	4.582048	83.54793	0.17800543
19136000	2422.74	788	2803	38290.63	71.6565	4.054751	82.99563	57.199757	2.5287158	8.195504	140.11604	0.27154386
19168000	2402.75	772	2803	38357.88	69.190544	4.4176188	83.17847	53.136177	2.0690093	4.130806	50.64246	0.23293142
19200000	1933.05	774	2803	38427.49	68.91093	4.488805	82.605865	53.837646	4.3560066	16.355759	158.27402	0.297861
19232000	1489.93	120	2801	38491.73	70.5297	4.5232735	82.690475	56.95275	8.050254	18.59734	142.71451	0.2699398
19264000	2470.07	120	2803	38558.57	72.9578	4.0635004	86.309555	61.57448	9.195791	18.230806	121.718704	0.26740247
19296000	2574.15	778	2803	38626.91	71.17748	4.375873	84.44006	55.536026	6.355211	14.26174	120.13509	0.2716478
19328000	2298.49	589	2803	38694.21	67.26325	4.6775055	79.46757	50.740013	4.0731277	10.033101	93.24357	0.27908647
19360000	1942.45	589	2803	38759.29	64.64008	4.552841	77.31527	48.23929	3.527727	9.889929	121.72393	0.35145587
19392000	2114.77	411	2802	38826.74	65.96528	4.7208624	80.95939	51.65939	3.129979	5.4169707	70.3717	0.42947367
19424000	2168.08	120	2804	38890.97	67.36952	4.478313	80.780815	53.02861	3.9159043	8.189644	97.91977	0.36379135
19456000	2256.2	579	2804	38958.33	70.4347	4.305594	81.85156	55.218105	4.454864	9.3546915	130.86253	0.3843748
19488000	2300.04	579	2802	39022.68	68.33413	4.4573817	79.33623	52.254257	3.984396	7.876261	105.42352	0.4147026
19520000	2227.22	787	2802	39089.98	68.28869	4.234466	81.88421	52.62594	3.7565274	6.6962953	70.512054	0.4559064
19552000	2293.73	787	2803	39155.92	67.928925	4.4980497	81.21313	54.754986	3.4716117	7.9809694	148.16835	0.43566146
19584000	2574.04	790	2802	39223.26	67.60216	4.0146594	81.37741	55.35572	3.2398877	7.3574324	136.46385	0.43771467
19616000	2531.24	120	2802	39292.1	68.51286	3.9972384	80.39848	54.641434	2.6936705	5.5596776	77.042946	0.3272246
19648000	2268.23	783	2802	39360.12	69.46604	4.0307207	82.793686	53.3835	2.5027838	5.642282	131.88907	0.33628464
19680000	2320.53	789	2803	39426.62	71.54995	3.982939	83.00667	57.91386	3.7117088	7.9837856	90.89572	0.34345642
19712000	2341.58	799	2803	39493.81	74.224625	3.8668075	86.44989	61.07042	3.6604755	8.055419	106.81989	0.37106428
19744000	2362.74	772	2803	39560.72	72.4807	4.2380238	85.72581	57.88838	3.7091484	7.0647244	69.11588	0.3724352
19776000	2374.16	582	2804	39628.63	71.54176	4.135869	87.453354	57.835114	3.161342	5.4996524	58.650555	0.411437
19808000	2331.5	582	2804	39696.29	70.11853	4.4359245	81.46863	53.443024	2.207773	4.618562	80.78136	0.34108734
19840000	2372.98	582	2803	39763.33	71.0267	4.5580544	82.26818	55.25314	2.0538306	4.210463	67.5545	0.23027733
19872000	2447.94	759	2803	39830.49	72.72808	4.116991	84.718796	58.04973	2.0615485	3.6737063	52.91898	0.2865394
19904000	2536.57	579	2803	39898.68	72.208534	4.128603	86.21438	59.52959	2.5702507	6.9096007	153.43082	0.2934355
19936000	2486.5	582	2802	39966.89	71.210655	4.057445	82.751205	52.78665	2.5783403	7.1324067	151.70508	0.34415936
19968000	2187.16	582	2802	40030.18	70.48675	4.341837	83.05635	56.41086	3.6702268	7.689508	90.15139	0.33004072
20000000	2351.51	785	2802	40096.51	72.41327	4.2565827	85.62845	57.19792	3.350087	5.927915	47.277687	0.23978156
