TotalEnvInteracts	AverageEpRet1	MinEpRet	AverageEpRet	time	Averageloss	Stdloss	Maxloss	Minloss
32000	355.18	250	0	75.57	0.292018264439822	0.23029708601100018	2.296219	0.034712926
64000	364.58	242	11.58	158.95	1.0263367919921875	0.9421118336117268	6.4832983	0.12032092
96000	379.6	241	12	247.39	2.18643701171875	1.5255943065839128	9.261258	0.31754377
128000	355.07	241	13	335.85	3.647602294921875	2.4849408750197157	15.991482	0.37589812
160000	387.39	240	14	422.13	4.75412890625	2.9643948317911364	18.212025	0.66166705
192000	400.53	240	15	507.99	5.8066025390625	3.646225574138276	26.913193	0.8354608
224000	364.77	240	364	593.7	5.9007900390625	3.809532272184146	25.712307	0.6409354
256000	381.98	240	0	680.8	5.26090673828125	3.938278072925717	30.563078	0.6671644
288000	318.04	240	0	767.61	5.11812109375	3.633305275718309	23.86321	0.57197934
320000	327.07	240	0	854.54	4.7884853515625	3.5928286862512664	22.32931	0.509972
352000	410.21	240	0	942.0	4.956158203125	3.952586672832109	27.117535	0.50553465
384000	311.0	240	910	1027.85	4.86649560546875	3.6268314339103216	24.437864	0.42226028
416000	407.04	240	1245	1112.84	4.8563525390625	4.13930545011781	33.526962	0.4739952
448000	359.13	240	816	1197.75	4.8988173828125	4.0740873211064095	36.337654	0.40526932
480000	361.05	240	889	1282.96	4.52768798828125	3.6740759361198565	24.68711	0.48134953
512000	352.62	240	1071	1370.08	4.5257685546875	3.4898790608522527	25.670187	0.5079825
544000	336.65	240	938	1458.04	4.1697841796875	2.98339087176823	21.744366	0.5157157
576000	308.93	240	922	1545.91	3.868783447265625	2.878644429240958	23.663593	0.44025823
608000	258.45	240	625	1633.91	3.948484375	2.6950094938376377	19.821762	0.49564043
640000	249.53	240	832	1720.63	4.1736689453125	2.433277392158054	18.987837	0.6072425
672000	275.05	240	610	1808.57	4.3532392578125	2.9473105788901006	23.381725	0.47966763
704000	256.66	240	805	1899.0	4.4288974609375	3.0224446851844946	25.787054	0.48529062
736000	272.57	240	622	1990.72	4.5959580078125	3.3040138941142487	25.309828	0.5277432
768000	268.28	240	1250	2080.61	4.16800244140625	3.2056388001750133	24.810492	0.5226033
800000	259.0	240	876	2170.75	4.51473291015625	3.3841842628615835	23.92619	0.6602017
832000	354.27	240	914	2259.83	4.52494970703125	3.611628355049838	21.560946	0.5351169
864000	255.15	240	553	2349.92	4.83956689453125	4.2818124630523	28.361486	0.68555045
896000	260.12	240	554	2439.91	4.40001806640625	4.1796752920382465	27.372612	0.4837305
928000	264.33	240	627	2527.2	4.568583984375	4.678123956245709	27.147924	0.3833415
960000	314.82	240	908	2614.47	5.1071259765625	5.36821737753791	36.926174	0.50315386
992000	306.94	240	686	2701.25	4.739640625	5.6215048168839985	40.296463	0.32439184
1024000	275.14	240	610	2790.03	4.52999462890625	5.445227267984322	38.366627	0.3800821
1056000	275.64	240	552	2877.46	4.43885791015625	6.340495470584298	44.81181	0.34141603
1088000	395.14	240	1225	2964.34	4.50516943359375	5.899245846928233	45.2125	0.29417405
1120000	372.79	240	933	3050.15	4.13575439453125	5.362772246877076	31.247799	0.33766615
1152000	489.36	240	1253	3135.54	4.5514267578125	5.949474110163015	46.43412	0.31285173
1184000	425.14	240	1246	3220.86	4.66992041015625	6.134047208511685	39.778515	0.44056427
1216000	410.45	240	959	3306.76	5.00335400390625	6.510593230939097	44.786633	0.4403376
1248000	360.15	240	1250	3392.05	5.69416796875	6.960388481435501	44.066933	0.45976534
1280000	307.69	240	743	3478.13	6.024365234375	6.998714167616791	55.093468	0.55556947
1312000	349.58	240	807	3563.53	5.9851845703125	6.780477490560676	46.890503	0.6158904
1344000	273.06	240	576	3650.34	6.9197822265625	7.200663489394572	36.661392	0.58813727
1376000	377.21	240	955	3735.95	6.9064541015625	7.130445287638072	51.183205	0.48052412
1408000	367.52	240	955	3822.74	6.64323046875	7.01180589256434	47.12184	0.59737694
1440000	282.96	240	553	3909.73	6.37521923828125	6.286869687590956	51.714573	0.67814577
1472000	282.01	240	1423	3997.32	6.2681279296875	6.238993746490695	38.471928	0.65137017
1504000	324.1	240	628	4084.34	5.68803466796875	5.556628045350435	37.288456	0.52208996
1536000	303.37	240	1257	4170.0	5.56611328125	5.5499174754562794	41.6263	0.6907612
1568000	426.54	240	555	4255.85	5.90059326171875	5.576794834400849	52.051674	0.6931232
1600000	424.78	240	729	4343.48	5.711517578125	5.457998717478779	38.844097	0.8326653
1632000	377.09	240	629	4429.87	5.43018212890625	5.076478002143809	33.923145	0.678483
1664000	343.75	240	736	4515.58	5.461806640625	5.269626632290945	56.194584	0.68305016
1696000	381.0	240	959	4601.6	5.3480380859375	4.658704470531481	27.963047	0.60192114
1728000	273.19	240	1254	4687.04	5.27001220703125	4.6323233826963115	41.586605	0.6582198
1760000	293.13	240	934	4774.27	5.4792705078125	5.094568952570963	33.539738	0.7160374
1792000	262.46	240	378	4862.23	4.7924423828125	4.305356629029121	33.155346	0.61282253
1824000	266.96	240	531	4951.42	4.826435546875	4.347925600933162	36.23668	0.45798367
1856000	353.87	240	543	5041.84	4.69878564453125	4.511350052575725	33.888096	0.5752882
1888000	255.96	240	390	5133.61	4.54566259765625	4.274361017669776	31.915756	0.4432394
1920000	264.06	240	547	5222.08	4.29129931640625	3.9820950584695365	29.911283	0.3623771
1952000	361.59	240	555	5310.91	4.5504658203125	4.5547494099566	29.378168	0.4144877
1984000	264.85	240	558	5399.01	4.09348876953125	3.948905851229553	33.352776	0.41924208
2016000	330.73	240	555	5488.72	4.50250341796875	4.380144965851587	32.80063	0.34919548
2048000	332.12	240	1050	5576.8	4.25105126953125	4.634527770577063	36.920956	0.45263183
2080000	256.35	240	555	5664.65	4.827234375	5.505942279993953	36.514984	0.25785327
2112000	292.92	240	723	5753.13	4.0197734375	4.712006771270602	30.764076	0.25926012
2144000	430.15	240	1432	5842.69	4.321685546875	5.559974496906438	36.954163	0.2700992
2176000	283.36	240	645	5931.86	4.13459326171875	5.277916847582955	33.15518	0.2878536
2208000	300.33	240	654	6020.57	4.320744140625	5.859925140840112	38.20868	0.30698222
2240000	354.94	240	1090	6108.41	3.770459716796875	5.162438899456825	38.38335	0.20485094
2272000	249.52	240	379	6195.35	4.2867861328125	5.785498776574929	46.10456	0.14559123
2304000	261.55	240	630	6283.19	4.3641005859375	5.640479049358308	41.63881	0.2671669
2336000	257.71	240	456	6369.39	4.081828125	5.512155601486591	40.332706	0.19741032
2368000	311.06	240	631	6456.29	3.94708544921875	5.2587648190307	36.46823	0.213589
2400000	300.32	240	634	6542.42	3.95085595703125	5.396642293767023	48.60233	0.21209186
2432000	258.69	240	553	6629.03	4.2348916015625	5.304933030032047	27.888111	0.14430307
2464000	359.58	240	719	6715.72	3.748035400390625	4.6324715831562315	29.81758	0.22004527
2496000	252.18	240	259	6803.37	4.01745263671875	5.0821497512125715	32.56028	0.19793156
2528000	302.52	240	628	6889.6	3.44909326171875	4.38895497598802	35.036858	0.24681401
2560000	360.37	240	727	6975.9	3.714599365234375	4.285643730818044	30.45551	0.28226018
2592000	353.9	240	631	7062.88	3.768930908203125	4.391296879197534	34.08712	0.27063888
2624000	289.68	240	715	7148.63	3.773361083984375	4.280697044582809	28.037249	0.24851058
2656000	263.18	240	555	7235.23	3.58858154296875	4.424711325329597	33.598377	0.31553018
2688000	258.85	240	453	7321.42	3.74489404296875	4.652269271549101	29.74445	0.23768581
2720000	282.71	240	553	7408.28	3.4384755859375	4.146119703258699	33.808624	0.22279926
2752000	367.2	240	820	7493.73	3.3406123046875	4.363910275272052	38.17151	0.18732819
2784000	472.54	253	732	7579.42	3.53949560546875	4.379693464587448	34.885406	0.24418736
2816000	408.14	240	738	7665.67	4.14938427734375	4.689566003040686	37.185616	0.30616206
2848000	460.53	225	901	7751.13	4.303578125	4.629108394847759	29.836313	0.2616173
2880000	598.04	240	1254	7835.65	4.80805615234375	5.254472053641545	41.05331	0.48762837
2912000	557.99	367	1255	7921.7	5.0171806640625	5.189173863981145	39.981094	0.45314628
2944000	526.11	240	916	8007.1	5.40711181640625	5.547424620657319	45.84292	0.5069737
2976000	461.49	240	915	8093.05	5.48233984375	5.141085275746747	38.49423	0.5561198
3008000	435.7	240	1092	8178.09	5.28593359375	4.99456462379355	36.428093	0.43466258
3040000	388.51	240	1091	8263.15	4.60723046875	4.061168291344869	26.725159	0.45120066
3072000	433.53	240	1257	8348.11	4.8658427734375	4.496812673299834	34.67349	0.57110846
3104000	478.66	240	1248	8433.01	4.52209765625	4.385490993036013	33.72823	0.345783
3136000	516.51	240	1253	8517.34	4.755498046875	4.375730519367594	31.613464	0.5933988
3168000	396.64	240	1099	8602.64	5.0757158203125	4.644032419070198	29.30582	0.65960157
3200000	438.25	240	1424	8689.33	5.27861328125	5.132936689897899	38.650604	0.549322
3232000	428.02	263	920	8778.41	4.87255712890625	4.705175217579575	39.775932	0.5531493
3264000	427.26	240	955	8865.92	4.41255224609375	4.166012969554944	26.543196	0.5402775
3296000	343.13	240	916	8953.1	4.4589912109375	4.008937037654121	33.161194	0.60180366
3328000	545.73	240	947	9040.74	4.83945068359375	4.569267455306703	33.98243	0.5711779
3360000	524.47	240	1094	9126.28	5.1945673828125	4.538730463328925	37.682495	0.5575059
3392000	433.63	240	1416	9213.65	5.43161962890625	4.685742170403745	64.22436	0.595435
3424000	549.04	240	1493	9299.89	5.83306201171875	5.295826039202949	46.09577	0.72071624
3456000	479.91	240	1410	9385.14	6.90010498046875	6.603509365292064	69.25419	0.99665713
3488000	350.25	240	1100	9471.37	7.0852412109375	6.4734554142281695	45.081505	0.78877443
3520000	257.38	240	804	9558.53	7.45041064453125	6.677419973313047	51.099167	0.62602055
3552000	274.78	240	914	9645.26	6.96025439453125	6.4933234941746125	42.4681	0.7760785
3584000	357.95	240	917	9732.44	7.377302734375	6.760098348951737	42.035004	0.7583623
3616000	462.91	240	1415	9817.98	8.0952060546875	7.157675349319079	49.07313	0.6543833
3648000	273.73	240	1253	9905.08	7.91867578125	7.205645030980919	42.23502	0.53612155
3680000	244.18	240	449	9992.76	8.36617578125	8.184860261482783	61.70082	0.63587207
3712000	481.66	240	960	10078.03	9.039642578125	9.088496334652945	63.004196	0.7262967
3744000	275.52	240	824	10163.83	9.234787109375	9.554441866221175	61.79976	0.7592796
3776000	281.07	240	1248	10250.18	9.8677470703125	10.634625786787234	101.17318	0.782263
3808000	386.99	240	1413	10336.17	10.3026591796875	11.210554457742044	91.67018	0.5758407
3840000	333.97	240	1254	10422.16	9.3349443359375	11.230644808402587	78.110466	0.63233495
3872000	346.87	240	1413	10508.23	10.89271484375	12.619690715306774	78.27742	0.44188288
3904000	487.58	240	1385	10593.96	10.057330078125	11.258565142259469	75.69446	0.3955571
3936000	374.95	240	1417	10679.49	10.360201171875	12.559191106516375	95.896835	0.4315073
3968000	503.49	240	1415	10764.81	10.548072265625	12.341586835776022	97.815796	0.595628
4000000	469.19	240	1420	10850.45	11.80029296875	13.434499665041493	83.95537	0.49178138
4032000	621.3	240	1429	10936.69	12.0364072265625	12.707090786250014	69.65226	0.65251553
4064000	393.38	240	958	11023.82	13.5403154296875	13.934912315834643	92.70502	1.0851947
4096000	456.93	240	1254	11110.97	11.8807177734375	13.065148056949068	78.91343	0.49216506
4128000	429.08	240	1474	11198.36	12.1304375	13.37971820985031	83.878296	0.50243616
4160000	287.47	240	809	11287.26	13.011384765625	14.331859178068978	98.305954	0.6305121
4192000	519.77	240	1254	11374.7	11.698779296875	13.00189889977614	94.46417	0.79462564
4224000	517.34	240	1254	11461.54	12.725396484375	15.21740009413566	104.32372	0.92607063
4256000	519.89	240	1399	11549.55	12.3632490234375	14.199653384854154	97.65444	0.6281333
4288000	536.98	240	1398	11635.98	13.35311328125	15.166013607734895	103.77969	0.737628
4320000	451.47	240	1431	11723.66	12.801205078125	14.107723948249058	113.70862	0.7990824
4352000	547.67	240	1409	11811.16	13.5856083984375	14.988219332195536	87.62537	1.0498296
4384000	369.37	240	1421	11897.81	13.35031640625	14.557983205100905	109.37037	1.1819044
4416000	440.94	240	1414	11985.28	14.2587890625	14.745117836083915	87.8137	1.2402833
4448000	463.69	240	1404	12072.65	13.515630859375	13.591018978538733	90.73117	1.0150949
4480000	504.96	240	1414	12159.98	13.346681640625	13.206548446698706	93.05248	0.97734284
4512000	459.57	240	1375	12245.81	13.369955078125	12.553107185075733	102.84439	1.0141585
4544000	441.75	240	964	12332.11	13.1335625	11.994783371324386	91.064926	0.79170555
4576000	348.89	241	1250	12417.94	12.3911025390625	11.129593503920077	85.20979	0.72739637
4608000	423.87	240	1418	12504.17	12.6628486328125	10.560971782937402	104.8582	0.69019425
4640000	418.44	240	1610	12590.23	13.7189765625	11.329324505459272	115.4327	0.8467479
4672000	597.69	241	1392	12675.96	13.063048828125	10.754276039092543	89.077065	1.2907186
4704000	462.54	240	1252	12761.93	13.01844140625	10.81482164381364	71.33262	1.137295
4736000	568.17	240	1356	12847.28	13.486603515625	10.438057245603705	82.23497	1.2192733
4768000	591.8	189	1389	12932.09	13.259009765625	10.709286274070742	82.974144	0.7888467
4800000	619.39	263	1401	13017.34	13.088927734375	10.438346896779203	65.86298	1.051348
4832000	783.98	240	1757	13102.33	12.450802734375	9.628812556592843	62.839508	1.2776742
4864000	654.87	263	1402	13188.01	12.582525390625	10.06619730210967	73.08354	0.9087233
4896000	717.27	240	1422	13273.35	13.168828125	11.09642150932002	78.14964	0.73923594
4928000	674.72	240	1403	13358.8	12.4088203125	10.499550957660047	81.34123	1.1962283
4960000	558.61	263	1387	13444.03	13.4843876953125	12.205642906049645	88.25142	1.0462309
4992000	502.24	240	1408	13530.19	13.089638671875	11.983369335249582	72.448166	1.2823066
5024000	365.3	240	1414	13616.32	13.4961357421875	13.56903759483332	98.02411	1.406698
5056000	411.99	240	1310	13701.55	14.03508984375	15.506629630580592	98.01622	1.1630899
5088000	403.42	240	1396	13786.98	14.35675	15.051049589646563	154.23244	1.3651865
5120000	371.65	240	1409	13871.95	14.245373046875	15.26886640356775	117.84424	1.1904094
5152000	412.22	240	1404	13959.15	13.5714228515625	13.565540557788326	105.17355	1.3650181
5184000	276.76	240	1404	14046.9	13.24299609375	13.186405167823413	85.3354	1.0434015
5216000	296.62	240	1395	14135.55	13.545359375	12.514095802334262	90.96246	1.2486647
5248000	337.59	240	1412	14224.72	14.3053916015625	13.0001117783656	107.82789	1.1772071
5280000	309.95	240	1611	14313.62	13.899986328125	12.372031209546797	70.4079	1.159509
5312000	260.7	240	833	14404.27	14.93234375	14.118180322725731	91.50399	1.253468
5344000	242.66	240	482	14494.21	14.43931640625	15.178342918447981	101.17326	1.0117784
5376000	325.54	240	958	14582.63	13.799701171875	15.891040124862815	103.62324	0.9054452
5408000	309.87	240	1420	14671.14	13.63117578125	16.30918548701927	117.26097	1.1075624
5440000	279.0	240	1433	14760.07	11.036232421875	13.869754639141963	116.764824	0.8610281
5472000	282.49	240	948	14849.16	11.5556484375	13.888522689616776	78.37331	1.1044774
5504000	379.77	240	1412	14937.08	9.55231640625	12.073962170720927	90.2302	0.48131108
5536000	588.62	240	1415	15023.05	9.31759765625	11.85666742807607	91.42532	0.6591186
5568000	427.03	240	1400	15110.05	9.195216796875	11.442203267946256	98.460266	0.8179097
5600000	660.57	240	1411	15195.8	9.734833984375	11.38271647608777	101.96844	0.68603945
5632000	542.28	240	1416	15282.0	9.6689677734375	11.032066896098845	85.041885	0.8569639
5664000	308.73	240	916	15368.65	10.772490234375	12.814751021771745	112.0466	0.97154194
5696000	482.24	240	916	15454.88	11.232265625	13.605997069307342	117.57712	0.8606338
5728000	606.58	240	966	15541.3	11.951662109375	13.731688374886753	89.488266	1.1586993
5760000	362.26	240	957	15627.63	14.2318173828125	16.568908194265546	196.69054	1.0027603
5792000	304.34	240	960	15713.27	14.697169921875	15.937889210933799	115.49541	1.3890982
5824000	524.36	240	1410	15798.79	16.2350078125	16.876034227566617	121.87233	1.537962
5856000	610.81	240	1393	15883.69	16.40698828125	15.687755974007244	108.78116	1.8970226
5888000	463.3	240	1360	15967.94	15.8946884765625	15.653406178848103	111.574875	1.4027371
5920000	406.74	240	989	16052.81	15.50162109375	14.734689087320438	101.11696	1.617619
5952000	509.64	240	987	16138.42	14.79723828125	13.921801697337884	90.36378	1.7816097
5984000	295.67	240	959	16223.83	16.2690146484375	13.985941602194684	97.56446	2.1766708
6016000	540.04	240	965	16308.79	15.0132666015625	12.602332373414058	94.87398	2.3264465
6048000	478.18	240	958	16395.94	14.3375859375	11.835110635308823	90.65801	1.9498018
6080000	649.02	240	1398	16481.03	13.3543486328125	10.748753561460045	93.5663	2.0862405
6112000	630.18	240	1406	16566.14	12.106548828125	8.275408788996469	57.004425	1.934952
6144000	572.41	240	1407	16652.13	12.201818359375	8.378842402146015	60.61732	1.3260438
6176000	673.2	240	1490	16737.39	12.059240234375	8.555896176029721	61.742928	2.2301524
6208000	850.88	240	1410	16823.28	12.0932802734375	8.014387696901741	62.52472	1.9288936
6240000	663.2	240	1410	16908.31	11.0156376953125	7.334565533315521	51.296745	1.4006963
6272000	781.69	263	1408	16994.04	10.6502236328125	7.169221595211715	53.38351	1.8537955
6304000	569.49	240	1395	17079.35	10.7761474609375	7.199133791210579	54.82699	2.0746346
6336000	611.48	257	1398	17163.98	10.58277734375	7.241309446502062	57.064934	1.175581
6368000	612.03	240	962	17249.66	10.534443359375	7.795244443729779	68.55994	1.4838501
6400000	751.2	240	1431	17334.96	10.570671875	7.838123729168225	77.93967	1.408781
6432000	581.92	240	1428	17420.69	10.977724609375	8.896183345963593	65.298904	1.6236317
6464000	490.91	240	1402	17507.09	11.231412109375	9.134884201510165	55.151615	1.7208989
6496000	624.19	240	974	17593.63	11.224396484375	9.032492561580108	68.54733	1.3742023
6528000	621.62	240	1227	17679.89	11.29601953125	9.565195290086868	58.021645	1.4537026
6560000	750.64	240	1404	17766.2	11.43887109375	10.17247358069806	97.778046	1.1879455
6592000	636.77	240	1403	17852.74	10.4870859375	9.38037595861701	66.47002	1.7129681
6624000	678.32	257	1417	17939.06	11.125318359375	10.645387058486882	88.60035	1.5606213
6656000	782.14	241	1399	18024.22	10.4970634765625	9.937339228259242	90.334656	1.157235
6688000	785.89	371	1392	18109.89	11.0205390625	10.68973587723289	68.4126	1.7097197
6720000	762.63	264	982	18196.15	10.2721484375	10.830914954425596	111.09945	1.5179558
6752000	771.88	369	1403	18281.35	10.545560546875	11.39800455397786	90.34253	1.7578174
6784000	653.41	263	1411	18366.53	10.40234765625	10.710657659546401	65.13926	1.7163558
6816000	819.09	264	1388	18452.05	9.7615166015625	9.942707754932758	76.42148	1.6170236
6848000	777.41	257	1408	18537.85	9.807662109375	10.137785137790207	77.342415	1.6089139
6880000	922.82	361	1425	18623.51	8.80434375	9.46504465454337	83.962326	1.3868608
6912000	854.49	378	1404	18709.13	7.93091845703125	8.64449698507669	71.66452	1.2471772
6944000	831.1	257	1425	18794.71	6.976609375	7.130936123679696	84.51094	1.0535219
6976000	820.23	263	1408	18880.16	6.60611181640625	6.40270206631544	57.044605	1.0485362
7008000	1068.18	240	1428	18965.69	5.8289150390625	5.103987794484818	45.70147	1.0273733
7040000	881.64	363	1432	19051.79	5.7929345703125	5.342042490354228	54.321083	0.83790755
7072000	723.88	263	1413	19137.44	5.952537109375	5.69442349886053	55.577324	0.894307
7104000	919.13	263	1424	19223.79	5.5666220703125	4.754572634580315	46.08303	1.0180477
7136000	879.65	263	1422	19308.92	5.780234375	4.952260374061526	45.44107	0.9450958
7168000	997.42	256	1430	19393.59	6.079849609375	5.999251906488008	52.661964	0.91097903
7200000	1070.69	367	1663	19478.64	6.21603173828125	6.437677788807078	48.683964	1.0681717
7232000	1035.02	263	1492	19563.71	6.0413212890625	5.760021836981176	61.86694	0.9754994
7264000	1009.84	263	1558	19648.72	6.1109951171875	5.9026662407762815	53.562542	1.0478189
7296000	973.09	263	1695	19733.84	6.3036201171875	5.9941804459617325	50.83439	0.80436164
7328000	755.28	263	1440	19819.34	6.73249072265625	6.691889330562782	50.648926	0.8166666
7360000	919.39	257	1491	19904.46	6.77252783203125	7.05135625252334	59.73222	1.076093
7392000	547.22	258	1565	19990.58	6.985349609375	6.942915960261222	61.738766	0.94665134
7424000	758.22	257	1493	20077.58	8.3254482421875	9.069582577219307	87.91538	1.4537873
7456000	984.19	258	1550	20163.36	9.67205078125	9.824198838200498	88.67082	1.1883621
7488000	691.56	263	1432	20249.92	9.9667041015625	10.17416036154827	79.33096	1.5680614
7520000	846.44	263	1493	20336.66	11.065626953125	10.7791748002804	85.57984	1.6000079
7552000	796.11	367	1402	20422.67	10.09663671875	9.634935618622473	69.48946	1.6842039
7584000	909.47	367	1416	20508.76	9.90551171875	9.097570073926335	81.178024	1.3227451
7616000	1026.13	263	1433	20594.89	10.09973828125	9.427111832369444	69.643715	1.1420251
7648000	1011.22	367	1427	20679.94	10.130212890625	9.416192834686427	74.89568	1.3497083
7680000	820.47	263	1721	20767.56	10.0286767578125	10.547461928113322	89.50573	1.5296443
7712000	984.79	257	1431	20853.58	9.764046875	9.171132103644567	69.24682	1.4722531
7744000	1097.77	388	1428	20939.88	10.25997265625	8.887048160103555	60.462044	1.742247
7776000	1008.29	256	1429	21025.08	11.002859375	10.516419825087814	89.07973	1.4899848
7808000	925.44	256	1641	21110.58	10.568724609375	10.30429180912012	88.85694	1.9917605
7840000	1016.79	378	1547	21197.73	11.73084375	10.690832448294193	67.056465	1.5328865
7872000	848.23	256	1428	21282.51	11.901310546875	10.50027678206627	88.230194	1.6917915
7904000	808.87	388	1434	21368.3	11.051546875	10.14025047459381	77.26168	1.3894086
7936000	952.66	444	1818	21453.14	11.0201962890625	10.837290943773725	97.75236	1.9443678
7968000	832.12	258	1493	21539.7	10.2383125	9.956862818553844	87.396355	1.606447
8000000	891.87	361	1421	21624.93	11.1842255859375	10.561571334915085	84.23129	1.5125653
8032000	1153.36	367	1487	21709.95	10.502498046875	9.775639764869611	99.037605	1.4349701
8064000	1003.06	378	1611	21795.31	10.55369921875	10.294780230777148	80.76567	1.6032989
8096000	950.1	263	1762	21879.69	10.3681240234375	9.906229100924326	85.71014	1.6157317
8128000	1032.83	367	1611	21963.88	10.190173828125	9.604261342628073	79.88826	1.0484633
8160000	893.5	444	1406	22047.98	10.391203125	9.28916539577157	62.88695	1.5521238
8192000	1011.52	367	1474	22132.2	9.9203857421875	9.372754731134279	81.72715	1.5431173
8224000	760.41	263	1430	22217.1	10.4044921875	10.012862821141614	105.03482	1.3354919
8256000	987.12	378	1414	22300.25	10.6332578125	9.893751184459816	82.31774	1.463071
8288000	1134.88	263	1491	22382.19	10.1934765625	8.963100572625525	67.2233	1.0756247
8320000	998.21	263	2118	22464.12	10.1196005859375	9.53986291175088	103.93927	1.4800433
8352000	1144.26	263	1611	22545.55	9.172353515625	8.207934899382426	62.299324	1.3388388
8384000	1107.98	263	1688	22627.7	9.248013671875	8.972332472662837	70.107124	1.5021814
8416000	891.69	263	1625	22710.6	9.1815146484375	8.572779413644096	61.255512	1.3647755
8448000	867.31	257	1611	22794.81	9.379587890625	8.599629806712612	61.878117	1.3865894
8480000	968.35	367	1487	22879.42	9.5749990234375	8.207129141788863	70.75011	1.3926778
8512000	978.91	366	1485	22963.33	8.6715810546875	7.137122363039603	77.88455	1.5238175
8544000	873.77	371	1432	23047.9	8.6431513671875	6.636419992171985	61.320694	1.5862602
8576000	628.88	381	1400	23132.74	9.904392578125	8.452146546883816	70.409744	1.631125
8608000	746.1	263	1589	23217.38	10.29494921875	7.858161809943214	55.977207	1.7772663
8640000	742.34	263	1404	23302.31	10.8086796875	8.80251295795695	80.17285	2.0226388
8672000	735.17	378	1401	23386.79	11.5246845703125	9.012286318548695	70.801926	1.9585927
8704000	1065.67	388	1431	23471.14	11.91765625	9.120953726173596	71.18063	1.676622
8736000	847.98	363	1430	23555.03	11.000701171875	9.166360032750186	86.69265	1.8829056
8768000	723.55	263	1419	23638.9	11.155794921875	9.747032400941324	83.3327	1.8314319
8800000	798.54	358	1418	23723.73	10.96534765625	10.820445057852288	109.75386	2.0437236
8832000	751.46	263	1425	23807.8	11.2446181640625	10.443067751503865	80.65948	1.7484016
8864000	823.48	358	1614	23891.62	11.48035546875	9.90412871609613	76.176346	2.335397
8896000	759.53	358	1406	23976.95	12.394966796875	11.438204213293274	77.30489	1.7707562
8928000	876.95	374	1418	24061.53	11.415138671875	9.253560125702972	74.04233	1.6421313
8960000	980.34	373	1428	24145.73	11.60487109375	10.450340903530373	101.42	1.9091308
8992000	1144.05	263	1417	24229.46	11.2751015625	10.251306700245584	90.19692	1.8794811
9024000	1108.93	373	1435	24313.4	11.1012275390625	9.915321162221625	67.64243	1.6756153
9056000	1136.91	369	1426	24397.3	11.91456640625	10.83781826233952	78.39417	2.0278423
9088000	1137.19	361	1435	24481.21	11.51183984375	10.916123038308976	81.68998	1.610919
9120000	876.51	363	1410	24565.82	11.68203125	11.157697035006821	90.58759	1.9565918
9152000	883.29	263	1431	24650.31	10.5128203125	10.667432915186296	81.58412	1.4874839
9184000	812.15	256	1437	24734.84	11.30714453125	11.518163644869784	81.16022	1.577943
9216000	757.24	257	1416	24819.32	10.9436328125	11.33924876259446	86.56844	1.5653208
9248000	839.09	373	1492	24904.13	11.473572265625	11.847523475393496	109.33943	1.2996252
9280000	676.77	367	1412	24988.87	13.046091796875	15.024178430117235	115.05603	1.2431858
9312000	914.25	258	1491	25073.23	13.0925	15.16006318011241	110.28589	1.5822477
9344000	956.95	362	1416	25157.88	13.6323271484375	15.757629600450697	106.77637	0.98942184
9376000	874.93	257	1422	25241.77	13.95985546875	17.003922341624595	119.15558	1.1183243
9408000	791.79	257	1409	25326.22	13.560751953125	16.227359227551474	101.98658	1.4374063
9440000	1000.18	371	1428	25410.43	12.962396484375	16.37152157711677	136.48076	1.4796886
9472000	907.77	257	1431	25494.86	13.0691787109375	16.24534741087429	136.37909	1.6210537
9504000	808.75	263	1429	25580.01	12.3393271484375	16.3738100712693	133.28511	1.4446143
9536000	1077.32	371	1622	25664.58	12.6305888671875	15.785223509662446	117.38406	2.0006685
9568000	994.49	363	1435	25749.39	11.79447265625	14.02801326810037	96.55425	1.6435833
9600000	1060.74	369	1432	25833.8	11.56339453125	13.917723637506244	118.72063	1.6444904
9632000	1017.84	257	1430	25919.99	12.734109375	15.609401714191355	154.57855	1.5252147
9664000	1075.21	379	1429	26004.98	11.5006826171875	13.438395319010377	108.53312	1.9783765
9696000	1181.06	386	1427	26090.35	11.3939921875	13.671475208440382	135.2305	2.171239
9728000	1032.21	629	1431	26175.43	11.5807998046875	12.715456883258264	127.56839	1.7742474
9760000	1159.09	263	1616	26259.65	10.0159287109375	10.700880147796255	104.14785	1.1383704
9792000	1162.76	371	1422	26345.18	9.828052734375	10.750485454155081	100.78856	1.5485506
9824000	1072.57	444	1427	26429.03	8.4949169921875	7.656528056175332	79.19461	1.4667408
9856000	1123.26	263	1428	26513.58	8.092005859375	7.444992549526158	76.461624	1.7867459
9888000	995.67	263	1431	26598.88	7.7899501953125	6.733975481188656	62.209988	1.4221411
9920000	1060.89	371	1431	26683.49	7.2728544921875	6.39746837135597	54.498444	1.5001433
9952000	1109.09	263	1433	26768.3	7.6476298828125	6.578170575851617	53.5612	1.6002699
9984000	1199.93	263	1432	26853.18	7.72762890625	6.795170619638626	64.3785	1.3942441
10016000	1114.0	263	1436	26937.23	6.82566845703125	6.3520825817207385	66.918045	1.3403175
10048000	1084.87	263	1431	27022.2	6.92763134765625	5.901387217743808	45.884487	0.9278327
10080000	1140.95	263	1430	27106.95	6.70034765625	6.31945099969135	67.620834	1.1608891
10112000	1002.22	263	1430	27191.59	6.4494580078125	6.167618943928038	63.626335	0.9373483
10144000	1122.1	263	1435	27276.37	6.5019833984375	5.77624614531358	45.296036	0.9822265
10176000	972.68	555	1422	27363.82	6.31283203125	6.322807488074424	63.86752	1.0653155
10208000	1029.57	257	1433	27452.5	6.9909208984375	6.819307378685902	53.442036	1.1177714
10240000	1070.0	256	1433	27537.28	6.98269921875	7.279670429524952	110.211296	1.2930453
10272000	995.6	259	1431	27622.22	6.70397900390625	6.998022600170708	66.75926	1.0573885
10304000	1049.07	363	1433	27707.03	7.0135517578125	6.729220330023383	59.538094	1.0852529
10336000	1131.61	443	1433	27791.72	6.80635205078125	6.553522132697043	68.14781	1.0781317
10368000	1131.18	256	1433	27876.83	6.42841064453125	6.2266648752562554	66.97139	1.1685838
10400000	1078.69	256	1433	27960.99	7.1848671875	7.926613843959475	75.305405	1.3169127
10432000	1108.31	371	1432	28045.69	6.56635986328125	6.1860023440021426	57.232594	1.2298396
10464000	1134.63	263	1619	28130.16	7.212037109375	7.243647270626172	55.532867	1.1609099
10496000	1007.12	363	1433	28215.21	7.00313671875	7.311255235935892	83.56371	1.1574153
10528000	993.92	378	1430	28299.21	6.900013671875	7.297875868189318	62.27718	1.2157934
10560000	1142.9	443	1491	28383.49	7.127880859375	7.95875598790414	87.60815	1.2051576
10592000	1063.91	257	1433	28468.18	7.212740234375	7.649004224407253	57.973152	0.95499897
10624000	1118.21	263	1429	28553.08	7.1626220703125	7.8842889164939916	77.76999	1.1779816
10656000	1037.04	443	1431	28638.03	6.91625146484375	6.543658070032388	54.307224	1.0427006
10688000	1099.05	371	1431	28724.64	7.2845556640625	7.9557798859539846	89.702545	1.1757283
10720000	1272.22	263	1431	28809.71	7.0479619140625	7.227016370882247	60.496304	0.8780344
10752000	1122.86	263	1431	28894.4	7.06422509765625	6.531512554531301	51.306534	1.1443007
10784000	1119.59	263	1436	28978.99	7.282970703125	7.899576481922939	69.01817	1.198146
10816000	1209.3	263	1436	29064.1	7.660755859375	8.555645979410322	78.77617	1.0510955
10848000	1271.1	378	1431	29149.78	6.8812099609375	7.748928605378294	76.41851	0.5906055
10880000	1151.44	371	1436	29234.76	7.090240234375	7.6181542014782035	72.13732	1.0058393
10912000	1183.05	263	1432	29319.65	7.0735302734375	8.384145193458902	85.46039	1.3202075
10944000	1210.68	443	1437	29404.15	7.25706689453125	8.835764062179342	89.11653	1.0961983
10976000	1211.55	392	1485	29489.69	6.7128076171875	8.317457168510098	92.24659	1.2897471
11008000	1308.26	457	1429	29574.09	6.836642578125	7.998012692616211	59.624958	1.1843421
11040000	1303.45	363	1430	29658.31	7.0918583984375	9.419587305184871	99.43225	0.9451426
11072000	1240.97	263	1432	29742.44	6.5229853515625	8.330350195219886	71.64164	0.9216051
11104000	1283.33	750	1624	29826.81	6.445630859375	8.755006603367013	84.61777	0.8582948
11136000	1131.78	443	1433	29912.38	6.6598330078125	8.348754585265995	70.5547	0.7988012
11168000	1231.77	363	1433	29997.27	6.47463525390625	9.057396839048183	76.22006	0.8087998
11200000	1166.25	363	1433	30081.74	6.74487353515625	9.891235072022099	95.90614	0.7310096
11232000	1114.94	379	1433	30167.22	6.751669921875	9.48258930883332	89.85793	0.7310555
11264000	1112.85	554	1432	30251.98	6.2248955078125	8.426558646624374	94.02737	0.740129
11296000	1145.7	360	1433	30336.62	6.4160810546875	8.468827029169978	116.980064	0.8082679
11328000	1224.64	554	1435	30421.36	5.6801611328125	6.87019889177162	58.058407	0.84101844
11360000	1046.52	443	1430	30506.69	6.126208984375	8.10385084003278	79.681335	0.94875634
11392000	964.3	363	1436	30591.55	6.24490869140625	8.38995213782534	91.245	0.80847615
11424000	1116.27	258	1431	30676.81	6.296236328125	8.887993129779073	82.22595	0.96665126
11456000	1240.36	379	1430	30761.87	6.7621484375	8.836644672187516	73.00627	0.8199506
11488000	1051.38	256	1431	30847.28	6.301541015625	7.701903934661221	65.1515	0.8352932
11520000	1174.53	397	1431	30931.72	6.3422392578125	7.126553010572502	65.53779	0.98639256
11552000	1124.51	263	1430	31016.98	7.5080224609375	9.16190823464195	87.99609	1.1551486
11584000	1278.18	371	1487	31101.6	6.9005322265625	8.736875871843436	93.46595	0.7968331
11616000	1226.38	258	1430	31187.12	7.0264560546875	8.629630097808365	83.67611	0.9791397
11648000	1165.02	371	1482	31271.84	7.74040771484375	8.808341660749768	66.40247	1.0233543
11680000	1164.37	258	1435	31356.62	7.341068359375	8.558425125278598	105.53333	0.8117641
11712000	1013.86	366	1695	31440.87	7.20347265625	8.104920380546622	107.43609	0.9903073
11744000	1020.36	263	1433	31525.53	8.360412109375	9.921466231737122	135.57191	1.1845344
11776000	957.03	366	1432	31610.28	8.709380859375	10.171111434474602	93.236435	1.2414583
11808000	886.46	366	1486	31694.55	8.1635302734375	8.840083603959863	87.75068	1.1981905
11840000	1047.95	263	1434	31778.58	9.31651171875	10.640791573586055	109.91748	1.3049064
11872000	1257.43	400	1435	31861.55	10.7996328125	12.893689105527557	101.853386	1.4063635
11904000	1181.37	264	1432	31945.14	11.486462890625	14.72662979096032	146.45879	1.4567616
11936000	1248.86	363	1431	32029.67	9.257103515625	10.163901348645608	83.93122	1.163365
11968000	1172.84	258	1547	32116.26	9.26338671875	11.01497772921035	125.94408	1.4831854
12000000	1219.74	443	1487	32202.06	9.10778515625	12.193313997843244	141.58739	1.1515365
12032000	1153.24	258	1435	32286.07	8.383224609375	10.945839677704036	102.408844	1.1234909
12064000	1226.64	263	2018	32370.8	9.1700380859375	11.573415118278614	95.26312	0.89826596
12096000	1231.95	363	1800	32456.28	9.645109375	13.084418214043756	127.52191	1.4109873
12128000	1227.82	258	1438	32541.02	8.784708984375	12.088655580750078	86.45854	0.9802896
12160000	1080.67	258	1435	32626.73	8.875869140625	12.017034133886781	93.90301	1.063062
12192000	1160.08	363	1434	32712.98	10.0843984375	14.665590040976872	111.67293	1.1077356
12224000	1161.56	263	1817	32798.62	8.7536484375	11.93050318511336	97.47047	1.1016276
12256000	1203.07	258	1433	32883.43	7.9640048828125	10.44409447367267	91.221466	0.9563436
12288000	1285.19	445	1611	32968.05	7.41242041015625	10.057242415294562	87.33158	1.0126998
12320000	1264.93	379	1436	33053.83	6.68740966796875	8.780239710565994	88.17701	1.0175297
12352000	1143.22	257	1433	33139.51	6.9613115234375	9.84444322955849	92.26078	0.9289707
12384000	1333.03	379	1692	33222.8	6.82515087890625	8.863031542593086	102.95356	0.8572457
12416000	1185.99	258	1584	33308.47	6.91382568359375	9.3441270826921	93.28392	1.1063635
12448000	1049.54	258	1623	33393.09	6.86481982421875	10.853370732173484	106.400246	0.85423565
12480000	1046.13	445	1432	33477.01	6.9204140625	10.778085405117181	104.11703	0.6551515
12512000	1297.24	556	1624	33560.25	7.148447265625	10.082950492043487	90.49222	0.93088776
12544000	1281.17	363	1892	33643.26	7.8250791015625	12.668684940632158	114.12507	0.9421636
12576000	1265.77	259	1672	33726.28	6.986392578125	10.624512856479585	141.20238	0.87102664
12608000	1280.99	263	1433	33810.7	6.8919833984375	10.855696949067804	97.717125	0.75022376
12640000	1308.08	259	1621	33895.57	7.00803466796875	9.844132532249859	81.1001	0.7855015
12672000	1229.72	259	1483	33980.44	6.54724169921875	9.05402707362862	96.96117	0.8175802
12704000	1239.5	338	1622	34065.11	5.842662109375	8.070534756136052	77.69788	0.68083775
12736000	1040.88	379	1694	34150.32	6.279603515625	9.318312783170567	93.38942	0.7022772
12768000	1076.24	363	1624	34234.52	5.91287890625	8.119370646023004	83.944176	0.76431954
12800000	809.95	257	1692	34319.39	6.2355302734375	9.506317800547171	113.34939	0.78321403
12832000	805.51	363	1432	34404.43	7.2059384765625	10.039763132166017	106.58841	0.78344834
12864000	1025.57	257	1620	34489.22	7.64794091796875	9.810474711373553	96.86141	0.85807645
12896000	1174.8	378	1424	34573.48	8.2487548828125	10.719000361507597	105.198875	0.8665415
12928000	1178.48	363	1624	34657.34	7.78886962890625	10.47872621672119	94.90038	0.9052216
12960000	1044.19	444	1437	34740.52	8.1351220703125	11.502642359475495	109.95296	0.8829676
12992000	912.16	257	1432	34825.18	8.13757177734375	11.312864289714607	97.44164	0.85335124
13024000	1229.5	259	1548	34908.93	7.5687646484375	9.740196994927771	91.742355	0.85962665
13056000	1184.58	259	1436	34993.76	7.4447421875	9.512919258172015	87.61682	0.91125506
13088000	1180.19	552	1620	35078.28	7.80794677734375	9.783739699113013	63.03763	0.68690974
13120000	1087.87	259	1436	35163.06	8.193861328125	10.331344902770404	85.7301	0.7616489
13152000	1201.66	569	1436	35247.86	7.40656640625	9.93001526307991	99.30029	0.8085153
13184000	1270.07	453	1622	35332.79	8.6599619140625	11.449635638307448	111.80237	0.74337834
13216000	1229.42	257	1711	35417.39	8.56828515625	10.98488521219043	122.38867	0.7957902
13248000	1187.86	554	1624	35502.7	8.41268359375	11.3953711819756	128.20674	0.92452747
13280000	1264.11	447	1813	35587.24	7.4292294921875	9.756902204337194	107.199776	0.5123868
13312000	1317.02	745	1622	35671.6	7.480736328125	10.983175343451455	105.08108	0.7651808
13344000	1300.07	371	1755	35754.83	7.2640625	10.647772287549166	108.05803	0.74218273
13376000	1210.38	447	1611	35837.56	5.95751904296875	9.602515539560454	122.17857	0.7949694
13408000	1186.94	363	1611	35920.4	6.618580078125	10.508008850395969	127.39518	0.57032603
13440000	1277.71	554	1436	36003.46	7.1187001953125	11.247606689869627	108.97281	0.67882746
13472000	1271.93	258	1817	36086.22	6.25004443359375	10.147644431098284	84.70625	0.64980555
13504000	1040.78	259	1611	36168.74	7.2685361328125	11.896911363879282	128.11005	0.74697596
13536000	1253.95	258	1611	36251.09	6.526005859375	9.479798422171223	66.824486	0.6023389
13568000	1313.25	352	1625	36333.56	6.3383720703125	10.818512056886567	96.419586	0.7238961
13600000	1110.22	258	1705	36418.16	6.8602958984375	10.853665135565958	93.68219	0.67154896
13632000	1158.88	363	1436	36503.12	7.02900390625	12.055503152087846	106.29664	0.63084733
13664000	1165.36	442	1434	36587.8	7.2794150390625	13.104867893267754	114.91811	0.7728399
13696000	1253.59	442	1611	36671.28	7.28888818359375	12.675242847772187	118.43627	0.62206435
13728000	1319.21	447	3022	36755.05	6.21692431640625	11.245729050399534	155.13518	0.5985209
13760000	1197.03	258	1816	36839.61	6.2720185546875	10.672509955488445	82.21686	0.5081369
13792000	1174.44	636	1624	36924.36	6.22144482421875	10.483518687086889	114.25529	0.52335256
13824000	1213.88	379	1693	37009.24	6.43334130859375	12.052510112005715	119.598145	0.71717954
13856000	1153.46	258	1797	37095.71	7.1760361328125	12.006331662918528	85.336555	0.6454063
13888000	1296.05	363	1814	37180.74	7.983587890625	13.771193893413889	130.21011	0.6131748
13920000	1118.43	258	1682	37263.84	6.8978212890625	11.888590906831642	118.31453	0.6464995
13952000	1135.68	359	1785	37347.56	7.225474609375	11.172120714081101	110.33012	0.5990654
13984000	1276.01	258	1818	37431.95	6.859900390625	10.77156630323557	98.324066	0.6208582
14016000	1132.01	258	1818	37515.04	7.61971630859375	12.43586923982397	129.23106	0.68019545
14048000	1088.22	358	1815	37599.09	6.6847216796875	10.49610121068771	100.32572	0.591746
14080000	1185.44	258	1818	37685.1	7.770841796875	12.271760010283773	129.66066	0.7517928
14112000	1194.64	359	2127	37769.9	8.299044921875	13.14291455975424	118.04345	0.7252127
14144000	1255.02	259	1813	37853.65	7.9190615234375	12.310272641172494	106.15933	0.6748611
14176000	1243.32	376	2126	37937.44	7.3951015625	11.305013406670511	96.36225	0.7929873
14208000	1284.79	376	1818	38022.55	7.43413330078125	11.099496047118535	106.64835	0.5840844
14240000	1276.31	258	1818	38108.1	8.415283203125	12.533871608565327	115.46588	0.66334784
14272000	1284.95	258	1730	38192.56	8.1082841796875	13.11421461620939	145.11172	0.8795118
14304000	1335.82	240	2123	38277.13	8.372744140625	12.020351232389176	100.01099	0.84865415
14336000	1176.15	259	1818	38362.05	7.874974609375	12.00796155161233	153.41277	0.7328744
14368000	1370.26	363	2127	38446.15	6.9963740234375	10.556239638834464	114.524	0.6681913
14400000	1303.78	363	1897	38530.71	7.4808095703125	11.349328862316044	128.59293	0.6135837
14432000	1429.4	363	2127	38613.86	7.5305029296875	10.26627290573361	93.68979	0.85979927
14464000	1303.28	384	2205	38698.66	7.231634765625	9.166171672241362	90.76097	0.8931535
14496000	1261.48	366	2128	38783.84	7.0498232421875	9.191034609199336	71.663	0.6590911
14528000	1378.14	359	1873	38867.59	6.46602587890625	7.84658912760825	62.825905	0.6920922
14560000	1387.56	257	1938	38951.71	6.8010283203125	8.492630996929043	85.865425	0.9657699
14592000	1294.2	257	1921	39036.12	7.0640185546875	9.192472293947914	78.50501	0.8045223
14624000	1273.26	366	2013	39120.57	5.945259765625	8.42100192598838	99.3713	0.7224177
14656000	1324.98	454	2235	39205.34	5.504482421875	6.569671973831722	63.29866	0.809181
14688000	1315.46	363	1934	39290.83	5.8348857421875	7.926445057527365	94.08316	0.41432416
14720000	1140.07	263	1949	39375.3	5.67590625	7.845589176808202	100.26284	0.64775896
14752000	1246.98	457	1947	39459.87	5.580359375	6.6590991554789145	55.624943	0.5557131
14784000	1169.54	259	1985	39545.42	6.40964306640625	7.730662366511682	94.5099	0.64506644
14816000	1075.73	259	1718	39630.81	7.32015234375	10.73764369810714	109.61953	0.7984246
14848000	1141.17	363	2234	39715.28	7.7148994140625	9.30506624439074	88.694046	0.84386456
14880000	1284.87	257	2234	39798.32	7.8606796875	11.517789230143084	161.90027	0.6787333
14912000	1347.48	257	2001	39882.29	7.346744140625	10.30286140472636	103.58884	0.8081519
14944000	1342.24	363	2330	39966.19	7.851787109375	10.281813054490925	99.00961	0.7119935
14976000	1134.75	259	1801	40049.85	7.0491025390625	9.426862796683741	79.62144	0.7813728
15008000	1271.66	456	1952	40133.85	6.51335205078125	8.328508082183747	82.21884	0.6490264
15040000	1263.09	456	1729	40217.59	6.6202744140625	7.573804567388836	69.452995	0.56015646
15072000	1208.88	363	1944	40302.04	7.0347021484375	8.267833943966219	89.31352	0.7616516
15104000	1244.95	402	1818	40385.65	6.62233984375	7.875793114823421	81.14145	0.76232797
15136000	1412.72	441	1818	40469.52	6.450056640625	7.838510202040946	100.1871	0.6904976
15168000	1371.4	258	1815	40553.73	5.84844677734375	6.732735444267806	77.83	0.6921102
15200000	1297.94	258	1814	40636.98	5.8754560546875	6.934569200750685	94.80849	0.7007425
15232000	1305.98	363	2014	40719.84	5.92899951171875	7.628891937070547	82.55431	0.6353017
15264000	1324.05	370	2122	40803.53	6.3729326171875	8.03223632075775	94.49025	0.55358326
15296000	1197.69	430	1814	40886.76	6.35447412109375	7.089279979306784	55.947243	0.57233405
15328000	1058.65	430	1773	40970.93	6.2296689453125	6.917443700078086	68.61313	0.82469285
15360000	1162.09	359	1772	41053.97	6.00428173828125	6.616793266001289	71.46961	0.7348875
15392000	1109.78	259	1790	41137.4	6.2336181640625	7.394710155323872	76.67416	0.80425924
15424000	1246.39	259	2095	41220.65	6.46924365234375	7.1261262815957735	71.61934	0.5495674
15456000	1326.1	376	2095	41304.32	6.41850732421875	6.80610537036417	75.95408	0.78839046
15488000	1322.89	257	2115	41387.51	6.4582685546875	8.161776384464352	98.150345	0.5812853
15520000	1309.82	257	2115	41471.05	6.1408876953125	7.57883205464404	78.3003	0.7739315
15552000	1371.16	259	2018	41555.56	5.6844267578125	6.637369054734715	97.90712	0.81871235
15584000	1332.68	259	2018	41639.99	5.7225478515625	7.560756513901238	87.12966	0.6283131
15616000	1436.24	444	2018	41723.37	5.21765673828125	6.877951355145658	97.13607	0.4231255
15648000	1385.4	442	2012	41807.29	5.579591796875	7.900704576966538	86.56948	0.5972239
15680000	1285.27	442	2014	41890.65	5.6316103515625	8.165119219888954	94.94396	0.7589984
15712000	1290.45	442	2016	41975.11	5.52594482421875	7.011075780060432	80.82716	0.72131646
15744000	1287.42	552	2016	42059.79	5.4073291015625	6.40922034796355	80.12228	0.7615091
15776000	1197.45	371	2014	42143.39	4.4292109375	5.531693838124991	71.61411	0.6899389
15808000	1228.23	371	2128	42226.64	4.440408203125	5.566715397117047	70.184	0.7131432
15840000	1274.01	376	2128	42309.86	4.2925234375	5.766253861368749	66.16051	0.57363605
15872000	1375.84	636	1815	42393.03	4.35536474609375	6.309108618695671	74.956154	0.48167306
15904000	1305.76	358	2220	42476.64	4.27657080078125	5.8561949703924645	63.33555	0.5645648
15936000	1188.18	257	2109	42560.15	4.33461328125	5.999346969670949	63.551144	0.40880597
15968000	1255.11	257	2109	42643.11	4.06892529296875	5.686157293429808	58.218174	0.3970129
16000000	1302.49	364	2011	42726.32	4.889318359375	7.370705052350827	88.49645	0.5386269
16032000	1330.19	544	1830	42808.91	5.09870458984375	7.484863893218099	71.48476	0.57493216
16064000	1370.39	626	1830	42893.22	4.662673828125	6.684929412491953	80.1685	0.521286
16096000	1355.02	257	1816	42976.75	4.4319521484375	6.085158366365661	71.99578	0.45658946
16128000	1377.68	257	1816	43060.29	4.6134140625	5.456425398097183	42.13045	0.50023496
16160000	1367.3	458	1816	43143.23	4.821826171875	6.505899966568807	95.59813	0.44570234
16192000	1364.04	376	2006	43226.52	4.77653173828125	6.724363933674322	65.2672	0.63767236
16224000	1360.28	376	2006	43309.33	4.5272861328125	6.443222274704637	91.519684	0.46833283
16256000	1366.2	263	1818	43396.18	4.22872998046875	5.516931679498125	70.14344	0.54041123
16288000	1312.76	258	1818	43481.87	4.38143359375	5.625027951319442	64.21704	0.54042
16320000	1320.77	258	2008	43565.46	3.896565185546875	5.087494049443694	58.92331	0.49047005
16352000	1353.56	372	2008	43650.43	4.42180322265625	6.269823562110819	80.988365	0.4958518
16384000	1397.38	263	2013	43735.93	4.41948291015625	6.84279930611369	123.700714	0.51835996
16416000	1478.66	263	2013	43819.53	3.851001953125	4.8055359515094676	58.327522	0.44988748
16448000	1401.55	375	2012	43903.29	4.24469140625	5.601006466475467	74.57619	0.6184891
16480000	1432.7	375	1815	43986.88	4.020546875	5.263783802729269	67.537415	0.61259353
16512000	1434.19	363	1815	44070.69	3.99069580078125	5.251741898527573	55.12145	0.3060591
16544000	1294.49	257	2019	44154.23	4.26116015625	6.216020129471912	80.67722	0.6257129
16576000	1303.51	257	2019	44238.29	4.65446875	6.158431720007944	60.645405	0.35968605
16608000	1288.19	257	2018	44321.64	4.5568349609375	6.310358238147023	95.19009	0.67045057
16640000	1368.67	257	2015	44406.17	4.91442236328125	7.11875987707831	112.320404	0.6318315
16672000	1304.93	257	1816	44490.47	4.6151435546875	6.543778056291335	63.26902	0.6104555
16704000	1331.63	363	2014	44574.66	4.5057783203125	6.025317030040826	82.45351	0.3722117
16736000	1151.78	366	1817	44659.52	4.67256005859375	7.472486251660152	92.60327	0.7047638
16768000	1164.65	366	1817	44742.66	5.54237255859375	7.812458999892415	91.658905	0.6744086
16800000	1194.48	379	1817	44825.86	5.03295751953125	7.04412487911025	73.30371	0.668274
16832000	1140.37	371	2124	44909.11	5.4265146484375	7.932362510626957	78.708115	0.6733874
16864000	1363.43	263	2265	44992.4	5.07345947265625	7.2289133000749155	68.40196	0.40486696
16896000	1398.66	263	2128	45077.5	5.299470703125	7.366428811676659	71.05207	0.5992147
16928000	1393.04	379	2235	45162.14	5.1103037109375	7.439461926107291	76.948524	0.56136096
16960000	1468.43	257	2235	45246.01	4.843537109375	6.604618116799032	65.932915	0.5914777
16992000	1438.56	362	2127	45330.19	5.06081201171875	7.336965483086315	78.954185	0.59030265
17024000	1383.69	369	2305	45413.48	4.98567138671875	6.572805895791386	85.86023	0.556089
17056000	1060.9	257	2115	45497.21	5.638216796875	8.634147323274025	76.75922	0.4860541
17088000	924.03	362	1769	45581.12	5.95649853515625	9.975390029968752	129.36798	0.5130678
17120000	1159.78	257	2126	45664.43	6.71684326171875	9.763419450940331	107.23741	0.7587229
17152000	1334.67	257	2121	45748.46	6.009068359375	8.194927928298089	71.51775	0.73718774
17184000	1294.46	263	2329	45831.5	6.78203515625	8.863314490076498	86.132904	0.78833014
17216000	1246.0	263	2329	45914.92	6.5154072265625	9.829854875581836	153.5435	0.63227904
17248000	1285.72	442	2176	45998.63	6.43067431640625	9.261240636383443	98.99899	0.70830804
17280000	946.91	256	1715	46082.37	6.64450439453125	9.004869342472437	110.57039	0.8495569
17312000	1250.85	264	1794	46166.2	7.635912109375	10.61440942775433	100.25351	0.94362646
17344000	1371.11	322	1941	46250.82	8.1666962890625	11.682010743018516	103.73494	0.693761
17376000	1384.71	409	2006	46335.45	7.50575830078125	12.536044905591236	191.35696	0.66506827
17408000	1403.21	409	2307	46420.0	6.1542568359375	8.4611788111941	110.97943	0.8334058
17440000	1374.02	359	2124	46504.19	6.775541015625	9.10749648298038	74.782585	0.87017465
17472000	1435.39	457	2020	46588.54	6.47245263671875	9.619651923276642	72.99092	0.7129083
17504000	1427.79	648	2126	46673.14	6.7917177734375	9.19780459539123	93.90112	0.77449936
17536000	1406.47	363	2126	46756.18	6.08727978515625	9.051623645788638	118.71567	0.7996585
17568000	1467.16	363	2126	46840.21	5.8576005859375	8.786140542069651	91.2381	0.77844715
17600000	1476.66	381	2101	46923.54	5.979220703125	8.765521946809557	91.39708	0.68460697
17632000	1301.46	263	2101	47008.65	5.425783203125	7.950154528765463	83.984245	0.6296179
17664000	1250.78	263	1945	47092.79	4.8784423828125	7.41795067302958	120.728355	0.58276653
17696000	1328.23	263	1934	47177.26	5.794158203125	9.93917517327268	115.89077	0.5231815
17728000	1362.89	379	2740	47261.91	4.7044775390625	7.313124172079262	80.05941	0.4814985
17760000	1355.28	367	2740	47344.75	4.50848583984375	6.329938166167186	57.149628	0.45095235
17792000	1364.54	367	2347	47428.58	4.1968466796875	6.410674996149002	69.9654	0.42360112
17824000	1351.16	441	2116	47512.24	4.9278037109375	7.266413263691379	86.9703	0.63274217
17856000	1308.48	240	2116	47595.45	4.4238310546875	6.615477826657724	73.076614	0.45819104
17888000	1295.28	240	1922	47679.07	4.51034228515625	6.930158277413295	82.398705	0.54558
17920000	1225.15	240	2111	47762.88	4.36064208984375	6.948626213144581	77.518005	0.36302036
17952000	1219.44	263	2130	47845.95	4.069130859375	6.380415591871739	61.062836	0.43848428
17984000	1341.41	385	2130	47930.01	4.434060546875	8.034291739164068	127.025154	0.46698233
18016000	1292.97	263	2130	48014.74	4.0225419921875	6.490614016601203	87.53929	0.4252663
18048000	1235.52	263	2019	48099.95	4.62137646484375	7.867654560366133	126.13065	0.5436803
18080000	1273.62	263	2123	48186.16	4.08141748046875	6.068178397385825	72.46697	0.47094956
18112000	1381.15	263	2126	48270.47	4.667732421875	7.520754096997189	89.65165	0.48285663
18144000	1420.08	263	2126	48354.76	4.94142578125	8.324939001278027	98.9558	0.54103994
18176000	1410.56	363	2128	48440.15	4.733228515625	7.864983957787199	97.91681	0.41840076
18208000	1282.24	241	2328	48525.2	4.96712890625	7.278924521349291	80.13354	0.5869648
18240000	1218.38	241	2411	48611.12	5.2657236328125	8.099605989645422	92.09458	0.5758977
18272000	1230.58	263	2323	48695.66	4.91440966796875	7.35593935197946	121.276306	0.61250055
18304000	1372.29	263	2414	48779.41	5.08622705078125	6.656184858836179	63.182533	0.48286164
18336000	1189.41	263	2223	48863.55	4.972498046875	7.534042013587395	102.51853	0.57664376
18368000	1146.61	263	2223	48947.4	5.3639140625	7.237767428133485	73.72696	0.66460335
18400000	1081.16	364	1947	49030.83	5.911919921875	8.107207441530036	81.20934	0.5734812
18432000	1105.63	257	2421	49114.71	5.6848837890625	8.183411192772853	95.85074	0.6523248
18464000	1127.55	257	2014	49197.92	5.983482421875	7.516963108529933	102.659164	0.75206304
18496000	1148.69	263	2116	49282.22	5.603451171875	7.612268572015835	85.106575	0.8853874
18528000	1140.13	267	2418	49365.57	6.70993359375	8.724643617363405	82.9011	0.87884134
18560000	1344.34	263	2742	49448.63	6.8548916015625	8.625506325717929	76.80731	0.5178568
18592000	1409.26	263	2742	49531.4	6.51377880859375	9.567532580947923	160.29552	0.7519674
18624000	1377.61	263	2321	49614.93	6.4219482421875	7.63687855491365	79.07358	0.72412777
18656000	1007.84	358	1939	49698.91	6.5802607421875	8.413288874601895	84.41685	0.74773353
18688000	1042.08	358	1939	49783.37	6.412748046875	7.354662371159535	79.848694	0.912476
18720000	1166.76	358	1953	49867.67	6.9618701171875	8.185950235006318	70.15952	0.7801924
18752000	1255.77	263	1953	49951.44	7.4071806640625	10.120033504144143	161.66066	1.0222458
18784000	1080.07	263	2018	50035.44	6.9940068359375	8.910363523728984	103.44791	0.74777496
18816000	1224.93	263	2021	50119.17	7.56773486328125	9.10538431025841	96.08693	0.9052629
18848000	1330.18	263	2021	50203.26	6.652470703125	8.573595001514825	79.36761	0.7593658
18880000	1358.56	263	2318	50287.06	6.53457568359375	8.066315715290965	116.64012	0.5196352
18912000	1371.22	359	2318	50370.75	6.3474599609375	8.264941961381217	108.44026	0.8496163
18944000	1332.08	263	2317	50455.04	6.55440771484375	8.83319378820594	124.63425	0.9025568
18976000	1300.42	263	1905	50539.15	7.3611923828125	9.706563501054326	80.74522	0.6793835
19008000	1388.42	263	2315	50623.84	6.213171875	6.723996498084305	61.47697	0.91719705
19040000	1414.71	263	2315	50707.17	5.9238642578125	8.162067369851831	95.82334	0.8551164
19072000	1379.73	263	2120	50791.27	5.4094013671875	7.0749077953355695	63.052658	0.61173975
19104000	1172.92	263	2018	50875.37	5.27814453125	6.57850429429061	81.61218	0.46103552
19136000	1157.35	453	2326	50960.28	5.6236328125	6.712973970696594	76.13334	0.8559314
19168000	1212.98	263	2327	51044.29	6.1082783203125	9.423439857610383	119.460365	0.5952378
19200000	1292.2	257	2327	51128.13	5.5456767578125	7.267393198819643	78.774994	0.76663226
19232000	1306.68	257	2327	51212.23	5.9328974609375	8.780429232104773	128.1033	0.78028727
19264000	1281.22	257	2327	51295.64	6.004384765625	8.196513168719978	98.29559	0.6473155
19296000	1350.78	263	2108	51380.11	5.123810546875	6.594305367606963	67.88254	0.49194932
19328000	1388.77	263	2505	51464.07	5.785224609375	8.25928502126546	77.46508	0.6317959
19360000	1398.61	263	2505	51549.01	5.1950224609375	6.8454752391634575	66.04199	0.5514734
19392000	1243.49	263	2327	51633.61	5.33484130859375	7.484102421967513	88.17	0.7316245
19424000	1253.62	263	2327	51717.92	5.6191533203125	7.465478362938305	61.584724	0.6948751
19456000	1276.13	263	2311	51801.92	5.54088818359375	9.033673982660654	135.44238	0.5507255
19488000	1349.47	358	2327	51886.66	4.6438984375	6.643560086655347	90.456535	0.5259301
19520000	1352.22	394	2327	51970.88	5.202876953125	7.4192946830376	70.528786	0.49089462
19552000	1413.11	394	2327	52054.75	4.855044921875	6.975569533199422	76.872826	0.48256677
19584000	1380.43	366	2327	52139.74	4.7626259765625	7.192967485676548	80.92427	0.49874842
19616000	1424.72	366	2114	52224.69	4.45488916015625	6.535063479990075	92.88065	0.50964
19648000	1397.58	442	2127	52307.49	4.9704150390625	7.264200801275389	86.020775	0.5363896
19680000	1354.47	448	2127	52390.53	4.6463681640625	6.844018544959533	80.34755	0.35950962
19712000	1328.25	379	1954	52474.29	4.25234228515625	5.576902352000616	61.206165	0.6389715
19744000	1279.54	379	2324	52558.35	4.272796875	6.11472991022498	95.94416	0.5127138
19776000	1271.59	440	2324	52641.3	4.6184287109375	6.4195821636809045	77.3096	0.55932903
19808000	1303.76	257	2309	52724.87	4.6874560546875	6.964828212615872	101.766945	0.5649006
19840000	1176.0	263	2127	52808.37	4.62769482421875	6.731286269633019	86.09048	0.38642842
19872000	1244.11	263	2122	52892.11	4.56688134765625	7.134711583168587	106.553444	0.4806258
19904000	1333.78	263	2124	52975.91	4.88410595703125	8.313143772063611	103.30333	0.57830364
19936000	1319.2	359	2124	53054.73	4.603787109375	7.3246797604912395	89.54169	0.60328954
19968000	1308.29	263	2124	53125.64	4.259833984375	6.9084866287776805	104.039215	0.43054575
20000000	1271.67	240	2124	53197.18	5.97755712890625	10.328608630885382	125.086754	0.7328254
